{"GameObjects":[{"UID":4190887727,"ParentUID":0,"Name":"Enemy","Static":0,"ActiveInHierarchy":1,"ActiveSelf":1,"isBoneRoot":0,"baseState":[1.0,0.0,0.0,0.0,0.0,1.0,0.0,0.0,0.0,0.0,1.0,0.0,0.0,0.0,0.0,1.0],"Components":[{"Type":0,"Enabled":1,"Position":[0.0,-170.0,0.0],"Rotation":[0.0,0.0,0.0,1.0],"Euler":[-0.0,0.0,-0.0],"Scale":[1.0,1.0,1.0],"Global":[1.0,0.0,0.0,0.0,0.0,1.0,0.0,-170.0,0.0,0.0,1.0,0.0,0.0,0.0,0.0,1.0]},{"Type":9,"Enabled":1,"script":"BasicEnemyAIScript","scriptInfo":{"playerName":"Player","playerBboxName":"PlayerMesh","myBboxName":"EnemyMesh","activationDistance":300.0,"standupSpeed":100.0,"yTranslation":170.0,"chaseSpeed":200.0,"returnSpeed":100.0,"returnDistance":600.0,"cooldownTime":1.0}}]},{"UID":584867931,"ParentUID":4190887727,"Name":"EnemyMesh","Static":0,"ActiveInHierarchy":1,"ActiveSelf":1,"isBoneRoot":0,"baseState":[1.0,0.0,0.0,0.0,0.0,1.0,0.0,0.0,0.0,0.0,1.0,0.0,0.0,0.0,0.0,1.0],"Components":[{"Type":0,"Enabled":1,"Position":[0.0,0.0,0.0],"Rotation":[0.0,0.0,0.0,1.0],"Euler":[-0.0,0.0,-0.0],"Scale":[0.699999988079071,0.9100000262260437,0.20999999344348908],"Global":[0.699999988079071,0.0,0.0,0.0,0.0,0.9100000262260437,0.0,-170.0,0.0,0.0,0.20999999344348908,0.0,0.0,0.0,0.0,1.0]},{"Type":1,"Enabled":1,"meshUID":293249619,"materialFile":"Bunny","castShadows":0,"useAlpha":0}]},{"UID":3346577918,"ParentUID":0,"Name":"Camera","Static":0,"ActiveInHierarchy":1,"ActiveSelf":1,"isBoneRoot":0,"baseState":[1.0,0.0,0.0,0.0,0.0,1.0,0.0,0.0,0.0,0.0,1.0,0.0,0.0,0.0,0.0,1.0],"Components":[{"Type":0,"Enabled":1,"Position":[0.0,408.98712158203127,-930.2715454101563],"Rotation":[0.19215306639671327,0.0,0.0,0.9813649654388428],"Euler":[22.156923294067384,0.0,-0.0],"Scale":[1.0,0.9999998211860657,0.9999998211860657],"Global":[1.0,0.0,0.0,0.0,0.0,0.9261541962623596,-0.3771445155143738,408.98712158203127,0.0,0.3771445155143738,0.9261541962623596,-930.2715454101563,0.0,0.0,0.0,1.0]},{"Type":2,"Enabled":1,"MovementSpeed":5.0,"RotationSpeed":200.0,"ZoomSpeed":0.4000000059604645,"Znear":10.0,"Zfar":100000.0,"vFOV":1.0471975803375245,"hFOV":1.9383376836776734,"Position":[0.0,408.98712158203127,-930.2715454101563],"Front":[0.0,-0.37714460492134097,0.9261544346809387],"Up":[0.0,0.9261544346809387,0.37714460492134097]}]},{"UID":3389013931,"ParentUID":0,"Name":"Floor","Static":0,"ActiveInHierarchy":1,"ActiveSelf":1,"isBoneRoot":0,"baseState":[1.0,0.0,0.0,0.0,0.0,1.0,0.0,0.0,0.0,0.0,1.0,0.0,0.0,0.0,0.0,1.0],"Components":[{"Type":0,"Enabled":1,"Position":[-1238.8619384765626,0.0,530.8505249023438],"Rotation":[0.0,0.0,0.0,1.0],"Euler":[-0.0,0.0,-0.0],"Scale":[1.0,1.0,1.0],"Global":[1.0,0.0,0.0,-1238.8619384765626,0.0,1.0,0.0,0.0,0.0,0.0,1.0,530.8505249023438,0.0,0.0,0.0,1.0]},{"Type":1,"Enabled":1,"meshUID":1939857303,"materialFile":"Floor","castShadows":0,"useAlpha":0}]},{"UID":250908537,"ParentUID":0,"Name":"Directional","Static":0,"ActiveInHierarchy":1,"ActiveSelf":1,"isBoneRoot":0,"baseState":[1.0,0.0,0.0,0.0,0.0,1.0,0.0,0.0,0.0,0.0,1.0,0.0,0.0,0.0,0.0,1.0],"Components":[{"Type":0,"Enabled":1,"Position":[0.0,994.937744140625,0.0],"Rotation":[0.006552106700837612,0.7638856768608093,-0.6438368558883667,0.04370477423071861],"Euler":[99.63745880126953,3.3441858291625978,-176.19271850585938],"Scale":[1.0000280141830445,1.0000091791152955,1.000017762184143],"Global":[-0.9961223602294922,0.06628821790218353,0.05833496153354645,0.0,-0.04626866430044174,0.17086394131183625,-0.9842256903648377,994.937744140625,-0.07520999014377594,-0.9830717444419861,-0.16713140904903413,0.0,0.0,0.0,0.0,1.0]},{"Type":3,"Enabled":1,"Lighttype":0,"color":[1.0,1.0,1.0],"intensity":1.0,"produceShadows":0}]},{"UID":4151682195,"ParentUID":0,"Name":"Player","Static":0,"ActiveInHierarchy":1,"ActiveSelf":1,"isBoneRoot":1,"baseState":[1.0,0.0,0.0,0.0,0.0,1.0,0.0,0.0,0.0,0.0,1.0,0.0,0.0,0.0,0.0,1.0],"Components":[{"Type":0,"Enabled":1,"Position":[0.0,0.0,0.0],"Rotation":[0.0,0.0,0.0,1.0],"Euler":[-0.0,0.0,-0.0],"Scale":[1.0,1.0,1.0],"Global":[1.0,0.0,0.0,0.0,0.0,1.0,0.0,0.0,0.0,0.0,1.0,0.0,0.0,0.0,0.0,1.0]},{"Type":4,"Enabled":1,"animUID":1064741087,"stateMachineUID":3876611341}]},{"UID":568626528,"ParentUID":4151682195,"Name":"Ctrl_Grp","Static":0,"ActiveInHierarchy":1,"ActiveSelf":1,"isBoneRoot":0,"baseState":[1.0,0.0,0.0,0.0,0.0,1.0,0.0,0.0,0.0,0.0,1.0,0.0,0.0,0.0,0.0,1.0],"Components":[{"Type":0,"Enabled":1,"Position":[0.0,0.0,0.0],"Rotation":[0.0,0.0,0.0,1.0],"Euler":[-0.0,0.0,-0.0],"Scale":[1.0,1.0,1.0],"Global":[1.0,0.0,0.0,0.0,0.0,1.0,0.0,0.0,0.0,0.0,1.0,0.0,0.0,0.0,0.0,1.0]}]},{"UID":3054928543,"ParentUID":568626528,"Name":"Root_$AssimpFbx$_PreRotation","Static":0,"ActiveInHierarchy":1,"ActiveSelf":1,"isBoneRoot":0,"baseState":[1.0,0.0,0.0,0.0,0.0,1.0,0.0,0.0,0.0,0.0,1.0,0.0,0.0,0.0,0.0,1.0],"Components":[{"Type":0,"Enabled":1,"Position":[0.0,0.0,0.0],"Rotation":[0.0,0.0,0.7071068286895752,0.7071068286895752],"Euler":[-0.0,0.0,90.00000762939453],"Scale":[1.0,1.0,1.0],"Global":[-1.1920928955078126e-7,-1.0000001192092896,0.0,0.0,1.0000001192092896,-1.1920928955078126e-7,0.0,0.0,0.0,0.0,1.0,0.0,0.0,0.0,0.0,1.0]}]},{"UID":1896900328,"ParentUID":3054928543,"Name":"Root","Static":0,"ActiveInHierarchy":1,"ActiveSelf":1,"isBoneRoot":0,"baseState":[1.0,0.0,0.0,0.0,0.0,1.0,0.0,0.0,0.0,0.0,1.0,0.0,0.0,0.0,0.0,1.0],"Components":[{"Type":0,"Enabled":1,"Position":[0.0,0.0,0.0],"Rotation":[0.0,0.0,0.0,1.0],"Euler":[-0.0,0.0,-0.0],"Scale":[1.0,1.0,1.0],"Global":[-1.1920928955078126e-7,-1.0000001192092896,0.0,0.0,1.0000001192092896,-1.1920928955078126e-7,0.0,0.0,0.0,0.0,1.0,0.0,0.0,0.0,0.0,1.0]}]},{"UID":3639058646,"ParentUID":1896900328,"Name":"Hips_$AssimpFbx$_Translation","Static":0,"ActiveInHierarchy":1,"ActiveSelf":1,"isBoneRoot":0,"baseState":[1.0,0.0,0.0,0.0,0.0,1.0,0.0,0.0,0.0,0.0,1.0,0.0,0.0,0.0,0.0,1.0],"Components":[{"Type":0,"Enabled":1,"Position":[29.099836349487306,0.2726428508758545,0.0208236463367939],"Rotation":[0.0,0.0,0.0,1.0],"Euler":[-0.0,0.0,-0.0],"Scale":[1.0,1.0,1.0],"Global":[-1.1920928955078126e-7,-1.0000001192092896,0.0,-0.27264633774757388,1.0000001192092896,-1.1920928955078126e-7,0.0,29.09984016418457,0.0,0.0,1.0,0.0208236463367939,0.0,0.0,0.0,1.0]}]},{"UID":2966710247,"ParentUID":3639058646,"Name":"Hips_$AssimpFbx$_PreRotation","Static":0,"ActiveInHierarchy":1,"ActiveSelf":1,"isBoneRoot":0,"baseState":[1.0,0.0,0.0,0.0,0.0,1.0,0.0,0.0,0.0,0.0,1.0,0.0,0.0,0.0,0.0,1.0],"Components":[{"Type":0,"Enabled":1,"Position":[0.0,0.0,0.0],"Rotation":[-0.5,0.5,-0.5,0.5],"Euler":[-90.0,90.0,0.0],"Scale":[1.0,1.0,1.0],"Global":[1.0000001192092896,-0.0,-1.1920928955078126e-7,-0.27264633774757388,1.1920928955078126e-7,0.0,1.0000001192092896,29.09984016418457,0.0,-1.0,0.0,0.0208236463367939,0.0,0.0,0.0,1.0]}]},{"UID":1671246936,"ParentUID":2966710247,"Name":"Hips_$AssimpFbx$_Rotation","Static":0,"ActiveInHierarchy":1,"ActiveSelf":1,"isBoneRoot":0,"baseState":[1.0,0.0,0.0,0.0,0.0,1.0,0.0,0.0,0.0,0.0,1.0,0.0,0.0,0.0,0.0,1.0],"Components":[{"Type":0,"Enabled":1,"Position":[0.0,0.0,0.0],"Rotation":[-0.017559213563799859,-0.041035160422325137,-0.010639498941600323,0.9989467263221741],"Euler":[-2.0673911571502687,-4.681128025054932,-1.3049461841583253],"Scale":[0.9999999403953552,1.0,1.0],"Global":[0.9964058995246887,0.022697679698467256,-0.08161036670207977,-0.27264633774757388,0.08235763758420944,-0.034208253026008609,0.996015727519989,29.09984016418457,0.019815493375062944,-0.9991569519042969,-0.03595462441444397,0.0208236463367939,0.0,0.0,0.0,1.0]}]},{"UID":1344847478,"ParentUID":1671246936,"Name":"Hips","Static":0,"ActiveInHierarchy":1,"ActiveSelf":1,"isBoneRoot":0,"baseState":[1.0,0.0,0.0,0.0,0.0,1.0,0.0,0.0,0.0,0.0,1.0,0.0,0.0,0.0,0.0,1.0],"Components":[{"Type":0,"Enabled":1,"Position":[0.0,0.0,0.0],"Rotation":[0.0,0.0,0.0,1.0],"Euler":[-0.0,0.0,-0.0],"Scale":[1.0,1.0,1.0],"Global":[0.9964058995246887,0.022697679698467256,-0.08161036670207977,-0.27264633774757388,0.08235763758420944,-0.034208253026008609,0.996015727519989,29.09984016418457,0.019815493375062944,-0.9991569519042969,-0.03595462441444397,0.0208236463367939,0.0,0.0,0.0,1.0]}]},{"UID":1593223826,"ParentUID":1344847478,"Name":"RightLeg_$AssimpFbx$_Translation","Static":0,"ActiveInHierarchy":1,"ActiveSelf":1,"isBoneRoot":0,"baseState":[1.0,0.0,0.0,0.0,0.0,1.0,0.0,0.0,0.0,0.0,1.0,0.0,0.0,0.0,0.0,1.0],"Components":[{"Type":0,"Enabled":1,"Position":[-15.488300323486329,-12.964300155639649,0.019738737493753434],"Rotation":[0.0,0.0,0.0,1.0],"Euler":[-0.0,0.0,-0.0],"Scale":[1.0,1.0,1.0],"Global":[0.9964058995246887,0.022697679698467256,-0.08161036670207977,-16.001150131225587,0.08235763758420944,-0.034208253026008609,0.996015727519989,28.28740692138672,0.019815493375062944,-0.9991569519042969,-0.03595462441444397,12.666576385498047,0.0,0.0,0.0,1.0]}]},{"UID":3643359832,"ParentUID":1593223826,"Name":"RightLeg_$AssimpFbx$_PreRotation","Static":0,"ActiveInHierarchy":1,"ActiveSelf":1,"isBoneRoot":0,"baseState":[1.0,0.0,0.0,0.0,0.0,1.0,0.0,0.0,0.0,0.0,1.0,0.0,0.0,0.0,0.0,1.0],"Components":[{"Type":0,"Enabled":1,"Position":[0.0,0.0,0.0],"Rotation":[0.0,0.009899534285068512,0.0,0.9999510049819946],"Euler":[-0.0,1.134421467781067,-0.0],"Scale":[1.0,1.0,1.0],"Global":[0.997826337814331,0.022697679698467256,-0.06186743080615997,-16.001150131225587,0.06262227892875672,-0.034208253026008609,0.9974510669708252,28.28740692138672,0.020523443818092347,-0.9991569519042969,-0.035555265843868259,12.666576385498047,0.0,0.0,0.0,1.0]}]},{"UID":4081932562,"ParentUID":3643359832,"Name":"RightLeg","Static":0,"ActiveInHierarchy":1,"ActiveSelf":1,"isBoneRoot":0,"baseState":[1.0,0.0,0.0,0.0,0.0,1.0,0.0,0.0,0.0,0.0,1.0,0.0,0.0,0.0,0.0,1.0],"Components":[{"Type":0,"Enabled":1,"Position":[0.0,0.0,0.0],"Rotation":[0.0,0.0,0.0,1.0],"Euler":[-0.0,0.0,-0.0],"Scale":[1.0,1.0,1.0],"Global":[0.997826337814331,0.022697679698467256,-0.06186743080615997,-16.001150131225587,0.06262227892875672,-0.034208253026008609,0.9974510669708252,28.28740692138672,0.020523443818092347,-0.9991569519042969,-0.035555265843868259,12.666576385498047,0.0,0.0,0.0,1.0]}]},{"UID":3900901066,"ParentUID":4081932562,"Name":"RightFoot_$AssimpFbx$_Translation","Static":0,"ActiveInHierarchy":1,"ActiveSelf":1,"isBoneRoot":0,"baseState":[1.0,0.0,0.0,0.0,0.0,1.0,0.0,0.0,0.0,0.0,1.0,0.0,0.0,0.0,0.0,1.0],"Components":[{"Type":0,"Enabled":1,"Position":[-0.9827580451965332,9.173906326293946,-24.03310775756836],"Rotation":[0.0,0.0,0.0,1.0],"Euler":[-0.0,0.0,-0.0],"Scale":[1.0,1.0,1.0],"Global":[0.997826337814331,0.022697679698467256,-0.06186743080615997,-15.2866792678833,0.06262227892875672,-0.034208253026008609,0.9974510669708252,3.9401912689208986,0.020523443818092347,-0.9991569519042969,-0.035555265843868259,4.334738731384277,0.0,0.0,0.0,1.0]}]},{"UID":1794504919,"ParentUID":3900901066,"Name":"RightFoot_$AssimpFbx$_PreRotation","Static":0,"ActiveInHierarchy":1,"ActiveSelf":1,"isBoneRoot":0,"baseState":[1.0,0.0,0.0,0.0,0.0,1.0,0.0,0.0,0.0,0.0,1.0,0.0,0.0,0.0,0.0,1.0],"Components":[{"Type":0,"Enabled":1,"Position":[0.0,0.0,0.0],"Rotation":[-0.5085271000862122,-0.008523808792233467,-0.0050344280898571018,0.8609890937805176],"Euler":[-61.13960266113281,-0.5476142168045044,-0.9935093522071838],"Scale":[1.0,1.0,1.0],"Global":[0.9964058995246887,0.08242826163768769,-0.01951969414949417,-15.2866792678833,0.08235764503479004,-0.8887831568717957,0.4508680999279022,3.9401912689208986,0.019815495237708093,-0.45085516571998598,-0.8923771977424622,4.334738731384277,0.0,0.0,0.0,1.0]}]},{"UID":2942557867,"ParentUID":1794504919,"Name":"RightFoot_$AssimpFbx$_Rotation","Static":0,"ActiveInHierarchy":1,"ActiveSelf":1,"isBoneRoot":0,"baseState":[1.0,0.0,0.0,0.0,0.0,1.0,0.0,0.0,0.0,0.0,1.0,0.0,0.0,0.0,0.0,1.0],"Components":[{"Type":0,"Enabled":1,"Position":[0.0,0.0,0.0],"Rotation":[0.0,0.0,0.0,1.0],"Euler":[-0.0,0.0,-0.0],"Scale":[1.0,1.0,1.0],"Global":[0.9964058995246887,0.08242826163768769,-0.01951969414949417,-15.2866792678833,0.08235764503479004,-0.8887831568717957,0.4508680999279022,3.9401912689208986,0.019815495237708093,-0.45085516571998598,-0.8923771977424622,4.334738731384277,0.0,0.0,0.0,1.0]}]},{"UID":178959546,"ParentUID":2942557867,"Name":"RightFoot","Static":0,"ActiveInHierarchy":1,"ActiveSelf":1,"isBoneRoot":0,"baseState":[1.0,0.0,0.0,0.0,0.0,1.0,0.0,0.0,0.0,0.0,1.0,0.0,0.0,0.0,0.0,1.0],"Components":[{"Type":0,"Enabled":1,"Position":[0.0,0.0,0.0],"Rotation":[0.0,0.0,0.0,1.0],"Euler":[-0.0,0.0,-0.0],"Scale":[1.0,1.0,1.0],"Global":[0.9964058995246887,0.08242826163768769,-0.01951969414949417,-15.2866792678833,0.08235764503479004,-0.8887831568717957,0.4508680999279022,3.9401912689208986,0.019815495237708093,-0.45085516571998598,-0.8923771977424622,4.334738731384277,0.0,0.0,0.0,1.0]}]},{"UID":2630719189,"ParentUID":178959546,"Name":"RightFootEnd","Static":0,"ActiveInHierarchy":1,"ActiveSelf":1,"isBoneRoot":0,"baseState":[1.0,0.0,0.0,0.0,0.0,1.0,0.0,0.0,0.0,0.0,1.0,0.0,0.0,0.0,0.0,1.0],"Components":[{"Type":0,"Enabled":1,"Position":[9.414691248821328e-14,-0.000034134402085328478,-5.998554229736328],"Rotation":[0.0,0.0,0.0,1.0],"Euler":[-0.0,0.0,-0.0],"Scale":[1.0,1.0,1.0],"Global":[0.9964058995246887,0.08242826163768769,-0.01951969414949417,-15.169591903686524,0.08235764503479004,-0.8887831568717957,0.4508680999279022,1.2356648445129395,0.019815495237708093,-0.45085516571998598,-0.8923771977424622,9.687726974487305,0.0,0.0,0.0,1.0]}]},{"UID":491230042,"ParentUID":1344847478,"Name":"LeftLeg_$AssimpFbx$_Translation","Static":0,"ActiveInHierarchy":1,"ActiveSelf":1,"isBoneRoot":0,"baseState":[1.0,0.0,0.0,0.0,0.0,1.0,0.0,0.0,0.0,0.0,1.0,0.0,0.0,0.0,0.0,1.0],"Components":[{"Type":0,"Enabled":1,"Position":[15.48828125,-12.964345932006836,0.01975155808031559],"Rotation":[0.0,0.0,0.0,1.0],"Euler":[-0.0,0.0,-0.0],"Scale":[1.0,1.0,1.0],"Global":[0.9964058995246887,0.022697679698467256,-0.08161036670207977,14.864096641540528,0.08235763758420944,-0.034208253026008609,0.996015727519989,30.838579177856447,0.019815493375062944,-0.9991569519042969,-0.03595462441444397,13.280437469482422,0.0,0.0,0.0,1.0]}]},{"UID":2081350874,"ParentUID":491230042,"Name":"LeftLeg_$AssimpFbx$_PreRotation","Static":0,"ActiveInHierarchy":1,"ActiveSelf":1,"isBoneRoot":0,"baseState":[1.0,0.0,0.0,0.0,0.0,1.0,0.0,0.0,0.0,0.0,1.0,0.0,0.0,0.0,0.0,1.0],"Components":[{"Type":0,"Enabled":1,"Position":[0.0,0.0,0.0],"Rotation":[0.9999510049819946,4.3272238570146728e-10,0.009899534285068512,-4.370924600038961e-8],"Euler":[-179.99998474121095,1.134421467781067,-9.91872397548832e-8],"Scale":[1.0,1.0,1.0],"Global":[0.994594931602478,-0.02269767038524151,0.10132130980491638,14.864096641540528,0.1020607203245163,0.03420816734433174,-0.994189977645874,30.838579177856447,0.019099775701761247,0.9991569519042969,0.03633979707956314,13.280437469482422,0.0,0.0,0.0,1.0]}]},{"UID":4122294603,"ParentUID":2081350874,"Name":"LeftLeg","Static":0,"ActiveInHierarchy":1,"ActiveSelf":1,"isBoneRoot":0,"baseState":[1.0,0.0,0.0,0.0,0.0,1.0,0.0,0.0,0.0,0.0,1.0,0.0,0.0,0.0,0.0,1.0],"Components":[{"Type":0,"Enabled":1,"Position":[0.0,0.0,0.0],"Rotation":[0.0,0.0,0.0,1.0],"Euler":[-0.0,0.0,-0.0],"Scale":[1.0,1.0,1.0],"Global":[0.994594931602478,-0.02269767038524151,0.10132130980491638,14.864096641540528,0.1020607203245163,0.03420816734433174,-0.994189977645874,30.838579177856447,0.019099775701761247,0.9991569519042969,0.03633979707956314,13.280437469482422,0.0,0.0,0.0,1.0]}]},{"UID":2911654002,"ParentUID":4122294603,"Name":"LeftFoot_$AssimpFbx$_Translation","Static":0,"ActiveInHierarchy":1,"ActiveSelf":1,"isBoneRoot":0,"baseState":[1.0,0.0,0.0,0.0,0.0,1.0,0.0,0.0,0.0,0.0,1.0,0.0,0.0,0.0,0.0,1.0],"Components":[{"Type":0,"Enabled":1,"Position":[4.864466667175293,7.756918907165527,12.021666526794434],"Rotation":[0.0,0.0,0.0,1.0],"Euler":[-0.0,0.0,-0.0],"Scale":[1.0,1.0,1.0],"Global":[0.994594931602478,-0.02269767038524151,0.10132130980491638,20.7442569732666,0.1020607203245163,0.03420816734433174,-0.994189977645874,19.648578643798829,0.019099775701761247,0.9991569519042969,0.03633979707956314,21.560592651367189,0.0,0.0,0.0,1.0]}]},{"UID":3452311099,"ParentUID":2911654002,"Name":"LeftFoot_$AssimpFbx$_PreRotation","Static":0,"ActiveInHierarchy":1,"ActiveSelf":1,"isBoneRoot":0,"baseState":[1.0,0.0,0.0,0.0,0.0,1.0,0.0,0.0,0.0,0.0,1.0,0.0,0.0,0.0,0.0,1.0],"Components":[{"Type":0,"Enabled":1,"Position":[0.0,0.0,0.0],"Rotation":[-0.5085271000862122,-0.008523808792233467,-0.0050344280898571018,0.8609890937805176],"Euler":[-61.13960266113281,-0.5476142168045044,-0.9935093522071838],"Scale":[1.0,1.0,1.0],"Global":[0.9964060187339783,-0.08242825418710709,0.01951969787478447,20.7442569732666,0.08235764503479004,0.8887830972671509,-0.450868159532547,19.648578643798829,0.019815491512417795,0.4508552551269531,0.8923770785331726,21.560592651367189,0.0,0.0,0.0,1.0]}]},{"UID":628655136,"ParentUID":3452311099,"Name":"LeftFoot_$AssimpFbx$_Rotation","Static":0,"ActiveInHierarchy":1,"ActiveSelf":1,"isBoneRoot":0,"baseState":[1.0,0.0,0.0,0.0,0.0,1.0,0.0,0.0,0.0,0.0,1.0,0.0,0.0,0.0,0.0,1.0],"Components":[{"Type":0,"Enabled":1,"Position":[0.0,0.0,0.0],"Rotation":[0.0,0.0,0.0,1.0],"Euler":[-0.0,0.0,-0.0],"Scale":[1.0,1.0,1.0],"Global":[0.9964060187339783,-0.08242825418710709,0.01951969787478447,20.7442569732666,0.08235764503479004,0.8887830972671509,-0.450868159532547,19.648578643798829,0.019815491512417795,0.4508552551269531,0.8923770785331726,21.560592651367189,0.0,0.0,0.0,1.0]}]},{"UID":126901187,"ParentUID":628655136,"Name":"LeftFoot","Static":0,"ActiveInHierarchy":1,"ActiveSelf":1,"isBoneRoot":0,"baseState":[1.0,0.0,0.0,0.0,0.0,1.0,0.0,0.0,0.0,0.0,1.0,0.0,0.0,0.0,0.0,1.0],"Components":[{"Type":0,"Enabled":1,"Position":[0.0,0.0,0.0],"Rotation":[0.0,0.0,0.0,1.0],"Euler":[-0.0,0.0,-0.0],"Scale":[1.0,1.0,1.0],"Global":[0.9964060187339783,-0.08242825418710709,0.01951969787478447,20.7442569732666,0.08235764503479004,0.8887830972671509,-0.450868159532547,19.648578643798829,0.019815491512417795,0.4508552551269531,0.8923770785331726,21.560592651367189,0.0,0.0,0.0,1.0]}]},{"UID":1252727041,"ParentUID":126901187,"Name":"LeftFootEnd","Static":0,"ActiveInHierarchy":1,"ActiveSelf":1,"isBoneRoot":0,"baseState":[1.0,0.0,0.0,0.0,0.0,1.0,0.0,0.0,0.0,0.0,1.0,0.0,0.0,0.0,0.0,1.0],"Components":[{"Type":0,"Enabled":1,"Position":[-7.29076833085561e-15,0.0,5.998485565185547],"Rotation":[0.0,0.0,0.0,1.0],"Euler":[-0.0,0.0,-0.0],"Scale":[1.0,1.0,1.0],"Global":[0.9964060187339783,-0.08242825418710709,0.01951969787478447,20.861345291137697,0.08235764503479004,0.8887830972671509,-0.450868159532547,16.94405174255371,0.019815491512417795,0.4508552551269531,0.8923770785331726,26.913503646850587,0.0,0.0,0.0,1.0]}]},{"UID":2095219099,"ParentUID":1344847478,"Name":"Spine","Static":0,"ActiveInHierarchy":1,"ActiveSelf":1,"isBoneRoot":0,"baseState":[1.0,0.0,0.0,0.0,0.0,1.0,0.0,0.0,0.0,0.0,1.0,0.0,0.0,0.0,0.0,1.0],"Components":[{"Type":0,"Enabled":1,"Position":[0.02581339329481125,-0.0059600998647511009,19.40102767944336],"Rotation":[0.09070306271314621,-0.1147945299744606,0.0038652897346764805,0.9892322421073914],"Euler":[10.669782638549805,-13.086140632629395,1.675044059753418],"Scale":[1.0,1.0,1.0],"Global":[0.9512239098548889,-0.02061869204044342,-0.3078119158744812,-1.8303860425949097,0.3075457513332367,0.14186467230319978,0.9408987164497376,48.42589569091797,0.024267524480819703,-0.9896712899208069,0.1412862092256546,-0.6702664494514465,0.0,0.0,0.0,1.0]}]},{"UID":2040386331,"ParentUID":2095219099,"Name":"RightUpperArmIK_$AssimpFbx$_Translation","Static":0,"ActiveInHierarchy":1,"ActiveSelf":1,"isBoneRoot":0,"baseState":[1.0,0.0,0.0,0.0,0.0,1.0,0.0,0.0,0.0,0.0,1.0,0.0,0.0,0.0,0.0,1.0],"Components":[{"Type":0,"Enabled":1,"Position":[-17.286500930786134,6.917709827423096,19.19027328491211],"Rotation":[0.0,0.0,0.0,1.0],"Euler":[-0.0,0.0,-0.0],"Scale":[1.0,1.0,1.0],"Global":[0.9512239098548889,-0.02061869204044342,-0.3078119158744812,-24.323347091674806,0.3075457513332367,0.14186467230319978,0.9408987164497376,62.14698791503906,0.024267524480819703,-0.9896712899208069,0.1412862092256546,-5.224705219268799,0.0,0.0,0.0,1.0]}]},{"UID":2446291754,"ParentUID":2040386331,"Name":"RightUpperArmIK_$AssimpFbx$_PreRotation","Static":0,"ActiveInHierarchy":1,"ActiveSelf":1,"isBoneRoot":0,"baseState":[1.0,0.0,0.0,0.0,0.0,1.0,0.0,0.0,0.0,0.0,1.0,0.0,0.0,0.0,0.0,1.0],"Components":[{"Type":0,"Enabled":1,"Position":[0.0,0.0,0.0],"Rotation":[0.7071068286895752,-3.090862321641907e-8,0.7071068286895752,3.090862321641907e-8],"Euler":[180.0,90.0,0.0],"Scale":[1.0,1.0,1.0],"Global":[-0.30781206488609316,0.020618613809347154,0.9512240886688232,-24.323347091674806,0.9408987760543823,-0.14186473190784455,0.30754566192626955,62.14698791503906,0.1412862241268158,0.989671528339386,0.024267597123980523,-5.224705219268799,0.0,0.0,0.0,1.0]}]},{"UID":631895086,"ParentUID":2446291754,"Name":"RightUpperArmIK_$AssimpFbx$_Rotation","Static":0,"ActiveInHierarchy":1,"ActiveSelf":1,"isBoneRoot":0,"baseState":[1.0,0.0,0.0,0.0,0.0,1.0,0.0,0.0,0.0,0.0,1.0,0.0,0.0,0.0,0.0,1.0],"Components":[{"Type":0,"Enabled":1,"Position":[0.0,0.0,0.0],"Rotation":[0.1907268911600113,0.02205159142613411,0.9812190532684326,-0.018606290221214296],"Euler":[-3.112774133682251,21.929725646972658,-177.22409057617188],"Scale":[1.0,1.0,1.0],"Global":[0.6414390802383423,0.0,0.7671744227409363,-24.323347091674806,-0.7524434328079224,0.1950249969959259,0.6291220784187317,62.14698791503906,-0.14961808919906617,-0.9807986617088318,0.12509654462337495,-5.224705219268799,0.0,0.0,0.0,1.0]}]},{"UID":573554786,"ParentUID":631895086,"Name":"RightUpperArmIK","Static":0,"ActiveInHierarchy":1,"ActiveSelf":1,"isBoneRoot":0,"baseState":[1.0,0.0,0.0,0.0,0.0,1.0,0.0,0.0,0.0,0.0,1.0,0.0,0.0,0.0,0.0,1.0],"Components":[{"Type":0,"Enabled":1,"Position":[0.0,0.0,0.0],"Rotation":[0.0,0.0,0.0,1.0],"Euler":[-0.0,0.0,-0.0],"Scale":[1.0,1.0,1.0],"Global":[0.6414390802383423,0.0,0.7671744227409363,-24.323347091674806,-0.7524434328079224,0.1950249969959259,0.6291220784187317,62.14698791503906,-0.14961808919906617,-0.9807986617088318,0.12509654462337495,-5.224705219268799,0.0,0.0,0.0,1.0]}]},{"UID":705510465,"ParentUID":573554786,"Name":"RightLowerArmIK","Static":0,"ActiveInHierarchy":1,"ActiveSelf":1,"isBoneRoot":0,"baseState":[1.0,0.0,0.0,0.0,0.0,1.0,0.0,0.0,0.0,0.0,1.0,0.0,0.0,0.0,0.0,1.0],"Components":[{"Type":0,"Enabled":1,"Position":[-2.1316282072803007e-14,-3.552713678800501e-15,-25.116100311279298],"Rotation":[0.0,0.4854694604873657,0.0,0.8742536306381226],"Euler":[-0.0,58.08646774291992,-0.0],"Scale":[1.0,1.0,1.0],"Global":[-0.31212398409843447,0.0,0.9500417709350586,-43.59177780151367,-0.9317991137504578,0.1950249969959259,-0.30613088607788088,46.34589385986328,-0.18528173863887788,-0.9807986617088318,-0.06087195873260498,-8.366641998291016,0.0,0.0,0.0,1.0]}]},{"UID":65211697,"ParentUID":705510465,"Name":"RightWristIK","Static":0,"ActiveInHierarchy":1,"ActiveSelf":1,"isBoneRoot":0,"baseState":[1.0,0.0,0.0,0.0,0.0,1.0,0.0,0.0,0.0,0.0,1.0,0.0,0.0,0.0,0.0,1.0],"Components":[{"Type":0,"Enabled":1,"Position":[-1.4210854715202005e-14,-6.217248937900877e-15,-23.802900314331056],"Rotation":[-0.157288059592247,-0.015486224554479123,0.9826798439025879,0.09675236791372299],"Euler":[0.000001011003746498318,-18.187294006347658,168.75381469726563],"Scale":[0.9999999403953552,1.0,1.0],"Global":[-3.5762786865234377e-7,-1.0058283805847168e-7,1.0000003576278687,-66.20552825927735,1.0000003576278687,-1.7881393432617188e-7,1.1920928955078126e-7,53.63269805908203,8.195638656616211e-8,1.0000005960464478,6.332993507385254e-8,-6.917712688446045,0.0,0.0,0.0,1.0]}]},{"UID":1182951788,"ParentUID":2095219099,"Name":"RightUpperArmFK_$AssimpFbx$_Translation","Static":0,"ActiveInHierarchy":1,"ActiveSelf":1,"isBoneRoot":0,"baseState":[1.0,0.0,0.0,0.0,0.0,1.0,0.0,0.0,0.0,0.0,1.0,0.0,0.0,0.0,0.0,1.0],"Components":[{"Type":0,"Enabled":1,"Position":[-17.286500930786134,6.917709827423096,19.19027328491211],"Rotation":[0.0,0.0,0.0,1.0],"Euler":[-0.0,0.0,-0.0],"Scale":[1.0,1.0,1.0],"Global":[0.9512239098548889,-0.02061869204044342,-0.3078119158744812,-24.323347091674806,0.3075457513332367,0.14186467230319978,0.9408987164497376,62.14698791503906,0.024267524480819703,-0.9896712899208069,0.1412862092256546,-5.224705219268799,0.0,0.0,0.0,1.0]}]},{"UID":3291195603,"ParentUID":1182951788,"Name":"RightUpperArmFK_$AssimpFbx$_PreRotation","Static":0,"ActiveInHierarchy":1,"ActiveSelf":1,"isBoneRoot":0,"baseState":[1.0,0.0,0.0,0.0,0.0,1.0,0.0,0.0,0.0,0.0,1.0,0.0,0.0,0.0,0.0,1.0],"Components":[{"Type":0,"Enabled":1,"Position":[0.0,0.0,0.0],"Rotation":[0.7071068286895752,-3.090862321641907e-8,0.7071068286895752,3.090862321641907e-8],"Euler":[180.0,90.0,0.0],"Scale":[1.0,1.0,1.0],"Global":[-0.30781206488609316,0.020618613809347154,0.9512240886688232,-24.323347091674806,0.9408987760543823,-0.14186473190784455,0.30754566192626955,62.14698791503906,0.1412862241268158,0.989671528339386,0.024267597123980523,-5.224705219268799,0.0,0.0,0.0,1.0]}]},{"UID":2391074803,"ParentUID":3291195603,"Name":"RightUpperArmFK_$AssimpFbx$_Rotation","Static":0,"ActiveInHierarchy":1,"ActiveSelf":1,"isBoneRoot":0,"baseState":[1.0,0.0,0.0,0.0,0.0,1.0,0.0,0.0,0.0,0.0,1.0,0.0,0.0,0.0,0.0,1.0],"Components":[{"Type":0,"Enabled":1,"Position":[0.0,0.0,0.0],"Rotation":[0.556762158870697,0.0841188132762909,-0.057206135243177417,0.8244194388389587],"Euler":[68.47462463378906,4.3011040687561039,-10.866599082946778],"Scale":[0.9999999403953552,1.0,0.9999999403953552],"Global":[-0.49398136138916018,0.8139140009880066,0.30582189559936526,-24.323347091674806,0.8592709898948669,0.4032673239707947,0.3146889805793762,62.14698791503906,0.13280168175697328,0.418234258890152,-0.8985790610313416,-5.224705219268799,0.0,0.0,0.0,1.0]}]},{"UID":3583634011,"ParentUID":2391074803,"Name":"RightUpperArmFK","Static":0,"ActiveInHierarchy":1,"ActiveSelf":1,"isBoneRoot":0,"baseState":[1.0,0.0,0.0,0.0,0.0,1.0,0.0,0.0,0.0,0.0,1.0,0.0,0.0,0.0,0.0,1.0],"Components":[{"Type":0,"Enabled":1,"Position":[0.0,0.0,0.0],"Rotation":[0.0,0.0,0.0,1.0],"Euler":[-0.0,0.0,-0.0],"Scale":[1.0,1.0,1.0],"Global":[-0.49398136138916018,0.8139140009880066,0.30582189559936526,-24.323347091674806,0.8592709898948669,0.4032673239707947,0.3146889805793762,62.14698791503906,0.13280168175697328,0.418234258890152,-0.8985790610313416,-5.224705219268799,0.0,0.0,0.0,1.0]}]},{"UID":2636843672,"ParentUID":3583634011,"Name":"RightLowerArmFK","Static":0,"ActiveInHierarchy":1,"ActiveSelf":1,"isBoneRoot":0,"baseState":[1.0,0.0,0.0,0.0,0.0,1.0,0.0,0.0,0.0,0.0,1.0,0.0,0.0,0.0,0.0,1.0],"Components":[{"Type":0,"Enabled":1,"Position":[-2.1316282072803007e-14,-3.552713678800501e-15,-25.116100311279298],"Rotation":[-0.0197119303047657,0.03358307480812073,0.006860698107630014,0.9992179870605469],"Euler":[-2.2891838550567629,3.8326873779296877,0.8633849620819092],"Scale":[1.0,0.9999999403953552,0.9999999403953552],"Global":[-0.5033464431762695,0.8087253570556641,0.30431270599365237,-32.00440216064453,0.8410420417785645,0.3777455985546112,0.38724270462989809,54.243228912353519,0.19822010397911073,0.45085689425468447,-0.8703087568283081,17.344097137451173,0.0,0.0,0.0,1.0]}]},{"UID":9069169,"ParentUID":2636843672,"Name":"RightWristFK","Static":0,"ActiveInHierarchy":1,"ActiveSelf":1,"isBoneRoot":0,"baseState":[1.0,0.0,0.0,0.0,0.0,1.0,0.0,0.0,0.0,0.0,1.0,0.0,0.0,0.0,0.0,1.0],"Components":[{"Type":0,"Enabled":1,"Position":[-1.4210854715202005e-14,-6.217248937900877e-15,-23.802900314331056],"Rotation":[0.0,0.0,0.0,1.0],"Euler":[-0.0,0.0,-0.0],"Scale":[1.0,1.0,1.0],"Global":[-0.5033464431762695,0.8087253570556641,0.30431270599365237,-39.247928619384769,0.8410420417785645,0.3777455985546112,0.38724270462989809,45.02573013305664,0.19822010397911073,0.45085689425468447,-0.8703087568283081,38.059967041015628,0.0,0.0,0.0,1.0]}]},{"UID":1447697757,"ParentUID":2095219099,"Name":"RightUpperArm_$AssimpFbx$_Translation","Static":0,"ActiveInHierarchy":1,"ActiveSelf":1,"isBoneRoot":0,"baseState":[1.0,0.0,0.0,0.0,0.0,1.0,0.0,0.0,0.0,0.0,1.0,0.0,0.0,0.0,0.0,1.0],"Components":[{"Type":0,"Enabled":1,"Position":[-17.286500930786134,6.917709827423096,19.19027328491211],"Rotation":[0.0,0.0,0.0,1.0],"Euler":[-0.0,0.0,-0.0],"Scale":[1.0,1.0,1.0],"Global":[0.9512239098548889,-0.02061869204044342,-0.3078119158744812,-24.323347091674806,0.3075457513332367,0.14186467230319978,0.9408987164497376,62.14698791503906,0.024267524480819703,-0.9896712899208069,0.1412862092256546,-5.224705219268799,0.0,0.0,0.0,1.0]}]},{"UID":1501290854,"ParentUID":1447697757,"Name":"RightUpperArm_$AssimpFbx$_PreRotation","Static":0,"ActiveInHierarchy":1,"ActiveSelf":1,"isBoneRoot":0,"baseState":[1.0,0.0,0.0,0.0,0.0,1.0,0.0,0.0,0.0,0.0,1.0,0.0,0.0,0.0,0.0,1.0],"Components":[{"Type":0,"Enabled":1,"Position":[0.0,0.0,0.0],"Rotation":[0.7071068286895752,-3.090862321641907e-8,0.7071068286895752,3.090862321641907e-8],"Euler":[180.0,90.0,0.0],"Scale":[1.0,1.0,1.0],"Global":[-0.30781206488609316,0.020618613809347154,0.9512240886688232,-24.323347091674806,0.9408987760543823,-0.14186473190784455,0.30754566192626955,62.14698791503906,0.1412862241268158,0.989671528339386,0.024267597123980523,-5.224705219268799,0.0,0.0,0.0,1.0]}]},{"UID":2243902041,"ParentUID":1501290854,"Name":"RightUpperArm_$AssimpFbx$_Rotation","Static":0,"ActiveInHierarchy":1,"ActiveSelf":1,"isBoneRoot":0,"baseState":[1.0,0.0,0.0,0.0,0.0,1.0,0.0,0.0,0.0,0.0,1.0,0.0,0.0,0.0,0.0,1.0],"Components":[{"Type":0,"Enabled":1,"Position":[0.0,0.0,0.0],"Rotation":[0.556762158870697,0.0841188132762909,-0.057206135243177417,0.8244194388389587],"Euler":[68.47462463378906,4.3011040687561039,-10.866599082946778],"Scale":[0.9999999403953552,1.0,0.9999999403953552],"Global":[-0.49398136138916018,0.8139140009880066,0.30582189559936526,-24.323347091674806,0.8592709898948669,0.4032673239707947,0.3146889805793762,62.14698791503906,0.13280168175697328,0.418234258890152,-0.8985790610313416,-5.224705219268799,0.0,0.0,0.0,1.0]}]},{"UID":1905609033,"ParentUID":2243902041,"Name":"RightUpperArm","Static":0,"ActiveInHierarchy":1,"ActiveSelf":1,"isBoneRoot":0,"baseState":[1.0,0.0,0.0,0.0,0.0,1.0,0.0,0.0,0.0,0.0,1.0,0.0,0.0,0.0,0.0,1.0],"Components":[{"Type":0,"Enabled":1,"Position":[0.0,0.0,0.0],"Rotation":[0.0,0.0,0.0,1.0],"Euler":[-0.0,0.0,-0.0],"Scale":[1.0,1.0,1.0],"Global":[-0.49398136138916018,0.8139140009880066,0.30582189559936526,-24.323347091674806,0.8592709898948669,0.4032673239707947,0.3146889805793762,62.14698791503906,0.13280168175697328,0.418234258890152,-0.8985790610313416,-5.224705219268799,0.0,0.0,0.0,1.0]}]},{"UID":667568085,"ParentUID":1905609033,"Name":"RightLowerArm","Static":0,"ActiveInHierarchy":1,"ActiveSelf":1,"isBoneRoot":0,"baseState":[1.0,0.0,0.0,0.0,0.0,1.0,0.0,0.0,0.0,0.0,1.0,0.0,0.0,0.0,0.0,1.0],"Components":[{"Type":0,"Enabled":1,"Position":[-2.1316282072803007e-14,-3.552713678800501e-15,-25.116100311279298],"Rotation":[-0.0197119303047657,0.03358307480812073,0.006860698107630014,0.9992179870605469],"Euler":[-2.2891838550567629,3.8326873779296877,0.8633849620819092],"Scale":[1.0,0.9999999403953552,0.9999999403953552],"Global":[-0.5033464431762695,0.8087253570556641,0.30431270599365237,-32.00440216064453,0.8410420417785645,0.3777455985546112,0.38724270462989809,54.243228912353519,0.19822010397911073,0.45085689425468447,-0.8703087568283081,17.344097137451173,0.0,0.0,0.0,1.0]}]},{"UID":4165979902,"ParentUID":667568085,"Name":"RightWrist","Static":0,"ActiveInHierarchy":1,"ActiveSelf":1,"isBoneRoot":0,"baseState":[1.0,0.0,0.0,0.0,0.0,1.0,0.0,0.0,0.0,0.0,1.0,0.0,0.0,0.0,0.0,1.0],"Components":[{"Type":0,"Enabled":1,"Position":[-1.4210854715202005e-14,-6.217248937900877e-15,-23.802900314331056],"Rotation":[0.0,0.0,0.0,1.0],"Euler":[-0.0,0.0,-0.0],"Scale":[1.0,1.0,1.0],"Global":[-0.5033464431762695,0.8087253570556641,0.30431270599365237,-39.247928619384769,0.8410420417785645,0.3777455985546112,0.38724270462989809,45.02573013305664,0.19822010397911073,0.45085689425468447,-0.8703087568283081,38.059967041015628,0.0,0.0,0.0,1.0]}]},{"UID":1935256289,"ParentUID":4165979902,"Name":"RightWristEnd","Static":0,"ActiveInHierarchy":1,"ActiveSelf":1,"isBoneRoot":0,"baseState":[1.0,0.0,0.0,0.0,0.0,1.0,0.0,0.0,0.0,0.0,1.0,0.0,0.0,0.0,0.0,1.0],"Components":[{"Type":0,"Enabled":1,"Position":[-7.105427357601002e-15,-2.6645352591003758e-15,-10.998499870300293],"Rotation":[0.0,0.0,0.0,1.0],"Euler":[-0.0,0.0,-0.0],"Scale":[1.0,1.0,1.0],"Global":[-0.5033464431762695,0.8087253570556641,0.30431270599365237,-42.594913482666019,0.8410420417785645,0.3777455985546112,0.38724270462989809,40.766639709472659,0.19822010397911073,0.45085689425468447,-0.8703087568283081,47.632057189941409,0.0,0.0,0.0,1.0]}]},{"UID":3569290956,"ParentUID":2095219099,"Name":"LeftUpperArmIK_$AssimpFbx$_Translation","Static":0,"ActiveInHierarchy":1,"ActiveSelf":1,"isBoneRoot":0,"baseState":[1.0,0.0,0.0,0.0,0.0,1.0,0.0,0.0,0.0,0.0,1.0,0.0,0.0,0.0,0.0,1.0],"Components":[{"Type":0,"Enabled":1,"Position":[17.286542892456056,6.917708873748779,19.190275192260743],"Rotation":[0.0,0.0,0.0,1.0],"Euler":[-0.0,0.0,-0.0],"Scale":[1.0,1.0,1.0],"Global":[0.9512239098548889,-0.02061869204044342,-0.3078119158744812,8.56335735321045,0.3075457513332367,0.14186467230319978,0.9408987164497376,72.77978515625,0.024267524480819703,-0.9896712899208069,0.1412862092256546,-4.3857011795043949,0.0,0.0,0.0,1.0]}]},{"UID":1254693719,"ParentUID":3569290956,"Name":"LeftUpperArmIK_$AssimpFbx$_PreRotation","Static":0,"ActiveInHierarchy":1,"ActiveSelf":1,"isBoneRoot":0,"baseState":[1.0,0.0,0.0,0.0,0.0,1.0,0.0,0.0,0.0,0.0,1.0,0.0,0.0,0.0,0.0,1.0],"Components":[{"Type":0,"Enabled":1,"Position":[0.0,0.0,0.0],"Rotation":[0.0,0.7071068286895752,0.0,0.7071068286895752],"Euler":[0.0,90.0,0.0],"Scale":[1.0,1.0,1.0],"Global":[0.30781182646751406,-0.02061869204044342,0.9512240886688232,8.56335735321045,-0.9408988952636719,0.14186467230319978,0.30754566192626955,72.77978515625,-0.1412862241268158,-0.9896712899208069,0.024267511442303659,-4.3857011795043949,0.0,0.0,0.0,1.0]}]},{"UID":2524758124,"ParentUID":1254693719,"Name":"LeftUpperArmIK_$AssimpFbx$_Rotation","Static":0,"ActiveInHierarchy":1,"ActiveSelf":1,"isBoneRoot":0,"baseState":[1.0,0.0,0.0,0.0,0.0,1.0,0.0,0.0,0.0,0.0,1.0,0.0,0.0,0.0,0.0,1.0],"Components":[{"Type":0,"Enabled":1,"Position":[0.0,0.0,0.0],"Rotation":[0.31282681226730349,-0.010337792336940766,0.949738621711731,0.005395377054810524],"Euler":[1.6393359899520875,36.44820022583008,178.80923461914063],"Scale":[1.0,0.9999999403953552,1.0],"Global":[0.3177039623260498,-8.381903171539307e-9,0.9481902122497559,8.56335735321045,0.9400068521499634,-0.13109871745109559,-0.3149619698524475,72.77978515625,0.12430647015571594,0.9913694262504578,-0.041650544852018359,-4.3857011795043949,0.0,0.0,0.0,1.0]}]},{"UID":1709976332,"ParentUID":2524758124,"Name":"LeftUpperArmIK","Static":0,"ActiveInHierarchy":1,"ActiveSelf":1,"isBoneRoot":0,"baseState":[1.0,0.0,0.0,0.0,0.0,1.0,0.0,0.0,0.0,0.0,1.0,0.0,0.0,0.0,0.0,1.0],"Components":[{"Type":0,"Enabled":1,"Position":[0.0,0.0,0.0],"Rotation":[0.0,0.0,0.0,1.0],"Euler":[-0.0,0.0,-0.0],"Scale":[1.0,1.0,1.0],"Global":[0.3177039623260498,-8.381903171539307e-9,0.9481902122497559,8.56335735321045,0.9400068521499634,-0.13109871745109559,-0.3149619698524475,72.77978515625,0.12430647015571594,0.9913694262504578,-0.041650544852018359,-4.3857011795043949,0.0,0.0,0.0,1.0]}]},{"UID":1165218359,"ParentUID":1709976332,"Name":"LeftLowerArmIK","Static":0,"ActiveInHierarchy":1,"ActiveSelf":1,"isBoneRoot":0,"baseState":[1.0,0.0,0.0,0.0,0.0,1.0,0.0,0.0,0.0,0.0,1.0,0.0,0.0,0.0,0.0,1.0],"Components":[{"Type":0,"Enabled":1,"Position":[-1.5285317279343505e-15,1.5777218104420237e-30,25.116106033325197],"Rotation":[0.0,0.0,0.0,1.0],"Euler":[-0.0,0.0,-0.0],"Scale":[1.0,1.0,1.0],"Global":[0.3177039623260498,-8.381903171539307e-9,0.9481902122497559,32.378204345703128,0.9400068521499634,-0.13109871745109559,-0.3149619698524475,64.8691635131836,0.12430647015571594,0.9913694262504578,-0.041650544852018359,-5.431800842285156,0.0,0.0,0.0,1.0]}]},{"UID":3309883161,"ParentUID":1165218359,"Name":"LeftWristIK","Static":0,"ActiveInHierarchy":1,"ActiveSelf":1,"isBoneRoot":0,"baseState":[1.0,0.0,0.0,0.0,0.0,1.0,0.0,0.0,0.0,0.0,1.0,0.0,0.0,0.0,0.0,1.0],"Components":[{"Type":0,"Enabled":1,"Position":[3.899229436511373e-14,-1.262177448353619e-29,23.802845001220704],"Rotation":[0.16060243546962739,0.010572974570095539,0.9848307371139526,0.06483491510152817],"Euler":[0.000006640630090259947,18.524093627929689,172.46688842773438],"Scale":[1.0,1.0,1.0],"Global":[-5.066394805908203e-7,-1.6391277313232423e-7,1.000000238418579,54.94783020019531,-1.0000004768371583,-2.2724270820617677e-7,-4.172325134277344e-7,57.37217330932617,2.3469328880310059e-7,-1.0000003576278687,-1.5273690223693848e-7,-6.4232025146484379,0.0,0.0,0.0,1.0]}]},{"UID":3247188530,"ParentUID":2095219099,"Name":"LeftUpperArmFK_$AssimpFbx$_Translation","Static":0,"ActiveInHierarchy":1,"ActiveSelf":1,"isBoneRoot":0,"baseState":[1.0,0.0,0.0,0.0,0.0,1.0,0.0,0.0,0.0,0.0,1.0,0.0,0.0,0.0,0.0,1.0],"Components":[{"Type":0,"Enabled":1,"Position":[17.286542892456056,6.917708873748779,19.190275192260743],"Rotation":[0.0,0.0,0.0,1.0],"Euler":[-0.0,0.0,-0.0],"Scale":[1.0,1.0,1.0],"Global":[0.9512239098548889,-0.02061869204044342,-0.3078119158744812,8.56335735321045,0.3075457513332367,0.14186467230319978,0.9408987164497376,72.77978515625,0.024267524480819703,-0.9896712899208069,0.1412862092256546,-4.3857011795043949,0.0,0.0,0.0,1.0]}]},{"UID":4202215113,"ParentUID":3247188530,"Name":"LeftUpperArmFK_$AssimpFbx$_PreRotation","Static":0,"ActiveInHierarchy":1,"ActiveSelf":1,"isBoneRoot":0,"baseState":[1.0,0.0,0.0,0.0,0.0,1.0,0.0,0.0,0.0,0.0,1.0,0.0,0.0,0.0,0.0,1.0],"Components":[{"Type":0,"Enabled":1,"Position":[0.0,0.0,0.0],"Rotation":[0.0,0.7071068286895752,0.0,0.7071068286895752],"Euler":[0.0,90.0,0.0],"Scale":[1.0,1.0,1.0],"Global":[0.30781182646751406,-0.02061869204044342,0.9512240886688232,8.56335735321045,-0.9408988952636719,0.14186467230319978,0.30754566192626955,72.77978515625,-0.1412862241268158,-0.9896712899208069,0.024267511442303659,-4.3857011795043949,0.0,0.0,0.0,1.0]}]},{"UID":1511142055,"ParentUID":4202215113,"Name":"LeftUpperArmFK_$AssimpFbx$_Rotation","Static":0,"ActiveInHierarchy":1,"ActiveSelf":1,"isBoneRoot":0,"baseState":[1.0,0.0,0.0,0.0,0.0,1.0,0.0,0.0,0.0,0.0,1.0,0.0,0.0,0.0,0.0,1.0],"Components":[{"Type":0,"Enabled":1,"Position":[0.0,0.0,0.0],"Rotation":[0.5178340077400208,0.06993471086025238,0.013773245736956597,0.8525065779685974],"Euler":[62.74095153808594,7.672128200531006,-2.830857276916504],"Scale":[0.9999999403953552,0.9999999403953552,0.9999999403953552],"Global":[0.20285165309906007,0.8471943736076355,0.49103298783302309,8.56335735321045,-0.95001620054245,0.29180416464805605,-0.11099550127983093,72.77978515625,-0.23732012510299684,-0.44397348165512087,0.8640407919883728,-4.3857011795043949,0.0,0.0,0.0,1.0]}]},{"UID":504548563,"ParentUID":1511142055,"Name":"LeftUpperArmFK","Static":0,"ActiveInHierarchy":1,"ActiveSelf":1,"isBoneRoot":0,"baseState":[1.0,0.0,0.0,0.0,0.0,1.0,0.0,0.0,0.0,0.0,1.0,0.0,0.0,0.0,0.0,1.0],"Components":[{"Type":0,"Enabled":1,"Position":[0.0,0.0,0.0],"Rotation":[0.0,0.0,0.0,1.0],"Euler":[-0.0,0.0,-0.0],"Scale":[1.0,1.0,1.0],"Global":[0.20285165309906007,0.8471943736076355,0.49103298783302309,8.56335735321045,-0.95001620054245,0.29180416464805605,-0.11099550127983093,72.77978515625,-0.23732012510299684,-0.44397348165512087,0.8640407919883728,-4.3857011795043949,0.0,0.0,0.0,1.0]}]},{"UID":3913700722,"ParentUID":504548563,"Name":"LeftLowerArmFK","Static":0,"ActiveInHierarchy":1,"ActiveSelf":1,"isBoneRoot":0,"baseState":[1.0,0.0,0.0,0.0,0.0,1.0,0.0,0.0,0.0,0.0,1.0,0.0,0.0,0.0,0.0,1.0],"Components":[{"Type":0,"Enabled":1,"Position":[-1.5285317279343505e-15,1.5777218104420237e-30,25.116106033325197],"Rotation":[0.01157606765627861,-0.029623854905366899,-0.008396320044994355,0.9994588494300842],"Euler":[1.299706220626831,-3.405949831008911,-0.9240021109580994],"Scale":[1.0,1.0,1.0],"Global":[0.2166484296321869,0.8617199063301086,0.4588058292865753,20.896194458007814,-0.959863543510437,0.2737681269645691,-0.