{"GameObjects":[{"UID":749482050,"ParentUID":0,"Name":"Floor","Static":0,"ActiveInHierarchy":1,"ActiveSelf":1,"isBoneRoot":0,"baseState":[1.0,0.0,0.0,0.0,0.0,1.0,0.0,0.0,0.0,0.0,1.0,0.0,0.0,0.0,0.0,1.0],"Components":[{"Type":0,"Enabled":1,"Position":[544.9487915039063,0.0,0.0],"Rotation":[0.0,0.0,0.0,1.0],"Euler":[-0.0,0.0,-0.0],"Scale":[1.0,1.0,1.0],"Global":[1.0,0.0,0.0,544.9487915039063,0.0,1.0,0.0,0.0,0.0,0.0,1.0,0.0,0.0,0.0,0.0,1.0]},{"Type":1,"Enabled":1,"meshUID":1939857303,"materialFile":"Floor","castShadows":0,"useAlpha":0}]},{"UID":393608227,"ParentUID":0,"Name":"Directional","Static":0,"ActiveInHierarchy":1,"ActiveSelf":1,"isBoneRoot":0,"baseState":[1.0,0.0,0.0,0.0,0.0,1.0,0.0,0.0,0.0,0.0,1.0,0.0,0.0,0.0,0.0,1.0],"Components":[{"Type":0,"Enabled":1,"Position":[0.0,581.3695068359375,0.0],"Rotation":[0.31420791149139407,-0.07434695214033127,-0.19439809024333955,0.9262588620185852],"Euler":[34.94951629638672,-15.063645362854004,-18.93877410888672],"Scale":[1.0003656148910523,1.0009766817092896,1.0005953311920167],"Global":[0.9136977791786194,0.3137111961841583,-0.2600466012954712,0.0,-0.4069954454898834,0.7276755571365356,-0.5534992218017578,581.3695068359375,0.015571906231343747,0.6115782856941223,0.7919630408287048,0.0,0.0,0.0,0.0,1.0]},{"Type":3,"Enabled":1,"Lighttype":0,"color":[0.17213112115859986,0.1502619981765747,0.1502619981765747],"intensity":33.0,"produceShadows":1}]},{"UID":1787942976,"ParentUID":0,"Name":"DollHouse","Static":0,"ActiveInHierarchy":1,"ActiveSelf":1,"isBoneRoot":0,"baseState":[1.0,0.0,0.0,0.0,0.0,1.0,0.0,0.0,0.0,0.0,1.0,0.0,0.0,0.0,0.0,1.0],"Components":[{"Type":0,"Enabled":1,"Position":[1671.929443359375,-0.0004455664020497352,-1527.057373046875],"Rotation":[0.0,0.0,0.0,1.0],"Euler":[-0.0,0.0,-0.0],"Scale":[1.0,1.0,1.0],"Global":[1.0,0.0,0.0,1671.929443359375,0.0,1.0,0.0,-0.0004455664020497352,0.0,0.0,1.0,-1527.057373046875,0.0,0.0,0.0,1.0]},{"Type":1,"Enabled":1,"meshUID":2157024092,"materialFile":"DollHouse","castShadows":1,"useAlpha":0}]},{"UID":806200341,"ParentUID":0,"Name":"DollHouse","Static":0,"ActiveInHierarchy":1,"ActiveSelf":1,"isBoneRoot":0,"baseState":[1.0,0.0,0.0,0.0,0.0,1.0,0.0,0.0,0.0,0.0,1.0,0.0,0.0,0.0,0.0,1.0],"Components":[{"Type":0,"Enabled":1,"Position":[3560.824951171875,0.0,-3074.744873046875],"Rotation":[0.0,0.0,0.0,1.0],"Euler":[-0.0,0.0,-0.0],"Scale":[1.0,1.0,1.0],"Global":[1.0,0.0,0.0,3560.824951171875,0.0,1.0,0.0,0.0,0.0,0.0,1.0,-3074.744873046875,0.0,0.0,0.0,1.0]},{"Type":1,"Enabled":1,"meshUID":2157024092,"materialFile":"DollHouse","castShadows":1,"useAlpha":0}]},{"UID":3628742562,"ParentUID":0,"Name":"DollHouse","Static":0,"ActiveInHierarchy":1,"ActiveSelf":1,"isBoneRoot":0,"baseState":[1.0,0.0,0.0,0.0,0.0,1.0,0.0,0.0,0.0,0.0,1.0,0.0,0.0,0.0,0.0,1.0],"Components":[{"Type":0,"Enabled":1,"Position":[2248.43017578125,-2.0905990600585939,-2354.482421875],"Rotation":[0.0,0.0,0.0,1.0],"Euler":[-0.0,0.0,-0.0],"Scale":[1.0,1.0,1.0],"Global":[1.0,0.0,0.0,2248.43017578125,0.0,1.0,0.0,-2.0905990600585939,0.0,0.0,1.0,-2354.482421875,0.0,0.0,0.0,1.0]},{"Type":1,"Enabled":1,"meshUID":2157024092,"materialFile":"DollHouse","castShadows":1,"useAlpha":0}]},{"UID":652378015,"ParentUID":0,"Name":"Scene","Static":0,"ActiveInHierarchy":1,"ActiveSelf":1,"isBoneRoot":1,"baseState":[1.0,0.0,0.0,0.0,0.0,1.0,0.0,0.0,0.0,0.0,1.0,0.0,0.0,0.0,0.0,1.0],"Components":[{"Type":0,"Enabled":1,"Position":[2345.80810546875,-13.578323364257813,-1150.4735107421876],"Rotation":[0.0,0.0,0.0,1.0],"Euler":[-0.0,0.0,-0.0],"Scale":[1.0,1.0,1.0],"Global":[1.0,0.0,0.0,2345.80810546875,0.0,1.0,0.0,-13.578323364257813,0.0,0.0,1.0,-1150.4735107421876,0.0,0.0,0.0,1.0]},{"Type":7,"Enabled":1,"animUID":1064741087}]},{"UID":2323452353,"ParentUID":652378015,"Name":"Ctrl_Grp","Static":0,"ActiveInHierarchy":1,"ActiveSelf":1,"isBoneRoot":0,"baseState":[1.0,0.0,0.0,0.0,0.0,1.0,0.0,0.0,0.0,0.0,1.0,0.0,0.0,0.0,0.0,1.0],"Components":[{"Type":0,"Enabled":1,"Position":[0.0,0.0,0.0],"Rotation":[0.0,0.0,0.0,1.0],"Euler":[-0.0,0.0,-0.0],"Scale":[1.0,1.0,1.0],"Global":[1.0,0.0,0.0,2345.80810546875,0.0,1.0,0.0,-13.578323364257813,0.0,0.0,1.0,-1150.4735107421876,0.0,0.0,0.0,1.0]}]},{"UID":2355694185,"ParentUID":2323452353,"Name":"Root_$AssimpFbx$_PreRotation","Static":0,"ActiveInHierarchy":1,"ActiveSelf":1,"isBoneRoot":0,"baseState":[1.0,0.0,0.0,0.0,0.0,1.0,0.0,0.0,0.0,0.0,1.0,0.0,0.0,0.0,0.0,1.0],"Components":[{"Type":0,"Enabled":1,"Position":[0.0,0.0,0.0],"Rotation":[0.0,0.0,0.7071068286895752,0.7071068286895752],"Euler":[-0.0,0.0,90.00000762939453],"Scale":[1.0,1.0,1.0],"Global":[-1.1920928955078126e-7,-1.0000001192092896,0.0,2345.80810546875,1.0000001192092896,-1.1920928955078126e-7,0.0,-13.578323364257813,0.0,0.0,1.0,-1150.4735107421876,0.0,0.0,0.0,1.0]}]},{"UID":904217338,"ParentUID":2355694185,"Name":"Root","Static":0,"ActiveInHierarchy":1,"ActiveSelf":1,"isBoneRoot":0,"baseState":[1.0,0.0,0.0,0.0,0.0,1.0,0.0,0.0,0.0,0.0,1.0,0.0,0.0,0.0,0.0,1.0],"Components":[{"Type":0,"Enabled":1,"Position":[0.0,0.0,0.0],"Rotation":[0.0,0.0,0.0,1.0],"Euler":[-0.0,0.0,-0.0],"Scale":[1.0,1.0,1.0],"Global":[-1.1920928955078126e-7,-1.0000001192092896,0.0,2345.80810546875,1.0000001192092896,-1.1920928955078126e-7,0.0,-13.578323364257813,0.0,0.0,1.0,-1150.4735107421876,0.0,0.0,0.0,1.0]}]},{"UID":3689692249,"ParentUID":904217338,"Name":"Hips_$AssimpFbx$_Translation","Static":0,"ActiveInHierarchy":1,"ActiveSelf":1,"isBoneRoot":0,"baseState":[1.0,0.0,0.0,0.0,0.0,1.0,0.0,0.0,0.0,0.0,1.0,0.0,0.0,0.0,0.0,1.0],"Components":[{"Type":0,"Enabled":1,"Position":[29.099836349487306,0.2726428508758545,0.0208236463367939],"Rotation":[0.0,0.0,0.0,1.0],"Euler":[-0.0,0.0,-0.0],"Scale":[1.0,1.0,1.0],"Global":[-1.1920928955078126e-7,-1.0000001192092896,0.0,2345.535400390625,1.0000001192092896,-1.1920928955078126e-7,0.0,15.521516799926758,0.0,0.0,1.0,-1150.45263671875,0.0,0.0,0.0,1.0]}]},{"UID":3963506285,"ParentUID":3689692249,"Name":"Hips_$AssimpFbx$_PreRotation","Static":0,"ActiveInHierarchy":1,"ActiveSelf":1,"isBoneRoot":0,"baseState":[1.0,0.0,0.0,0.0,0.0,1.0,0.0,0.0,0.0,0.0,1.0,0.0,0.0,0.0,0.0,1.0],"Components":[{"Type":0,"Enabled":1,"Position":[0.0,0.0,0.0],"Rotation":[-0.5,0.5,-0.5,0.5],"Euler":[-90.0,90.0,0.0],"Scale":[1.0,1.0,1.0],"Global":[1.0000001192092896,0.0,-1.1920928955078126e-7,2345.535400390625,1.1920928955078126e-7,0.0,1.0000001192092896,15.521516799926758,0.0,-1.0,0.0,-1150.45263671875,0.0,0.0,0.0,1.0]}]},{"UID":4218733747,"ParentUID":3963506285,"Name":"Hips_$AssimpFbx$_Rotation","Static":0,"ActiveInHierarchy":1,"ActiveSelf":1,"isBoneRoot":0,"baseState":[1.0,0.0,0.0,0.0,0.0,1.0,0.0,0.0,0.0,0.0,1.0,0.0,0.0,0.0,0.0,1.0],"Components":[{"Type":0,"Enabled":1,"Position":[0.0,0.0,0.0],"Rotation":[-0.017559213563799859,-0.041035160422325137,-0.010639498941600323,0.9989467263221741],"Euler":[-2.0673911571502687,-4.681128025054932,-1.3049461841583253],"Scale":[0.9999999403953552,1.0,1.0],"Global":[0.9964058995246887,0.022697679698467256,-0.08161036670207977,2345.535400390625,0.08235763758420944,-0.034208253026008609,0.996015727519989,15.521516799926758,0.019815493375062944,-0.9991569519042969,-0.03595462441444397,-1150.45263671875,0.0,0.0,0.0,1.0]}]},{"UID":3236488320,"ParentUID":4218733747,"Name":"Hips","Static":0,"ActiveInHierarchy":1,"ActiveSelf":1,"isBoneRoot":0,"baseState":[1.0,0.0,0.0,0.0,0.0,1.0,0.0,0.0,0.0,0.0,1.0,0.0,0.0,0.0,0.0,1.0],"Components":[{"Type":0,"Enabled":1,"Position":[0.0,0.0,0.0],"Rotation":[0.0,0.0,0.0,1.0],"Euler":[-0.0,0.0,-0.0],"Scale":[1.0,1.0,1.0],"Global":[0.9964058995246887,0.022697679698467256,-0.08161036670207977,2345.535400390625,0.08235763758420944,-0.034208253026008609,0.996015727519989,15.521516799926758,0.019815493375062944,-0.9991569519042969,-0.03595462441444397,-1150.45263671875,0.0,0.0,0.0,1.0]}]},{"UID":3269747570,"ParentUID":3236488320,"Name":"RightLeg_$AssimpFbx$_Translation","Static":0,"ActiveInHierarchy":1,"ActiveSelf":1,"isBoneRoot":0,"baseState":[1.0,0.0,0.0,0.0,0.0,1.0,0.0,0.0,0.0,0.0,1.0,0.0,0.0,0.0,0.0,1.0],"Components":[{"Type":0,"Enabled":1,"Position":[-15.488300323486329,-12.964300155639649,0.019738737493753434],"Rotation":[0.0,0.0,0.0,1.0],"Euler":[-0.0,0.0,-0.0],"Scale":[1.0,1.0,1.0],"Global":[0.9964058995246887,0.022697679698467256,-0.08161036670207977,2329.806884765625,0.08235763758420944,-0.034208253026008609,0.996015727519989,14.709083557128907,0.019815493375062944,-0.9991569519042969,-0.03595462441444397,-1137.806884765625,0.0,0.0,0.0,1.0]}]},{"UID":2901113671,"ParentUID":3269747570,"Name":"RightLeg_$AssimpFbx$_PreRotation","Static":0,"ActiveInHierarchy":1,"ActiveSelf":1,"isBoneRoot":0,"baseState":[1.0,0.0,0.0,0.0,0.0,1.0,0.0,0.0,0.0,0.0,1.0,0.0,0.0,0.0,0.0,1.0],"Components":[{"Type":0,"Enabled":1,"Position":[0.0,0.0,0.0],"Rotation":[0.0,0.009899534285068512,0.0,0.9999510049819946],"Euler":[-0.0,1.134421467781067,-0.0],"Scale":[1.0,1.0,1.0],"Global":[0.997826337814331,0.022697679698467256,-0.06186743080615997,2329.806884765625,0.06262227892875672,-0.034208253026008609,0.9974510669708252,14.709083557128907,0.020523443818092347,-0.9991569519042969,-0.035555265843868259,-1137.806884765625,0.0,0.0,0.0,1.0]}]},{"UID":1202461783,"ParentUID":2901113671,"Name":"RightLeg","Static":0,"ActiveInHierarchy":1,"ActiveSelf":1,"isBoneRoot":0,"baseState":[1.0,0.0,0.0,0.0,0.0,1.0,0.0,0.0,0.0,0.0,1.0,0.0,0.0,0.0,0.0,1.0],"Components":[{"Type":0,"Enabled":1,"Position":[0.0,0.0,0.0],"Rotation":[0.0,0.0,0.0,1.0],"Euler":[-0.0,0.0,-0.0],"Scale":[1.0,1.0,1.0],"Global":[0.997826337814331,0.022697679698467256,-0.06186743080615997,2329.806884765625,0.06262227892875672,-0.034208253026008609,0.9974510669708252,14.709083557128907,0.020523443818092347,-0.9991569519042969,-0.035555265843868259,-1137.806884765625,0.0,0.0,0.0,1.0]}]},{"UID":1603008175,"ParentUID":1202461783,"Name":"RightFoot_$AssimpFbx$_Translation","Static":0,"ActiveInHierarchy":1,"ActiveSelf":1,"isBoneRoot":0,"baseState":[1.0,0.0,0.0,0.0,0.0,1.0,0.0,0.0,0.0,0.0,1.0,0.0,0.0,0.0,0.0,1.0],"Components":[{"Type":0,"Enabled":1,"Position":[-0.9827580451965332,9.173906326293946,-24.03310775756836],"Rotation":[0.0,0.0,0.0,1.0],"Euler":[-0.0,0.0,-0.0],"Scale":[1.0,1.0,1.0],"Global":[0.997826337814331,0.022697679698467256,-0.06186743080615997,2330.521240234375,0.06262227892875672,-0.034208253026008609,0.9974510669708252,-9.638132095336914,0.020523443818092347,-0.9991569519042969,-0.035555265843868259,-1146.138671875,0.0,0.0,0.0,1.0]}]},{"UID":2070375487,"ParentUID":1603008175,"Name":"RightFoot_$AssimpFbx$_PreRotation","Static":0,"ActiveInHierarchy":1,"ActiveSelf":1,"isBoneRoot":0,"baseState":[1.0,0.0,0.0,0.0,0.0,1.0,0.0,0.0,0.0,0.0,1.0,0.0,0.0,0.0,0.0,1.0],"Components":[{"Type":0,"Enabled":1,"Position":[0.0,0.0,0.0],"Rotation":[-0.5085271000862122,-0.008523808792233467,-0.0050344280898571018,0.8609890937805176],"Euler":[-61.13960266113281,-0.5476142168045044,-0.9935093522071838],"Scale":[1.0,1.0,1.0],"Global":[0.9964058995246887,0.08242826163768769,-0.01951969414949417,2330.521240234375,0.08235764503479004,-0.8887831568717957,0.4508680999279022,-9.638132095336914,0.019815495237708093,-0.45085516571998598,-0.8923771977424622,-1146.138671875,0.0,0.0,0.0,1.0]}]},{"UID":1259028620,"ParentUID":2070375487,"Name":"RightFoot_$AssimpFbx$_Rotation","Static":0,"ActiveInHierarchy":1,"ActiveSelf":1,"isBoneRoot":0,"baseState":[1.0,0.0,0.0,0.0,0.0,1.0,0.0,0.0,0.0,0.0,1.0,0.0,0.0,0.0,0.0,1.0],"Components":[{"Type":0,"Enabled":1,"Position":[0.0,0.0,0.0],"Rotation":[0.0,0.0,0.0,1.0],"Euler":[-0.0,0.0,-0.0],"Scale":[1.0,1.0,1.0],"Global":[0.9964058995246887,0.08242826163768769,-0.01951969414949417,2330.521240234375,0.08235764503479004,-0.8887831568717957,0.4508680999279022,-9.638132095336914,0.019815495237708093,-0.45085516571998598,-0.8923771977424622,-1146.138671875,0.0,0.0,0.0,1.0]}]},{"UID":3345022121,"ParentUID":1259028620,"Name":"RightFoot","Static":0,"ActiveInHierarchy":1,"ActiveSelf":1,"isBoneRoot":0,"baseState":[1.0,0.0,0.0,0.0,0.0,1.0,0.0,0.0,0.0,0.0,1.0,0.0,0.0,0.0,0.0,1.0],"Components":[{"Type":0,"Enabled":1,"Position":[0.0,0.0,0.0],"Rotation":[0.0,0.0,0.0,1.0],"Euler":[-0.0,0.0,-0.0],"Scale":[1.0,1.0,1.0],"Global":[0.9964058995246887,0.08242826163768769,-0.01951969414949417,2330.521240234375,0.08235764503479004,-0.8887831568717957,0.4508680999279022,-9.638132095336914,0.019815495237708093,-0.45085516571998598,-0.8923771977424622,-1146.138671875,0.0,0.0,0.0,1.0]}]},{"UID":1909553725,"ParentUID":3345022121,"Name":"RightFootEnd","Static":0,"ActiveInHierarchy":1,"ActiveSelf":1,"isBoneRoot":0,"baseState":[1.0,0.0,0.0,0.0,0.0,1.0,0.0,0.0,0.0,0.0,1.0,0.0,0.0,0.0,0.0,1.0],"Components":[{"Type":0,"Enabled":1,"Position":[9.414691248821328e-14,-0.000034134402085328478,-5.998554229736328],"Rotation":[0.0,0.0,0.0,1.0],"Euler":[-0.0,0.0,-0.0],"Scale":[1.0,1.0,1.0],"Global":[0.9964058995246887,0.08242826163768769,-0.01951969414949417,2330.638427734375,0.08235764503479004,-0.8887831568717957,0.4508680999279022,-12.342658996582032,0.019815495237708093,-0.45085516571998598,-0.8923771977424622,-1140.78564453125,0.0,0.0,0.0,1.0]}]},{"UID":1003031419,"ParentUID":3236488320,"Name":"LeftLeg_$AssimpFbx$_Translation","Static":0,"ActiveInHierarchy":1,"ActiveSelf":1,"isBoneRoot":0,"baseState":[1.0,0.0,0.0,0.0,0.0,1.0,0.0,0.0,0.0,0.0,1.0,0.0,0.0,0.0,0.0,1.0],"Components":[{"Type":0,"Enabled":1,"Position":[15.48828125,-12.964345932006836,0.01975155808031559],"Rotation":[0.0,0.0,0.0,1.0],"Euler":[-0.0,0.0,-0.0],"Scale":[1.0,1.0,1.0],"Global":[0.9964058995246887,0.022697679698467256,-0.08161036670207977,2360.672119140625,0.08235763758420944,-0.034208253026008609,0.996015727519989,17.260255813598634,0.019815493375062944,-0.9991569519042969,-0.03595462441444397,-1137.1929931640626,0.0,0.0,0.0,1.0]}]},{"UID":3069015984,"ParentUID":1003031419,"Name":"LeftLeg_$AssimpFbx$_PreRotation","Static":0,"ActiveInHierarchy":1,"ActiveSelf":1,"isBoneRoot":0,"baseState":[1.0,0.0,0.0,0.0,0.0,1.0,0.0,0.0,0.0,0.0,1.0,0.0,0.0,0.0,0.0,1.0],"Components":[{"Type":0,"Enabled":1,"Position":[0.0,0.0,0.0],"Rotation":[0.9999510049819946,4.3272238570146728e-10,0.009899534285068512,-4.370924600038961e-8],"Euler":[-179.99998474121095,1.134421467781067,-9.91872397548832e-8],"Scale":[1.0,1.0,1.0],"Global":[0.994594931602478,-0.02269767038524151,0.10132130980491638,2360.672119140625,0.1020607203245163,0.03420816734433174,-0.994189977645874,17.260255813598634,0.019099775701761247,0.9991569519042969,0.03633979707956314,-1137.1929931640626,0.0,0.0,0.0,1.0]}]},{"UID":273422858,"ParentUID":3069015984,"Name":"LeftLeg","Static":0,"ActiveInHierarchy":1,"ActiveSelf":1,"isBoneRoot":0,"baseState":[1.0,0.0,0.0,0.0,0.0,1.0,0.0,0.0,0.0,0.0,1.0,0.0,0.0,0.0,0.0,1.0],"Components":[{"Type":0,"Enabled":1,"Position":[0.0,0.0,0.0],"Rotation":[0.0,0.0,0.0,1.0],"Euler":[-0.0,0.0,-0.0],"Scale":[1.0,1.0,1.0],"Global":[0.994594931602478,-0.02269767038524151,0.10132130980491638,2360.672119140625,0.1020607203245163,0.03420816734433174,-0.994189977645874,17.260255813598634,0.019099775701761247,0.9991569519042969,0.03633979707956314,-1137.1929931640626,0.0,0.0,0.0,1.0]}]},{"UID":2092584863,"ParentUID":273422858,"Name":"LeftFoot_$AssimpFbx$_Translation","Static":0,"ActiveInHierarchy":1,"ActiveSelf":1,"isBoneRoot":0,"baseState":[1.0,0.0,0.0,0.0,0.0,1.0,0.0,0.0,0.0,0.0,1.0,0.0,0.0,0.0,0.0,1.0],"Components":[{"Type":0,"Enabled":1,"Position":[4.864466667175293,7.756918907165527,12.021666526794434],"Rotation":[0.0,0.0,0.0,1.0],"Euler":[-0.0,0.0,-0.0],"Scale":[1.0,1.0,1.0],"Global":[0.994594931602478,-0.02269767038524151,0.10132130980491638,2366.55224609375,0.1020607203245163,0.03420816734433174,-0.994189977645874,6.070256233215332,0.019099775701761247,0.9991569519042969,0.03633979707956314,-1128.912841796875,0.0,0.0,0.0,1.0]}]},{"UID":293556692,"ParentUID":2092584863,"Name":"LeftFoot_$AssimpFbx$_PreRotation","Static":0,"ActiveInHierarchy":1,"ActiveSelf":1,"isBoneRoot":0,"baseState":[1.0,0.0,0.0,0.0,0.0,1.0,0.0,0.0,0.0,0.0,1.0,0.0,0.0,0.0,0.0,1.0],"Components":[{"Type":0,"Enabled":1,"Position":[0.0,0.0,0.0],"Rotation":[-0.5085271000862122,-0.008523808792233467,-0.0050344280898571018,0.8609890937805176],"Euler":[-61.13960266113281,-0.5476142168045044,-0.9935093522071838],"Scale":[1.0,1.0,1.0],"Global":[0.9964060187339783,-0.08242825418710709,0.01951969787478447,2366.55224609375,0.08235764503479004,0.8887830972671509,-0.450868159532547,6.070256233215332,0.019815491512417795,0.4508552551269531,0.8923770785331726,-1128.912841796875,0.0,0.0,0.0,1.0]}]},{"UID":3622003968,"ParentUID":293556692,"Name":"LeftFoot_$AssimpFbx$_Rotation","Static":0,"ActiveInHierarchy":1,"ActiveSelf":1,"isBoneRoot":0,"baseState":[1.0,0.0,0.0,0.0,0.0,1.0,0.0,0.0,0.0,0.0,1.0,0.0,0.0,0.0,0.0,1.0],"Components":[{"Type":0,"Enabled":1,"Position":[0.0,0.0,0.0],"Rotation":[0.0,0.0,0.0,1.0],"Euler":[-0.0,0.0,-0.0],"Scale":[1.0,1.0,1.0],"Global":[0.9964060187339783,-0.08242825418710709,0.01951969787478447,2366.55224609375,0.08235764503479004,0.8887830972671509,-0.450868159532547,6.070256233215332,0.019815491512417795,0.4508552551269531,0.8923770785331726,-1128.912841796875,0.0,0.0,0.0,1.0]}]},{"UID":1788217608,"ParentUID":3622003968,"Name":"LeftFoot","Static":0,"ActiveInHierarchy":1,"ActiveSelf":1,"isBoneRoot":0,"baseState":[1.0,0.0,0.0,0.0,0.0,1.0,0.0,0.0,0.0,0.0,1.0,0.0,0.0,0.0,0.0,1.0],"Components":[{"Type":0,"Enabled":1,"Position":[0.0,0.0,0.0],"Rotation":[0.0,0.0,0.0,1.0],"Euler":[-0.0,0.0,-0.0],"Scale":[1.0,1.0,1.0],"Global":[0.9964060187339783,-0.08242825418710709,0.01951969787478447,2366.55224609375,0.08235764503479004,0.8887830972671509,-0.450868159532547,6.070256233215332,0.019815491512417795,0.4508552551269531,0.8923770785331726,-1128.912841796875,0.0,0.0,0.0,1.0]}]},{"UID":2541157676,"ParentUID":1788217608,"Name":"LeftFootEnd","Static":0,"ActiveInHierarchy":1,"ActiveSelf":1,"isBoneRoot":0,"baseState":[1.0,0.0,0.0,0.0,0.0,1.0,0.0,0.0,0.0,0.0,1.0,0.0,0.0,0.0,0.0,1.0],"Components":[{"Type":0,"Enabled":1,"Position":[-7.29076833085561e-15,0.0,5.998485565185547],"Rotation":[0.0,0.0,0.0,1.0],"Euler":[-0.0,0.0,-0.0],"Scale":[1.0,1.0,1.0],"Global":[0.9964060187339783,-0.08242825418710709,0.01951969787478447,2366.66943359375,0.08235764503479004,0.8887830972671509,-0.450868159532547,3.365730047225952,0.019815491512417795,0.4508552551269531,0.8923770785331726,-1123.5599365234376,0.0,0.0,0.0,1.0]}]},{"UID":1805222616,"ParentUID":3236488320,"Name":"Spine","Static":0,"ActiveInHierarchy":1,"ActiveSelf":1,"isBoneRoot":0,"baseState":[1.0,0.0,0.0,0.0,0.0,1.0,0.0,0.0,0.0,0.0,1.0,0.0,0.0,0.0,0.0,1.0],"Components":[{"Type":0,"Enabled":1,"Position":[0.02581339329481125,-0.0059600998647511009,19.40102767944336],"Rotation":[0.09070306271314621,-0.1147945299744606,0.0038652897346764805,0.9892322421073914],"Euler":[10.669782638549805,-13.086140632629395,1.675044059753418],"Scale":[1.0,1.0,1.0],"Global":[0.9512239098548889,-0.02061869204044342,-0.3078119158744812,2343.9775390625,0.3075457513332367,0.14186467230319978,0.9408987164497376,34.847572326660159,0.024267524480819703,-0.9896712899208069,0.1412862092256546,-1151.1436767578126,0.0,0.0,0.0,1.0]}]},{"UID":1167809553,"ParentUID":1805222616,"Name":"RightUpperArmIK_$AssimpFbx$_Translation","Static":0,"ActiveInHierarchy":1,"ActiveSelf":1,"isBoneRoot":0,"baseState":[1.0,0.0,0.0,0.0,0.0,1.0,0.0,0.0,0.0,0.0,1.0,0.0,0.0,0.0,0.0,1.0],"Components":[{"Type":0,"Enabled":1,"Position":[-17.286500930786134,6.917709827423096,19.19027328491211],"Rotation":[0.0,0.0,0.0,1.0],"Euler":[-0.0,0.0,-0.0],"Scale":[1.0,1.0,1.0],"Global":[0.9512239098548889,-0.02061869204044342,-0.3078119158744812,2321.484619140625,0.3075457513332367,0.14186467230319978,0.9408987164497376,48.56866455078125,0.024267524480819703,-0.9896712899208069,0.1412862092256546,-1155.6981201171876,0.0,0.0,0.0,1.0]}]},{"UID":2806076398,"ParentUID":1167809553,"Name":"RightUpperArmIK_$AssimpFbx$_PreRotation","Static":0,"ActiveInHierarchy":1,"ActiveSelf":1,"isBoneRoot":0,"baseState":[1.0,0.0,0.0,0.0,0.0,1.0,0.0,0.0,0.0,0.0,1.0,0.0,0.0,0.0,0.0,1.0],"Components":[{"Type":0,"Enabled":1,"Position":[0.0,0.0,0.0],"Rotation":[0.7071068286895752,-3.090862321641907e-8,0.7071068286895752,3.090862321641907e-8],"Euler":[180.0,90.0,0.0],"Scale":[1.0,1.0,1.0],"Global":[-0.30781206488609316,0.020618613809347154,0.9512240886688232,2321.484619140625,0.9408987760543823,-0.14186473190784455,0.30754566192626955,48.56866455078125,0.1412862241268158,0.989671528339386,0.024267597123980523,-1155.6981201171876,0.0,0.0,0.0,1.0]}]},{"UID":346901112,"ParentUID":2806076398,"Name":"RightUpperArmIK_$AssimpFbx$_Rotation","Static":0,"ActiveInHierarchy":1,"ActiveSelf":1,"isBoneRoot":0,"baseState":[1.0,0.0,0.0,0.0,0.0,1.0,0.0,0.0,0.0,0.0,1.0,0.0,0.0,0.0,0.0,1.0],"Components":[{"Type":0,"Enabled":1,"Position":[0.0,0.0,0.0],"Rotation":[0.1907268911600113,0.02205159142613411,0.9812190532684326,-0.018606290221214296],"Euler":[-3.112774133682251,21.929725646972658,-177.22409057617188],"Scale":[1.0,1.0,1.0],"Global":[0.6414390802383423,0.0,0.7671744227409363,2321.484619140625,-0.7524434328079224,0.1950249969959259,0.6291220784187317,48.56866455078125,-0.14961808919906617,-0.9807986617088318,0.12509654462337495,-1155.6981201171876,0.0,0.0,0.0,1.0]}]},{"UID":1623043116,"ParentUID":346901112,"Name":"RightUpperArmIK","Static":0,"ActiveInHierarchy":1,"ActiveSelf":1,"isBoneRoot":0,"baseState":[1.0,0.0,0.0,0.0,0.0,1.0,0.0,0.0,0.0,0.0,1.0,0.0,0.0,0.0,0.0,1.0],"Components":[{"Type":0,"Enabled":1,"Position":[0.0,0.0,0.0],"Rotation":[0.0,0.0,0.0,1.0],"Euler":[-0.0,0.0,-0.0],"Scale":[1.0,1.0,1.0],"Global":[0.6414390802383423,0.0,0.7671744227409363,2321.484619140625,-0.7524434328079224,0.1950249969959259,0.6291220784187317,48.56866455078125,-0.14961808919906617,-0.9807986617088318,0.12509654462337495,-1155.6981201171876,0.0,0.0,0.0,1.0]}]},{"UID":1455069307,"ParentUID":1623043116,"Name":"RightLowerArmIK","Static":0,"ActiveInHierarchy":1,"ActiveSelf":1,"isBoneRoot":0,"baseState":[1.0,0.0,0.0,0.0,0.0,1.0,0.0,0.0,0.0,0.0,1.0,0.0,0.0,0.0,0.0,1.0],"Components":[{"Type":0,"Enabled":1,"Position":[-2.1316282072803007e-14,-3.552713678800501e-15,-25.116100311279298],"Rotation":[0.0,0.4854694604873657,0.0,0.8742536306381226],"Euler":[-0.0,58.08646774291992,-0.0],"Scale":[1.0,1.0,1.0],"Global":[-0.31212398409843447,0.0,0.9500417709350586,2302.21630859375,-0.9317991137504578,0.1950249969959259,-0.30613088607788088,32.76757049560547,-0.18528173863887788,-0.9807986617088318,-0.06087195873260498,-1158.840087890625,0.0,0.0,0.0,1.0]}]},{"UID":4119523747,"ParentUID":1455069307,"Name":"RightWristIK","Static":0,"ActiveInHierarchy":1,"ActiveSelf":1,"isBoneRoot":0,"baseState":[1.0,0.0,0.0,0.0,0.0,1.0,0.0,0.0,0.0,0.0,1.0,0.0,0.0,0.0,0.0,1.0],"Components":[{"Type":0,"Enabled":1,"Position":[-1.4210854715202005e-14,-6.217248937900877e-15,-23.802900314331056],"Rotation":[-0.157288059592247,-0.015486224554479123,0.9826798439025879,0.09675236791372299],"Euler":[0.000001011003746498318,-18.187294006347658,168.75381469726563],"Scale":[0.9999999403953552,1.0,1.0],"Global":[-3.5762786865234377e-7,-1.0058283805847168e-7,1.0000003576278687,2279.6025390625,1.0000003576278687,-1.7881393432617188e-7,1.1920928955078126e-7,40.05437469482422,8.195638656616211e-8,1.0000005960464478,6.332993507385254e-8,-1157.39111328125,0.0,0.0,0.0,1.0]}]},{"UID":3669237419,"ParentUID":1805222616,"Name":"RightUpperArmFK_$AssimpFbx$_Translation","Static":0,"ActiveInHierarchy":1,"ActiveSelf":1,"isBoneRoot":0,"baseState":[1.0,0.0,0.0,0.0,0.0,1.0,0.0,0.0,0.0,0.0,1.0,0.0,0.0,0.0,0.0,1.0],"Components":[{"Type":0,"Enabled":1,"Position":[-17.286500930786134,6.917709827423096,19.19027328491211],"Rotation":[0.0,0.0,0.0,1.0],"Euler":[-0.0,0.0,-0.0],"Scale":[1.0,1.0,1.0],"Global":[0.9512239098548889,-0.02061869204044342,-0.3078119158744812,2321.484619140625,0.3075457513332367,0.14186467230319978,0.9408987164497376,48.56866455078125,0.024267524480819703,-0.9896712899208069,0.1412862092256546,-1155.6981201171876,0.0,0.0,0.0,1.0]}]},{"UID":974396321,"ParentUID":3669237419,"Name":"RightUpperArmFK_$AssimpFbx$_PreRotation","Static":0,"ActiveInHierarchy":1,"ActiveSelf":1,"isBoneRoot":0,"baseState":[1.0,0.0,0.0,0.0,0.0,1.0,0.0,0.0,0.0,0.0,1.0,0.0,0.0,0.0,0.0,1.0],"Components":[{"Type":0,"Enabled":1,"Position":[0.0,0.0,0.0],"Rotation":[0.7071068286895752,-3.090862321641907e-8,0.7071068286895752,3.090862321641907e-8],"Euler":[180.0,90.0,0.0],"Scale":[1.0,1.0,1.0],"Global":[-0.30781206488609316,0.020618613809347154,0.9512240886688232,2321.484619140625,0.9408987760543823,-0.14186473190784455,0.30754566192626955,48.56866455078125,0.1412862241268158,0.989671528339386,0.024267597123980523,-1155.6981201171876,0.0,0.0,0.0,1.0]}]},{"UID":1631130692,"ParentUID":974396321,"Name":"RightUpperArmFK_$AssimpFbx$_Rotation","Static":0,"ActiveInHierarchy":1,"ActiveSelf":1,"isBoneRoot":0,"baseState":[1.0,0.0,0.0,0.0,0.0,1.0,0.0,0.0,0.0,0.0,1.0,0.0,0.0,0.0,0.0,1.0],"Components":[{"Type":0,"Enabled":1,"Position":[0.0,0.0,0.0],"Rotation":[0.556762158870697,0.0841188132762909,-0.057206135243177417,0.8244194388389587],"Euler":[68.47462463378906,4.3011040687561039,-10.866599082946778],"Scale":[0.9999999403953552,1.0,0.9999999403953552],"Global":[-0.49398136138916018,0.8139140009880066,0.30582189559936526,2321.484619140625,0.8592709898948669,0.4032673239707947,0.3146889805793762,48.56866455078125,0.13280168175697328,0.418234258890152,-0.8985790610313416,-1155.6981201171876,0.0,0.0,0.0,1.0]}]},{"UID":4161876714,"ParentUID":1631130692,"Name":"RightUpperArmFK","Static":0,"ActiveInHierarchy":1,"ActiveSelf":1,"isBoneRoot":0,"baseState":[1.0,0.0,0.0,0.0,0.0,1.0,0.0,0.0,0.0,0.0,1.0,0.0,0.0,0.0,0.0,1.0],"Components":[{"Type":0,"Enabled":1,"Position":[0.0,0.0,0.0],"Rotation":[0.0,0.0,0.0,1.0],"Euler":[-0.0,0.0,-0.0],"Scale":[1.0,1.0,1.0],"Global":[-0.49398136138916018,0.8139140009880066,0.30582189559936526,2321.484619140625,0.8592709898948669,0.4032673239707947,0.3146889805793762,48.56866455078125,0.13280168175697328,0.418234258890152,-0.8985790610313416,-1155.6981201171876,0.0,0.0,0.0,1.0]}]},{"UID":584282244,"ParentUID":4161876714,"Name":"RightLowerArmFK","Static":0,"ActiveInHierarchy":1,"ActiveSelf":1,"isBoneRoot":0,"baseState":[1.0,0.0,0.0,0.0,0.0,1.0,0.0,0.0,0.0,0.0,1.0,0.0,0.0,0.0,0.0,1.0],"Components":[{"Type":0,"Enabled":1,"Position":[-2.1316282072803007e-14,-3.552713678800501e-15,-25.116100311279298],"Rotation":[-0.0197119303047657,0.03358307480812073,0.006860698107630014,0.9992179870605469],"Euler":[-2.2891838550567629,3.8326873779296877,0.8633849620819092],"Scale":[1.0,0.9999999403953552,0.9999999403953552],"Global":[-0.5033464431762695,0.8087253570556641,0.30431270599365237,2313.803466796875,0.8410420417785645,0.3777455985546112,0.38724270462989809,40.6649055480957,0.19822010397911073,0.45085689425468447,-0.8703087568283081,-1133.1292724609376,0.0,0.0,0.0,1.0]}]},{"UID":2827364513,"ParentUID":584282244,"Name":"RightWristFK","Static":0,"ActiveInHierarchy":1,"ActiveSelf":1,"isBoneRoot":0,"baseState":[1.0,0.0,0.0,0.0,0.0,1.0,0.0,0.0,0.0,0.0,1.0,0.0,0.0,0.0,0.0,1.0],"Components":[{"Type":0,"Enabled":1,"Position":[-1.4210854715202005e-14,-6.217248937900877e-15,-23.802900314331056],"Rotation":[0.0,0.0,0.0,1.0],"Euler":[-0.0,0.0,-0.0],"Scale":[1.0,1.0,1.0],"Global":[-0.5033464431762695,0.8087253570556641,0.30431270599365237,2306.56005859375,0.8410420417785645,0.3777455985546112,0.38724270462989809,31.447406768798829,0.19822010397911073,0.45085689425468447,-0.8703087568283081,-1112.4134521484376,0.0,0.0,0.0,1.0]}]},{"UID":2458635492,"ParentUID":1805222616,"Name":"RightUpperArm_$AssimpFbx$_Translation","Static":0,"ActiveInHierarchy":1,"ActiveSelf":1,"isBoneRoot":0,"baseState":[1.0,0.0,0.0,0.0,0.0,1.0,0.0,0.0,0.0,0.0,1.0,0.0,0.0,0.0,0.0,1.0],"Components":[{"Type":0,"Enabled":1,"Position":[-17.286500930786134,6.917709827423096,19.19027328491211],"Rotation":[0.0,0.0,0.0,1.0],"Euler":[-0.0,0.0,-0.0],"Scale":[1.0,1.0,1.0],"Global":[0.9512239098548889,-0.02061869204044342,-0.3078119158744812,2321.484619140625,0.3075457513332367,0.14186467230319978,0.9408987164497376,48.56866455078125,0.024267524480819703,-0.9896712899208069,0.1412862092256546,-1155.6981201171876,0.0,0.0,0.0,1.0]}]},{"UID":1601824752,"ParentUID":2458635492,"Name":"RightUpperArm_$AssimpFbx$_PreRotation","Static":0,"ActiveInHierarchy":1,"ActiveSelf":1,"isBoneRoot":0,"baseState":[1.0,0.0,0.0,0.0,0.0,1.0,0.0,0.0,0.0,0.0,1.0,0.0,0.0,0.0,0.0,1.0],"Components":[{"Type":0,"Enabled":1,"Position":[0.0,0.0,0.0],"Rotation":[0.7071068286895752,-3.090862321641907e-8,0.7071068286895752,3.090862321641907e-8],"Euler":[180.0,90.0,0.0],"Scale":[1.0,1.0,1.0],"Global":[-0.30781206488609316,0.020618613809347154,0.9512240886688232,2321.484619140625,0.9408987760543823,-0.14186473190784455,0.30754566192626955,48.56866455078125,0.1412862241268158,0.989671528339386,0.024267597123980523,-1155.6981201171876,0.0,0.0,0.0,1.0]}]},{"UID":762398739,"ParentUID":1601824752,"Name":"RightUpperArm_$AssimpFbx$_Rotation","Static":0,"ActiveInHierarchy":1,"ActiveSelf":1,"isBoneRoot":0,"baseState":[1.0,0.0,0.0,0.0,0.0,1.0,0.0,0.0,0.0,0.0,1.0,0.0,0.0,0.0,0.0,1.0],"Components":[{"Type":0,"Enabled":1,"Position":[0.0,0.0,0.0],"Rotation":[0.556762158870697,0.0841188132762909,-0.057206135243177417,0.8244194388389587],"Euler":[68.47462463378906,4.3011040687561039,-10.866599082946778],"Scale":[0.9999999403953552,1.0,0.9999999403953552],"Global":[-0.49398136138916018,0.8139140009880066,0.30582189559936526,2321.484619140625,0.8592709898948669,0.4032673239707947,0.3146889805793762,48.56866455078125,0.13280168175697328,0.418234258890152,-0.8985790610313416,-1155.6981201171876,0.0,0.0,0.0,1.0]}]},{"UID":1236504310,"ParentUID":762398739,"Name":"RightUpperArm","Static":0,"ActiveInHierarchy":1,"ActiveSelf":1,"isBoneRoot":0,"baseState":[1.0,0.0,0.0,0.0,0.0,1.0,0.0,0.0,0.0,0.0,1.0,0.0,0.0,0.0,0.0,1.0],"Components":[{"Type":0,"Enabled":1,"Position":[0.0,0.0,0.0],"Rotation":[0.0,0.0,0.0,1.0],"Euler":[-0.0,0.0,-0.0],"Scale":[1.0,1.0,1.0],"Global":[-0.49398136138916018,0.8139140009880066,0.30582189559936526,2321.484619140625,0.8592709898948669,0.4032673239707947,0.3146889805793762,48.56866455078125,0.13280168175697328,0.418234258890152,-0.8985790610313416,-1155.6981201171876,0.0,0.0,0.0,1.0]}]},{"UID":1194092297,"ParentUID":1236504310,"Name":"RightLowerArm","Static":0,"ActiveInHierarchy":1,"ActiveSelf":1,"isBoneRoot":0,"baseState":[1.0,0.0,0.0,0.0,0.0,1.0,0.0,0.0,0.0,0.0,1.0,0.0,0.0,0.0,0.0,1.0],"Components":[{"Type":0,"Enabled":1,"Position":[-2.1316282072803007e-14,-3.552713678800501e-15,-25.116100311279298],"Rotation":[-0.0197119303047657,0.03358307480812073,0.006860698107630014,0.9992179870605469],"Euler":[-2.2891838550567629,3.8326873779296877,0.8633849620819092],"Scale":[1.0,0.9999999403953552,0.9999999403953552],"Global":[-0.5033464431762695,0.8087253570556641,0.30431270599365237,2313.803466796875,0.8410420417785645,0.3777455985546112,0.38724270462989809,40.6649055480957,0.19822010397911073,0.45085689425468447,-0.8703087568283081,-1133.1292724609376,0.0,0.0,0.0,1.0]}]},{"UID":130967728,"ParentUID":1194092297,"Name":"RightWrist","Static":0,"ActiveInHierarchy":1,"ActiveSelf":1,"isBoneRoot":0,"baseState":[1.0,0.0,0.0,0.0,0.0,1.0,0.0,0.0,0.0,0.0,1.0,0.0,0.0,0.0,0.0,1.0],"Components":[{"Type":0,"Enabled":1,"Position":[-1.4210854715202005e-14,-6.217248937900877e-15,-23.802900314331056],"Rotation":[0.0,0.0,0.0,1.0],"Euler":[-0.0,0.0,-0.0],"Scale":[1.0,1.0,1.0],"Global":[-0.5033464431762695,0.8087253570556641,0.30431270599365237,2306.56005859375,0.8410420417785645,0.3777455985546112,0.38724270462989809,31.447406768798829,0.19822010397911073,0.45085689425468447,-0.8703087568283081,-1112.4134521484376,0.0,0.0,0.0,1.0]}]},{"UID":3226207944,"ParentUID":130967728,"Name":"RightWristEnd","Static":0,"ActiveInHierarchy":1,"ActiveSelf":1,"isBoneRoot":0,"baseState":[1.0,0.0,0.0,0.0,0.0,1.0,0.0,0.0,0.0,0.0,1.0,0.0,0.0,0.0,0.0,1.0],"Components":[{"Type":0,"Enabled":1,"Position":[-7.105427357601002e-15,-2.6645352591003758e-15,-10.998499870300293],"Rotation":[0.0,0.0,0.0,1.0],"Euler":[-0.0,0.0,-0.0],"Scale":[1.0,1.0,1.0],"Global":[-0.5033464431762695,0.8087253570556641,0.30431270599365237,2303.213134765625,0.8410420417785645,0.3777455985546112,0.38724270462989809,27.188318252563478,0.19822010397911073,0.45085689425468447,-0.8703087568283081,-1102.84130859375,0.0,0.0,0.0,1.0]}]},{"UID":3101986510,"ParentUID":1805222616,"Name":"LeftUpperArmIK_$AssimpFbx$_Translation","Static":0,"ActiveInHierarchy":1,"ActiveSelf":1,"isBoneRoot":0,"baseState":[1.0,0.0,0.0,0.0,0.0,1.0,0.0,0.0,0.0,0.0,1.0,0.0,0.0,0.0,0.0,1.0],"Components":[{"Type":0,"Enabled":1,"Position":[17.286542892456056,6.917708873748779,19.190275192260743],"Rotation":[0.0,0.0,0.0,1.0],"Euler":[-0.0,0.0,-0.0],"Scale":[1.0,1.0,1.0],"Global":[0.9512239098548889,-0.02061869204044342,-0.3078119158744812,2354.371337890625,0.3075457513332367,0.14186467230319978,0.9408987164497376,59.20145797729492,0.024267524480819703,-0.9896712899208069,0.1412862092256546,-1154.859130859375,0.0,0.0,0.0,1.0]}]},{"UID":2398487352,"ParentUID":3101986510,"Name":"LeftUpperArmIK_$AssimpFbx$_PreRotation","Static":0,"ActiveInHierarchy":1,"ActiveSelf":1,"isBoneRoot":0,"baseState":[1.0,0.0,0.0,0.0,0.0,1.0,0.0,0.0,0.0,0.0,1.0,0.0,0.0,0.0,0.0,1.0],"Components":[{"Type":0,"Enabled":1,"Position":[0.0,0.0,0.0],"Rotation":[0.0,0.7071068286895752,0.0,0.7071068286895752],"Euler":[0.0,90.0,0.0],"Scale":[1.0,1.0,1.0],"Global":[0.30781182646751406,-0.02061869204044342,0.9512240886688232,2354.371337890625,-0.9408988952636719,0.14186467230319978,0.30754566192626955,59.20145797729492,-0.1412862241268158,-0.9896712899208069,0.024267511442303659,-1154.859130859375,0.0,0.0,0.0,1.0]}]},{"UID":2468034064,"ParentUID":2398487352,"Name":"LeftUpperArmIK_$AssimpFbx$_Rotation","Static":0,"ActiveInHierarchy":1,"ActiveSelf":1,"isBoneRoot":0,"baseState":[1.0,0.0,0.0,0.0,0.0,1.0,0.0,0.0,0.0,0.0,1.0,0.0,0.0,0.0,0.0,1.0],"Components":[{"Type":0,"Enabled":1,"Position":[0.0,0.0,0.0],"Rotation":[0.31282681226730349,-0.010337792336940766,0.949738621711731,0.005395377054810524],"Euler":[1.6393359899520875,36.44820022583008,178.80923461914063],"Scale":[1.0,0.9999999403953552,1.0],"Global":[0.3177039623260498,-8.381903171539307e-9,0.9481902122497559,2354.371337890625,0.9400068521499634,-0.13109871745109559,-0.3149619698524475,59.20145797729492,0.12430647015571594,0.9913694262504578,-0.041650544852018359,-1154.859130859375,0.0,0.0,0.0,1.0]}]},{"UID":3495053709,"ParentUID":2468034064,"Name":"LeftUpperArmIK","Static":0,"ActiveInHierarchy":1,"ActiveSelf":1,"isBoneRoot":0,"baseState":[1.0,0.0,0.0,0.0,0.0,1.0,0.0,0.0,0.0,0.0,1.0,0.0,0.0,0.0,0.0,1.0],"Components":[{"Type":0,"Enabled":1,"Position":[0.0,0.0,0.0],"Rotation":[0.0,0.0,0.0,1.0],"Euler":[-0.0,0.0,-0.0],"Scale":[1.0,1.0,1.0],"Global":[0.3177039623260498,-8.381903171539307e-9,0.9481902122497559,2354.371337890625,0.9400068521499634,-0.13109871745109559,-0.3149619698524475,59.20145797729492,0.12430647015571594,0.9913694262504578,-0.041650544852018359,-1154.859130859375,0.0,0.0,0.0,1.0]}]},{"UID":247717585,"ParentUID":3495053709,"Name":"LeftLowerArmIK","Static":0,"ActiveInHierarchy":1,"ActiveSelf":1,"isBoneRoot":0,"baseState":[1.0,0.0,0.0,0.0,0.0,1.0,0.0,0.0,0.0,0.0,1.0,0.0,0.0,0.0,0.0,1.0],"Components":[{"Type":0,"Enabled":1,"Position":[-1.5285317279343505e-15,1.5777218104420237e-30,25.116106033325197],"Rotation":[0.0,0.0,0.0,1.0],"Euler":[-0.0,0.0,-0.0],"Scale":[1.0,1.0,1.0],"Global":[0.3177039623260498,-8.381903171539307e-9,0.9481902122497559,2378.186279296875,0.9400068521499634,-0.13109871745109559,-0.3149619698524475,51.29084014892578,0.12430647015571594,0.9913694262504578,-0.041650544852018359,-1155.9052734375,0.0,0.0,0.0,1.0]}]},{"UID":2913357372,"ParentUID":247717585,"Name":"LeftWristIK","Static":0,"ActiveInHierarchy":1,"ActiveSelf":1,"isBoneRoot":0,"baseState":[1.0,0.0,0.0,0.0,0.0,1.0,0.0,0.0,0.0,0.0,1.0,0.0,0.0,0.0,0.0,1.0],"Components":[{"Type":0,"Enabled":1,"Position":[3.899229436511373e-14,-1.262177448353619e-29,23.802845001220704],"Rotation":[0.16060243546962739,0.010572974570095539,0.9848307371139526,0.06483491510152817],"Euler":[0.000006640630090259947,18.524093627929689,172.46688842773438],"Scale":[1.0,1.0,1.0],"Global":[-5.066394805908203e-7,-1.6391277313232423e-7,1.000000238418579,2400.755859375,-1.0000004768371583,-2.2724270820617677e-7,-4.172325134277344e-7,43.79384994506836,2.3469328880310059e-7,-1.0000003576278687,-1.5273690223693848e-7,-1156.896728515625,0.0,0.0,0.0,1.0]}]},{"UID":2365705666,"ParentUID":1805222616,"Name":"LeftUpperArmFK_$AssimpFbx$_Translation","Static":0,"ActiveInHierarchy":1,"ActiveSelf":1,"isBoneRoot":0,"baseState":[1.0,0.0,0.0,0.0,0.0,1.0,0.0,0.0,0.0,0.0,1.0,0.0,0.0,0.0,0.0,1.0],"Components":[{"Type":0,"Enabled":1,"Position":[17.286542892456056,6.917708873748779,19.190275192260743],"Rotation":[0.0,0.0,0.0,1.0],"Euler":[-0.0,0.0,-0.0],"Scale":[1.0,1.0,1.0],"Global":[0.9512239098548889,-0.02061869204044342,-0.3078119158744812,2354.371337890625,0.3075457513332367,0.14186467230319978,0.9408987164497376,59.20145797729492,0.024267524480819703,-0.9896712899208069,0.1412862092256546,-1154.859130859375,0.0,0.0,0.0,1.0]}]},{"UID":3003343351,"ParentUID":2365705666,"Name":"LeftUpperArmFK_$AssimpFbx$_PreRotation","Static":0,"ActiveInHierarchy":1,"ActiveSelf":1,"isBoneRoot":0,"baseState":[1.0,0.0,0.0,0.0,0.0,1.0,0.0,0.0,0.0,0.0,1.0,0.0,0.0,0.0,0.0,1.0],"Components":[{"Type":0,"Enabled":1,"Position":[0.0,0.0,0.0],"Rotation":[0.0,0.7071068286895752,0.0,0.7071068286895752],"Euler":[0.0,90.0,0.0],"Scale":[1.0,1.0,1.0],"Global":[0.30781182646751406,-0.02061869204044342,0.9512240886688232,2354.371337890625,-0.9408988952636719,0.14186467230319978,0.30754566192626955,59.20145797729492,-0.1412862241268158,-0.9896712899208069,0.024267511442303659,-1154.859130859375,0.0,0.0,0.0,1.0]}]},{"UID":2076107046,"ParentUID":3003343351,"Name":"LeftUpperArmFK_$AssimpFbx$_Rotation","Static":0,"ActiveInHierarchy":1,"ActiveSelf":1,"isBoneRoot":0,"baseState":[1.0,0.0,0.0,0.0,0.0,1.0,0.0,0.0,0.0,0.0,1.0,0.0,0.0,0.0,0.0,1.0],"Components":[{"Type":0,"Enabled":1,"Position":[0.0,0.0,0.0],"Rotation":[0.5178340077400208,0.06993471086025238,0.013773245736956597,0.8525065779685974],"Euler":[62.74095153808594,7.672128200531006,-2.830857276916504],"Scale":[0.9999999403953552,0.9999999403953552,0.9999999403953552],"Global":[0.20285165309906007,0.8471943736076355,0.49103298783302309,2354.371337890625,-0.95001620054245,0.29180416464805605,-0.11099550127983093,59.20145797729492,-0.23732012510299684,-0.44397348165512087,0.8640407919883728,-1154.859130859375,0.0,0.0,0.0,1.0]}]},{"UID":1092339760,"ParentUID":2076107046,"Name":"LeftUpperArmFK","Static":0,"ActiveInHierarchy":1,"ActiveSelf":1,"isBoneRoot":0,"baseState":[1.0,0.0,0.0,0.0,0.0,1.0,0.0,0.0,0.0,0.0,1.0,0.0,0.0,0.0,0.0,1.0],"Components":[{"Type":0,"Enabled":1,"Position":[0.0,0.0,0.0],"Rotation":[0.0,0.0,0.0,1.0],"Euler":[-0.0,0.0,-0.0],"Scale":[1.0,1.0,1.0],"Global":[0.20285165309906007,0.8471943736076355,0.49103298783302309,2354.371337890625,-0.95001620054245,0.29180416464805605,-0.11099550127983093,59.20145797729492,-0.23732012510299684,-0.44397348165512087,0.8640407919883728,-1154.859130859375,0.0,0.0,0.0,1.0]}]},{"UID":1251532684,"ParentUID":1092339760,"Name":"LeftLowerArmFK","Static":0,"ActiveInHierarchy":1,"ActiveSelf":1,"isBoneRoot":0,"baseState":[1.0,0.0,0.0,0.0,0.0,1.0,0.0,0.0,0.0,0.0,1.0,0.0,0.0,0.0,0.0,1.0],"Components":[{"Type":0,"Enabled":1,"Position":[-1.5285317279343505e-15,1.5777218104420237e-30,25.116106033325197],"Rotation":[0.01157606765627861,-0.029623854905366899,-0.008396320044994355,0.9994588494300842],"Euler":[1.299706220626831,-3.405949831008911,-0.9240021109580994],"Scale":[1.0,1.0,1.0],"Global":[0.2166484296321869,0.8617199063301086,0.4588058292865753,2366.7041015625,-0.959863543510437,0.2737681269645691,-0.060937512665987018,56.4136848449707,-0.17811740934848786,-0.42718881368637087,0.8864443898200989,-1133.1578369140626,0.0,0.0,0.0,1.0]}]},{"UID":3098649847,"ParentUID":1251532684,"Name":"LeftWristFK","Static":0,"ActiveInHierarchy":1,"ActiveSelf":1,"isBoneRoot":0,"baseState":[1.0,0.0,0.0,0.0,0.0,1.0,0.0,0.0,0.0,0.0,1.0,0.