{"GameObjects":[{"UID":1721719711,"ParentUID":0,"Name":"Scene","isStatic":0,"isBoneRoot":0,"Components":[{"Type":0,"Enabled":1,"Position":[0.0,0.0,0.0],"Rotation":[0.0,0.0,0.0,1.0],"Euler":[-0.0,0.0,-0.0],"Scale":[1.0,1.0,1.0],"Global":[1.0,0.0,0.0,0.0,0.0,1.0,0.0,0.0,0.0,0.0,1.0,0.0,0.0,0.0,0.0,1.0],"isLocked":0}]},{"UID":3544841586,"ParentUID":1721719711,"Name":"Skeleton","isStatic":0,"isBoneRoot":1,"Components":[{"Type":0,"Enabled":1,"Position":[0.0,0.0,0.0],"Rotation":[0.0,0.0,0.0,1.0],"Euler":[-0.0,0.0,-0.0],"Scale":[1.0,1.0,1.0],"Global":[1.0,0.0,0.0,0.0,0.0,1.0,0.0,0.0,0.0,0.0,1.0,0.0,0.0,0.0,0.0,1.0],"isLocked":1},{"Type":4,"Enabled":1,"animUID":702101370}]},{"UID":2502582408,"ParentUID":3544841586,"Name":"RootNode","isStatic":0,"isBoneRoot":0,"Components":[{"Type":0,"Enabled":1,"Position":[0.0,0.0,0.0],"Rotation":[0.0,0.0,0.0,1.0],"Euler":[-0.0,0.0,-0.0],"Scale":[1.0,1.0,1.0],"Global":[1.0,0.0,0.0,0.0,0.0,1.0,0.0,0.0,0.0,0.0,1.0,0.0,0.0,0.0,0.0,1.0],"isLocked":0}]},{"UID":606623074,"ParentUID":2502582408,"Name":"Zombunny","isStatic":0,"isBoneRoot":0,"Components":[{"Type":0,"Enabled":1,"Position":[0.0,0.0,0.0],"Rotation":[0.0,0.0,0.0,1.0],"Euler":[-0.0,0.0,-0.0],"Scale":[1.0,1.0,1.0],"Global":[1.0,0.0,0.0,0.0,0.0,1.0,0.0,0.0,0.0,0.0,1.0,0.0,0.0,0.0,0.0,1.0],"isLocked":0}]},{"UID":238913202,"ParentUID":2502582408,"Name":"Ctrl_Grp","isStatic":0,"isBoneRoot":0,"Components":[{"Type":0,"Enabled":1,"Position":[0.0,0.0,0.0],"Rotation":[0.0,0.0,0.0,1.0],"Euler":[-0.0,0.0,-0.0],"Scale":[1.0,1.0,1.0],"Global":[1.0,0.0,0.0,0.0,0.0,1.0,0.0,0.0,0.0,0.0,1.0,0.0,0.0,0.0,0.0,1.0],"isLocked":0}]},{"UID":1629647923,"ParentUID":238913202,"Name":"Root_$AssimpFbx$_PreRotation","isStatic":0,"isBoneRoot":0,"Components":[{"Type":0,"Enabled":1,"Position":[0.0,0.0,0.0],"Rotation":[0.0,0.0,0.7071068286895752,0.7071068286895752],"Euler":[-0.0,0.0,90.00000762939453],"Scale":[1.0,1.0,1.0],"Global":[-4.371138828673793e-8,-1.0,0.0,0.0,1.0,-4.371138828673793e-8,0.0,0.0,0.0,0.0,1.0,0.0,0.0,0.0,0.0,1.0],"isLocked":0}]},{"UID":3991816705,"ParentUID":1629647923,"Name":"Root","isStatic":0,"isBoneRoot":0,"Components":[{"Type":0,"Enabled":1,"Position":[0.0,0.0,0.0],"Rotation":[0.0,0.0,0.0,1.0],"Euler":[-0.0,0.0,-0.0],"Scale":[1.0,1.0,1.0],"Global":[-4.371138828673793e-8,-1.0,0.0,0.0,1.0,-4.371138828673793e-8,0.0,0.0,0.0,0.0,1.0,0.0,0.0,0.0,0.0,1.0],"isLocked":0}]},{"UID":971229998,"ParentUID":3991816705,"Name":"Hips_$AssimpFbx$_Translation","isStatic":0,"isBoneRoot":0,"Components":[{"Type":0,"Enabled":1,"Position":[0.0,0.0,26.8392391204834],"Rotation":[0.0,0.0,1.0,0.0],"Euler":[-0.0,0.0,-180.0],"Scale":[1.0,1.0,1.0],"Global":[4.371138828673793e-8,1.0,0.0,0.0,-1.0,4.371138828673793e-8,0.0,0.0,0.0,0.0,1.0,26.8392391204834,0.0,0.0,0.0,1.0],"isLocked":0}]},{"UID":1887718516,"ParentUID":971229998,"Name":"Hips_$AssimpFbx$_PreRotation","isStatic":0,"isBoneRoot":0,"Components":[{"Type":0,"Enabled":1,"Position":[0.0,0.0,0.0],"Rotation":[-0.5,0.5,-0.5,0.5],"Euler":[-90.0,90.0,0.0],"Scale":[1.0,1.0,1.0],"Global":[1.0,0.0,0.0,-0.27264413237571719,0.0,-4.371138828673793e-8,1.0,29.099836349487306,0.0,-1.0,-4.371138828673793e-8,0.0208236463367939,0.0,0.0,0.0,1.0],"isLocked":0}]},{"UID":3970297365,"ParentUID":1887718516,"Name":"Hips_$AssimpFbx$_Rotation","isStatic":0,"isBoneRoot":0,"Components":[{"Type":0,"Enabled":1,"Position":[0.0,0.0,0.0],"Rotation":[0.0,0.0,0.9997619390487671,-0.021820370107889177],"Euler":[-0.0,0.0,-177.49937438964845],"Scale":[0.9973840713500977,0.9973840713500977,1.0],"Global":[-0.9964343309402466,0.04351621866226196,0.0,-0.27264413237571719,1.9021544339636877e-9,4.355552718493527e-8,1.0,29.099836349487306,0.04351621866226196,0.9964343309402466,-4.371138828673793e-8,0.0208236463367939,0.0,0.0,0.0,1.0],"isLocked":0}]},{"UID":2772144919,"ParentUID":3970297365,"Name":"Hips","isStatic":0,"isBoneRoot":0,"Components":[{"Type":0,"Enabled":1,"Position":[0.0,0.0,0.0],"Rotation":[0.0,0.0,0.0,1.0],"Euler":[-0.0,0.0,-0.0],"Scale":[1.0,1.0,1.0],"Global":[0.9964057803153992,0.022697674110531808,-0.08161024004220963,-0.27264413237571719,0.08235751837491989,-0.03420829400420189,0.9960156083106995,29.099836349487306,0.019815489649772645,-0.9991569519042969,-0.03595466911792755,0.0208236463367939,0.0,0.0,0.0,1.0],"isLocked":0}]},{"UID":3980796336,"ParentUID":2772144919,"Name":"Spine","isStatic":0,"isBoneRoot":0,"Components":[{"Type":0,"Enabled":1,"Position":[0.0,0.0,2.886579864025407e-15],"Rotation":[0.0,0.0,0.989573061466217,0.14403246343135835],"Euler":[-0.0,0.0,163.43748474121095],"Scale":[0.9717574715614319,0.9717574715614319,1.0],"Global":[-0.9218032360076904,-0.2971562445163727,-0.08161024004220963,-0.27264413237571719,-0.08618701994419098,0.009049037471413613,0.9960156083106995,29.099836349487306,-0.29523375630378725,0.9251642227172852,-0.03595466911792755,0.0208236463367939,0.0,0.0,0.0,1.0],"isLocked":0}]},{"UID":371761822,"ParentUID":3980796336,"Name":"Head","isStatic":0,"isBoneRoot":0,"Components":[{"Type":0,"Enabled":1,"Position":[0.0,0.0,5.3290705182007517e-15],"Rotation":[0.0,0.0,0.9990174770355225,0.044319916516542438],"Euler":[-0.0,0.0,174.9196319580078],"Scale":[0.9884790182113648,0.9884790182113648,1.0],"Global":[0.8815927505493164,0.3732665479183197,-0.08161024004220963,-0.27264413237571719,0.0856514647603035,-0.0013654767535626889,0.9960156083106995,29.099836349487306,0.37166786193847659,-0.885070264339447,-0.03595466911792755,0.0208236463367939,0.0,0.0,0.0,1.0],"isLocked":0}]},{"UID":3683878719,"ParentUID":371761822,"Name":"HeadEnd","isStatic":0,"isBoneRoot":0,"Components":[{"Type":0,"Enabled":1,"Position":[1.6008797342230084e-14,4.002199335557521e-15,36.048606872558597],"Rotation":[0.0,0.0,0.0,1.0],"Euler":[-0.0,0.0,-0.0],"Scale":[1.0,1.0,1.0],"Global":[0.9822041392326355,-0.012624364346265793,-0.18739157915115357,-15.674064636230469,0.1780146360397339,0.3806825876235962,0.9074093699455261,102.80433654785156,0.059881240129470828,-0.9246196746826172,0.3761553168296814,16.143232345581056,0.0,0.0,0.0,1.0],"isLocked":0}]},{"UID":3333010839,"ParentUID":371761822,"Name":"LeftEar_$AssimpFbx$_Translation","isStatic":0,"isBoneRoot":0,"Components":[{"Type":0,"Enabled":1,"Position":[33.96649169921875,6.945112705230713,40.90422058105469],"Rotation":[0.0,0.0,0.0,1.0],"Euler":[-0.0,0.0,-0.0],"Scale":[1.0,1.0,1.0],"Global":[0.9822041392326355,-0.012624364346265793,-0.18739157915115357,16.690387725830079,0.1780146360397339,0.3806825876235962,0.9074093699455261,115.9007797241211,0.059881240129470828,-0.9246196746826172,0.3761553168296814,13.58206558227539,0.0,0.0,0.0,1.0],"isLocked":0}]},{"UID":3735428064,"ParentUID":3333010839,"Name":"LeftEar_$AssimpFbx$_PreRotation","isStatic":0,"isBoneRoot":0,"Components":[{"Type":0,"Enabled":1,"Position":[0.0,0.0,0.0],"Rotation":[-0.07782649993896485,0.3654193580150604,0.030676344409585,0.9270764589309692],"Euler":[-13.023125648498536,42.28109359741211,8.844686508178711],"Scale":[1.0,0.9999999403953552,1.0],"Global":[0.8459061980247498,-0.10134073346853256,0.5236151218414307,16.690387725830079,-0.4890035092830658,0.24450653791427613,0.837312638759613,115.9007797241211,-0.2128811478614807,-0.9643374681472778,0.15727362036705018,13.58206558227539,0.0,0.0,0.0,1.0],"isLocked":0}]},{"UID":3879248741,"ParentUID":3735428064,"Name":"LeftEar_$AssimpFbx$_Rotation","isStatic":0,"isBoneRoot":0,"Components":[{"Type":0,"Enabled":1,"Position":[0.0,0.0,0.0],"Rotation":[0.0,0.0,0.9876769781112671,-0.15650612115859986],"Euler":[-0.0,0.0,-161.99168395996095],"Scale":[0.9687186479568481,0.9687186479568481,1.0],"Global":[-0.7489519119262695,0.34669697284698489,0.5236151218414307,16.690387725830079,0.37727487087249758,-0.371703565120697,0.837312638759613,115.9007797241211,0.4849233031272888,0.8246536254882813,0.15727362036705018,13.58206558227539,0.0,0.0,0.0,1.0],"isLocked":0}]},{"UID":3626423268,"ParentUID":3879248741,"Name":"LeftEar","isStatic":0,"isBoneRoot":0,"Components":[{"Type":0,"Enabled":1,"Position":[0.0,0.0,0.0],"Rotation":[0.0,0.0,0.0,1.0],"Euler":[-0.0,0.0,-0.0],"Scale":[1.0,1.0,1.0],"Global":[0.7174640893936157,-0.15566658973693849,0.6789795160293579,16.690387725830079,-0.6596766114234924,0.16127508878707887,0.7340418100357056,115.9007797241211,-0.22376827895641328,-0.974555492401123,0.013019487261772156,13.58206558227539,0.0,0.0,0.0,1.0],"isLocked":0}]},{"UID":2984025469,"ParentUID":3626423268,"Name":"LeftEarEnd","isStatic":0,"isBoneRoot":0,"Components":[{"Type":0,"Enabled":1,"Position":[4.636124298996796e-15,3.019806626980426e-14,21.37394142150879],"Rotation":[0.0,0.0,0.0,1.0],"Euler":[-0.0,0.0,-0.0],"Scale":[1.0,1.0,1.0],"Global":[0.7174640893936157,-0.15566658973693849,0.6789795160293579,31.202856063842775,-0.6596766114234924,0.16127508878707887,0.7340418100357056,131.59014892578126,-0.22376827895641328,-0.974555492401123,0.013019487261772156,13.860342979431153,0.0,0.0,0.0,1.0],"isLocked":0}]},{"UID":1485009790,"ParentUID":371761822,"Name":"RightEar_$AssimpFbx$_Translation","isStatic":0,"isBoneRoot":0,"Components":[{"Type":0,"Enabled":1,"Position":[-33.96649932861328,6.945109844207764,40.90425491333008],"Rotation":[0.0,0.0,0.0,1.0],"Euler":[-0.0,0.0,-0.0],"Scale":[1.0,1.0,1.0],"Global":[0.9822041392326355,-0.012624364346265793,-0.18739157915115357,-50.03368377685547,0.1780146360397339,0.3806825876235962,0.9074093699455261,103.8077392578125,0.059881240129470828,-0.9246196746826172,0.3761553168296814,9.514167785644532,0.0,0.0,0.0,1.0],"isLocked":0}]},{"UID":2892472351,"ParentUID":1485009790,"Name":"RightEar_$AssimpFbx$_PreRotation","isStatic":0,"isBoneRoot":0,"Components":[{"Type":0,"Enabled":1,"Position":[0.0,0.0,0.0],"Rotation":[0.9270764589309692,-0.03067632019519806,0.3654193580150604,0.07782643288373947],"Euler":[166.97686767578126,42.28109359741211,8.844679832458496],"Scale":[1.0,0.9999999403953552,1.0],"Global":[0.5901848077774048,-0.12212486565113068,0.7979769706726074,-50.03368377685547,0.749280571937561,-0.2850075364112854,-0.5977871417999268,103.8077392578125,0.3004341721534729,0.950713574886322,-0.07670129835605622,9.514167785644532,0.0,0.0,0.0,1.0],"isLocked":0}]},{"UID":2505906018,"ParentUID":2892472351,"Name":"RightEar_$AssimpFbx$_Rotation","isStatic":0,"isBoneRoot":0,"Components":[{"Type":0,"Enabled":1,"Position":[0.0,0.0,0.0],"Rotation":[0.0,0.0,0.9831042885780335,-0.18304680287837983],"Euler":[-0.0,0.0,-158.9054412841797],"Scale":[0.9803756475448608,0.9803756475448608,1.0],"Global":[-0.49673813581466677,0.31994885206222536,0.7979769706726074,-50.03368377685547,-0.5847872495651245,0.525070309638977,-0.5977871417999268,103.8077392578125,-0.6102553606033325,-0.7635904550552368,-0.07670129835605622,9.514167785644532,0.0,0.0,0.0,1.0],"isLocked":0}]},{"UID":2855595918,"ParentUID":2505906018,"Name":"RightEar","isStatic":0,"isBoneRoot":0,"Components":[{"Type":0,"Enabled":1,"Position":[0.0,0.0,0.0],"Rotation":[0.0,0.0,0.0,1.0],"Euler":[-0.0,0.0,-0.0],"Scale":[1.0,1.0,1.0],"Global":[0.6994298100471497,-0.16884106397628785,0.6944714188575745,-50.03368377685547,0.6691707372665405,-0.1865682154893875,-0.7193073630332947,103.8077392578125,0.25101491808891299,0.9678249359130859,-0.01750783994793892,9.514167785644532,0.0,0.0,0.0,1.0],"isLocked":0}]},{"UID":693110929,"ParentUID":2855595918,"Name":"RightEarEnd","isStatic":0,"isBoneRoot":0,"Components":[{"Type":0,"Enabled":1,"Position":[-0.00008285293006338179,-0.000009097042493522168,-21.373830795288087],"Rotation":[0.0,0.0,0.0,1.0],"Euler":[-0.0,0.0,-0.0],"Scale":[1.0,1.0,1.0],"Global":[0.6994298100471497,-0.16884106397628785,0.6944714188575745,-64.87725830078125,0.6691707372665405,-0.1865682154893875,-0.7193073630332947,119.18203735351563,0.25101491808891299,0.9678249359130859,-0.01750783994793892,9.888347625732422,0.0,0.0,0.0,1.0],"isLocked":0}]},{"UID":4222691734,"ParentUID":3980796336,"Name":"LeftUpperArm_$AssimpFbx$_Translation","isStatic":0,"isBoneRoot":0,"Components":[{"Type":0,"Enabled":1,"Position":[17.286542892456056,6.917708873748779,19.190275192260743],"Rotation":[0.0,0.0,0.0,1.0],"Euler":[-0.0,0.0,-0.0],"Scale":[1.0,1.0,1.0],"Global":[0.9512237906455994,-0.020618654787540437,-0.3078117072582245,8.563364028930664,0.30754554271698,0.1418645679950714,0.9408987164497376,72.77976989746094,0.02426750399172306,-0.9896713495254517,0.14128613471984864,-4.385704040527344,0.0,0.0,0.0,1.0],"isLocked":0}]},{"UID":2573783717,"ParentUID":4222691734,"Name":"LeftUpperArm_$AssimpFbx$_PreRotation","isStatic":0,"isBoneRoot":0,"Components":[{"Type":0,"Enabled":1,"Position":[0.0,0.0,0.0],"Rotation":[0.0,0.7071068286895752,0.0,0.7071068286895752],"Euler":[0.0,90.0,0.0],"Scale":[1.0,1.0,1.0],"Global":[0.3078116774559021,-0.020618654787540437,0.9512237906455994,8.563364028930664,-0.9408987164497376,0.1418645679950714,0.3075455129146576,72.77976989746094,-0.14128613471984864,-0.9896713495254517,0.024267498403787614,-4.385704040527344,0.0,0.0,0.0,1.0],"isLocked":0}]},{"UID":518663686,"ParentUID":2573783717,"Name":"LeftUpperArm_$AssimpFbx$_Rotation","isStatic":0,"isBoneRoot":0,"Components":[{"Type":0,"Enabled":1,"Position":[0.0,0.0,0.0],"Rotation":[0.0,0.0,0.8538115620613098,0.5205822587013245],"Euler":[-0.0,0.0,117.25736236572266],"Scale":[0.9937451481819153,0.9937451481819153,1.0],"Global":[-0.15830682218074799,-0.2625361979007721,0.9512237906455994,8.563364028930664,0.5535480380058289,0.7666221261024475,0.3075455129146576,72.77976989746094,-0.809971034526825,0.5752346515655518,0.024267498403787614,-4.385704040527344,0.0,0.0,0.0,1.0],"isLocked":0}]},{"UID":2047340337,"ParentUID":518663686,"Name":"LeftUpperArm","isStatic":0,"isBoneRoot":0,"Components":[{"Type":0,"Enabled":1,"Position":[0.0,0.0,0.0],"Rotation":[0.0,0.0,0.0,1.0],"Euler":[-0.0,0.0,-0.0],"Scale":[1.0,1.0,1.0],"Global":[0.2028515487909317,0.8471940755844116,0.49103283882141116,8.563364028930664,-0.9500160813331604,0.2918039560317993,-0.11099545657634735,72.77976989746094,-0.23732005059719087,-0.44397348165512087,0.8640408515930176,-4.385704040527344,0.0,0.0,0.0,1.0],"isLocked":0}]},{"UID":684090536,"ParentUID":2047340337,"Name":"LeftLowerArm","isStatic":0,"isBoneRoot":0,"Components":[{"Type":0,"Enabled":1,"Position":[0.0,0.0,-1.5285317279343505e-15],"Rotation":[0.0,0.0,1.0,0.0],"Euler":[-0.0,0.0,-180.0],"Scale":[1.0,1.0,1.0],"Global":[-0.2028515487909317,-0.8471940755844116,0.49103283882141116,8.563364028930664,0.9500160813331604,-0.2918039560317993,-0.11099545657634735,72.77976989746094,0.23732005059719087,0.44397348165512087,0.8640408515930176,-4.385704040527344,0.0,0.0,0.0,1.0],"isLocked":0}]},{"UID":3578476483,"ParentUID":684090536,"Name":"LeftWrist","isStatic":0,"isBoneRoot":0,"Components":[{"Type":0,"Enabled":1,"Position":[0.0,0.0,3.899229436511373e-14],"Rotation":[0.0,0.0,1.0,0.0],"Euler":[-0.0,0.0,-180.0],"Scale":[1.0,1.0,1.0],"Global":[0.2028515487909317,0.8471940755844116,0.49103283882141116,8.563364028930664,-0.9500160813331604,0.2918039560317993,-0.11099545657634735,72.77976989746094,-0.23732005059719087,-0.44397348165512087,0.8640408515930176,-4.385704040527344,0.0,0.0,0.0,1.0],"isLocked":0}]},{"UID":3670516339,"ParentUID":3578476483,"Name":"LeftWristEnd","isStatic":0,"isBoneRoot":0,"Components":[{"Type":0,"Enabled":1,"Position":[-9.326514610792387e-15,6.310887241768095e-30,10.998556137084961],"Rotation":[0.0,0.0,0.0,1.0],"Euler":[-0.0,0.0,-0.0],"Scale":[1.0,1.0,1.0],"Global":[0.22954408824443818,0.8617196083068848,0.4524916112422943,36.7938346862793,-0.961203396320343,0.2737679183483124,-0.03375242277979851,68.17028045654297,-0.15296286344528199,-0.42718881368637087,0.8911295533180237,48.2166748046875,0.0,0.0,0.0,1.0],"isLocked":0}]},{"UID":3251039805,"ParentUID":3980796336,"Name":"LeftUpperArmFK_$AssimpFbx$_Translation","isStatic":0,"isBoneRoot":0,"Components":[{"Type":0,"Enabled":1,"Position":[17.286542892456056,6.917708873748779,19.190275192260743],"Rotation":[0.0,0.0,0.0,1.0],"Euler":[-0.0,0.0,-0.0],"Scale":[1.0,1.0,1.0],"Global":[0.9512237906455994,-0.020618654787540437,-0.3078117072582245,8.563364028930664,0.30754554271698,0.1418645679950714,0.9408987164497376,72.77976989746094,0.02426750399172306,-0.9896713495254517,0.14128613471984864,-4.385704040527344,0.0,0.0,0.0,1.0],"isLocked":0}]},{"UID":3579472646,"ParentUID":3251039805,"Name":"LeftUpperArmFK_$AssimpFbx$_PreRotation","isStatic":0,"isBoneRoot":0,"Components":[{"Type":0,"Enabled":1,"Position":[0.0,0.0,0.0],"Rotation":[0.0,0.7071068286895752,0.0,0.7071068286895752],"Euler":[0.0,90.0,0.0],"Scale":[1.0,1.0,1.0],"Global":[0.3078116774559021,-0.020618654787540437,0.9512237906455994,8.563364028930664,-0.9408987164497376,0.1418645679950714,0.3075455129146576,72.77976989746094,-0.14128613471984864,-0.9896713495254517,0.024267498403787614,-4.385704040527344,0.0,0.0,0.0,1.0],"isLocked":0}]},{"UID":4052269504,"ParentUID":3579472646,"Name":"LeftUpperArmFK_$AssimpFbx$_Rotation","isStatic":0,"isBoneRoot":0,"Components":[{"Type":0,"Enabled":1,"Position":[0.0,0.0,0.0],"Rotation":[0.0,0.0,0.8538115620613098,0.5205822587013245],"Euler":[-0.0,0.0,117.25736236572266],"Scale":[0.9937451481819153,0.9937451481819153,1.0],"Global":[-0.15830682218074799,-0.2625361979007721,0.9512237906455994,8.563364028930664,0.5535480380058289,0.7666221261024475,0.3075455129146576,72.77976989746094,-0.809971034526825,0.5752346515655518,0.024267498403787614,-4.385704040527344,0.0,0.0,0.0,1.0],"isLocked":0}]},{"UID":858172196,"ParentUID":4052269504,"Name":"LeftUpperArmFK","isStatic":0,"isBoneRoot":0,"Components":[{"Type":0,"Enabled":1,"Position":[0.0,0.0,0.0],"Rotation":[0.0,0.0,0.0,1.0],"Euler":[-0.0,0.0,-0.0],"Scale":[1.0,1.0,1.0],"Global":[0.2028515487909317,0.8471940755844116,0.49103283882141116,8.563364028930664,-0.9500160813331604,0.2918039560317993,-0.11099545657634735,72.77976989746094,-0.23732005059719087,-0.44397348165512087,0.8640408515930176,-4.385704040527344,0.0,0.0,0.0,1.0],"isLocked":0}]},{"UID":1218362911,"ParentUID":858172196,"Name":"LeftLowerArmFK","isStatic":0,"isBoneRoot":0,"Components":[{"Type":0,"Enabled":1,"Position":[0.0,0.0,-1.5285317279343505e-15],"Rotation":[0.0,0.0,1.0,0.0],"Euler":[-0.0,0.0,-180.0],"Scale":[1.0,1.0,1.0],"Global":[-0.2028515487909317,-0.8471940755844116,0.49103283882141116,8.563364028930664,0.9500160813331604,-0.2918039560317993,-0.11099545657634735,72.77976989746094,0.23732005059719087,0.44397348165512087,0.8640408515930176,-4.385704040527344,0.0,0.0,0.0,1.0],"isLocked":0}]},{"UID":2741954797,"ParentUID":1218362911,"Name":"LeftWristFK","isStatic":0,"isBoneRoot":0,"Components":[{"Type":0,"Enabled":1,"Position":[0.0,0.0,3.899229436511373e-14],"Rotation":[0.0,0.0,1.0,0.0],"Euler":[-0.0,0.0,-180.0],"Scale":[1.0,1.0,1.0],"Global":[0.2028515487909317,0.8471940755844116,0.49103283882141116,8.563364028930664,-0.9500160813331604,0.2918039560317993,-0.11099545657634735,72.77976989746094,-0.23732005059719087,-0.44397348165512087,0.8640408515930176,-4.385704040527344,0.0,0.0,0.0,1.0],"isLocked":0}]},{"UID":882352294,"ParentUID":3980796336,"Name":"LeftUpperArmIK_$AssimpFbx$_Translation","isStatic":0,"isBoneRoot":0,"Components":[{"Type":0,"Enabled":1,"Position":[17.286542892456056,6.917708873748779,19.190275192260743],"Rotation":[0.0,0.0,0.0,1.0],"Euler":[-0.0,0.0,-0.0],"Scale":[1.0,1.0,1.0],"Global":[0.9512237906455994,-0.020618654787540437,-0.3078117072582245,8.563364028930664,0.30754554271698,0.1418645679950714,0.9408987164497376,72.77976989746094,0.02426750399172306,-0.9896713495254517,0.14128613471984864,-4.385704040527344,0.0,0.0,0.0,1.0],"isLocked":0}]},{"UID":1708905244,"ParentUID":882352294,"Name":"LeftUpperArmIK_$AssimpFbx$_PreRotation","isStatic":0,"isBoneRoot":0,"Components":[{"Type":0,"Enabled":1,"Position":[0.0,0.0,0.0],"Rotation":[0.0,0.7071068286895752,0.0,0.7071068286895752],"Euler":[0.0,90.0,0.0],"Scale":[1.0,1.0,1.0],"Global":[0.3078116774559021,-0.020618654787540437,0.9512237906455994,8.563364028930664,-0.9408987164497376,0.1418645679950714,0.3075455129146576,72.77976989746094,-0.14128613471984864,-0.9896713495254517,0.024267498403787614,-4.385704040527344,0.0,0.0,0.0,1.0],"isLocked":0}]},{"UID":1208106695,"ParentUID":1708905244,"Name":"LeftUpperArmIK_$AssimpFbx$_Rotation","isStatic":0,"isBoneRoot":0,"Components":[{"Type":0,"Enabled":1,"Position":[0.0,0.0,0.0],"Rotation":[0.0,0.0,-0.001818255172111094,0.9999984502792358],"Euler":[0.0,0.0,-0.2083568125963211],"Scale":[0.9999316930770874,0.9999316930770874,1.0],"Global":[0.30786359310150149,-0.01949782855808735,0.9512237906455994,8.563364028930664,-0.9413440823554993,0.1384325921535492,0.3075455129146576,72.77976989746094,-0.13767684996128083,-0.9901109337806702,0.024267498403787614,-4.385704040527344,0.0,0.0,0.0,1.0],"isLocked":0}]},{"UID":1668291207,"ParentUID":1208106695,"Name":"LeftUpperArmIK","isStatic":0,"isBoneRoot":0,"Components":[{"Type":0,"Enabled":1,"Position":[0.0,0.0,0.0],"Rotation":[0.0,0.0,0.0,1.0],"Euler":[-0.0,0.0,-0.0],"Scale":[1.0,1.0,1.0],"Global":[0.3177039623260498,-4.284083843231201e-8,0.9481898546218872,8.563364028930664,0.9400065541267395,-0.13109858334064485,-0.31496208906173708,72.77976989746094,0.12430637329816818,0.991369366645813,-0.04165051132440567,-4.385704040527344,0.0,0.0,0.0,1.0],"isLocked":0}]},{"UID":1364423532,"ParentUID":1668291207,"Name":"LeftLowerArmIK","isStatic":0,"isBoneRoot":0,"Components":[{"Type":0,"Enabled":1,"Position":[0.0,0.0,-1.5285317279343505e-15],"Rotation":[0.0,0.0,1.0,0.0],"Euler":[-0.0,0.0,-180.0],"Scale":[1.0,1.0,1.0],"Global":[-0.3177039623260498,4.284083843231201e-8,0.9481898546218872,8.563364028930664,-0.9400065541267395,0.13109858334064485,-0.31496208906173708,72.77976989746094,-0.12430637329816818,-0.991369366645813,-0.04165051132440567,-4.385704040527344,0.0,0.0,0.0,1.0],"isLocked":0}]},{"UID":1941522169,"ParentUID":1364423532,"Name":"LeftWristIK","isStatic":0,"isBoneRoot":0,"Components":[{"Type":0,"Enabled":1,"Position":[0.0,0.0,3.899229436511373e-14],"Rotation":[0.0,0.0,0.018154282122850419,0.9998353123664856],"Euler":[-0.0,0.0,2.080441951751709],"Scale":[0.9717415571212769,0.9717415571212769,1.0],"Global":[-0.30852264165878298,0.011207596398890019,0.9481898546218872,8.563364028930664,-0.9082165956497192,0.16047033667564393,-0.31496208906173708,72.77976989746094,-0.15568630397319795,-0.958334743976593,-0.04165051132440567,-4.385704040527344,0.0,0.0,0.0,1.0],"isLocked":0}]},{"UID":2702303050,"ParentUID":3980796336,"Name":"RightUpperArm_$AssimpFbx$_Translation","isStatic":0,"isBoneRoot":0,"Components":[{"Type":0,"Enabled":1,"Position":[-17.286500930786134,6.917709827423096,19.19027328491211],"Rotation":[0.0,0.0,0.0,1.0],"Euler":[-0.0,0.0,-0.0],"Scale":[1.0,1.0,1.0],"Global":[0.9512237906455994,-0.020618654787540437,-0.3078117072582245,-24.323335647583009,0.30754554271698,0.1418645679950714,0.9408987164497376,62.14698791503906,0.02426750399172306,-0.9896713495254517,0.14128613471984864,-5.224707126617432,0.0,0.0,0.0,1.0],"isLocked":0}]},{"UID":3809797552,"ParentUID":2702303050,"Name":"RightUpperArm_$AssimpFbx$_PreRotation","isStatic":0,"isBoneRoot":0,"Components":[{"Type":0,"Enabled":1,"Position":[0.0,0.0,0.0],"Rotation":[0.7071068286895752,-3.090862321641907e-8,0.7071068286895752,3.090862321641907e-8],"Euler":[180.0,90.0,0.0],"Scale":[1.0,1.0,1.0],"Global":[-0.3078117370605469,0.02061857096850872,0.9512237906455994,-24.323335647583009,0.9408987164497376,-0.1418645977973938,0.30754557251930239,62.14698791503906,0.14128613471984864,0.9896713495254517,0.024267595261335374,-5.224707126617432,0.0,0.0,0.0,1.0],"isLocked":0}]},{"UID":1905803695,"ParentUID":3809797552,"Name":"RightUpperArm_$AssimpFbx$_Rotation","isStatic":0,"isBoneRoot":0,"Components":[{"Type":0,"Enabled":1,"Position":[0.0,0.0,0.0],"Rotation":[0.0,0.0,0.8219251036643982,0.5695956349372864],"Euler":[-0.0,0.0,110.55593872070313],"Scale":[0.9849680066108704,0.9849680066108704,1.0],"Global":[0.12547028064727784,0.2767501175403595,0.9512237906455994,-24.323335647583009,-0.45623907446861269,-0.8186855316162109,0.30754557251930239,62.14698791503906,0.8638664484024048,-0.47257328033447268,0.024267595261335374,-5.224707126617432,0.0,0.0,0.0,1.0],"isLocked":0}]},{"UID":1548418432,"ParentUID":1905803695,"Name":"RightUpperArm","isStatic":0,"isBoneRoot":0,"Components":[{"Type":0,"Enabled":1,"Position":[0.0,0.0,0.0],"Rotation":[0.0,0.0,0.0,1.0],"Euler":[-0.0,0.0,-0.0],"Scale":[1.0,1.0,1.0],"Global":[-0.4939810037612915,0.8139137625694275,0.30582183599472048,-24.323335647583009,0.8592709898948669,0.4032672643661499,0.3146887719631195,62.14698791503906,0.1328015923500061,0.41823410987854006,-0.8985788822174072,-5.224707126617432,0.0,0.0,0.0,1.0],"isLocked":0}]},{"UID":2501598688,"ParentUID":1548418432,"Name":"RightLowerArm","isStatic":0,"isBoneRoot":0,"Components":[{"Type":0,"Enabled":1,"Position":[0.0,0.0,-2.1316282072803007e-14],"Rotation":[0.0,0.0,1.0,0.0],"Euler":[-0.0,0.0,-180.0],"Scale":[1.0,1.0,1.0],"Global":[0.4939810037612915,-0.8139137625694275,0.30582183599472048,-24.323335647583009,-0.8592709898948669,-0.4032672643661499,0.3146887719631195,62.14698791503906,-0.1328015923500061,-0.41823410987854006,-0.8985788822174072,-5.224707126617432,0.0,0.0,0.0,1.0],"isLocked":0}]},{"UID":1582417956,"ParentUID":2501598688,"Name":"RightWrist","isStatic":0,"isBoneRoot":0,"Components":[{"Type":0,"Enabled":1,"Position":[0.0,0.0,-1.4210854715202005e-14],"Rotation":[0.0,0.0,1.0,0.0],"Euler":[-0.0,0.0,-180.0],"Scale":[1.0,1.0,1.0],"Global":[-0.4939810037612915,0.8139137625694275,0.30582183599472048,-24.323335647583009,0.8592709898948669,0.4032672643661499,0.3146887719631195,62.14698791503906,0.1328015923500061,0.41823410987854006,-0.8985788822174072,-5.224707126617432,0.0,0.0,0.0,1.0],"isLocked":0}]},{"UID":3158838149,"ParentUID":1582417956,"Name":"RightWristEnd","isStatic":0,"isBoneRoot":0,"Components":[{"Type":0,"Enabled":1,"Position":[-7.105427357601002e-15,-2.6645352591003758e-15,-10.998499870300293],"Rotation":[0.0,0.0,0.0,1.0],"Euler":[-0.0,0.0,-0.0],"Scale":[1.0,1.0,1.0],"Global":[-0.5033460855484009,0.8087250590324402,0.30431267619132998,-42.59489440917969,0.8410420417785645,0.37774553894996645,0.38724249601364138,40.76665115356445,0.19821998476982118,0.4508567452430725,-0.8703085780143738,47.632049560546878,0.0,0.0,0.0,1.0],"isLocked":0}]},{"UID":2682840068,"ParentUID":3980796336,"Name":"RightUpperArmFK_$AssimpFbx$_Translation","isStatic":0,"isBoneRoot":0,"Components":[{"Type":0,"Enabled":1,"Position":[-17.286500930786134,6.917709827423096,19.19027328491211],"Rotation":[0.0,0.0,0.0,1.0],"Euler":[-0.0,0.0,-0.0],"Scale":[1.0,1.0,1.0],"Global":[0.9512237906455994,-0.020618654787540437,-0.3078117072582245,-24.323335647583009,0.30754554271698,0.1418645679950714,0.9408987164497376,62.14698791503906,0.02426750399172306,-0.9896713495254517,0.14128613471984864,-5.224707126617432,0.0,0.0,0.0,1.0],"isLocked":0}]},{"UID":3581179155,"ParentUID":2682840068,"Name":"RightUpperArmFK_$AssimpFbx$_PreRotation","isStatic":0,"isBoneRoot":0,"Components":[{"Type":0,"Enabled":1,"Position":[0.0,0.0,0.0],"Rotation":[0.7071068286895752,-3.090862321641907e-8,0.7071068286895752,3.090862321641907e-8],"Euler":[180.0,90.0,0.0],"Scale":[1.0,1.0,1.0],"Global":[-0.3078117370605469,0.02061857096850872,0.9512237906455994,-24.323335647583009,0.9408987164497376,-0.1418645977973938,0.30754557251930239,62.14698791503906,0.14128613471984864,0.9896713495254517,0.024267595261335374,-5.224707126617432,0.0,0.0,0.0,1.0],"isLocked":0}]},{"UID":2952015879,"ParentUID":3581179155,"Name":"RightUpperArmFK_$AssimpFbx$_Rotation","isStatic":0,"isBoneRoot":0,"Components":[{"Type":0,"Enabled":1,"Position":[0.0,0.0,0.0],"Rotation":[0.0,0.0,0.8219251036643982,0.5695956349372864],"Euler":[-0.0,0.0,110.55593872070313],"Scale":[0.9849680066108704,0.9849680066108704,1.0],"Global":[0.12547028064727784,0.2767501175403595,0.9512237906455994,-24.323335647583009,-0.45623907446861269,-0.8186855316162109,0.30754557251930239,62.14698791503906,0.8638664484024048,-0.47257328033447268,0.024267595261335374,-5.224707126617432,0.0,0.0,0.0,1.0],"isLocked":0}]},{"UID":854913024,"ParentUID":2952015879,"Name":"RightUpperArmFK","isStatic":0,"isBoneRoot":0,"Components":[{"Type":0,"Enabled":1,"Position":[0.0,0.0,0.0],"Rotation":[0.0,0.0,0.0,1.0],"Euler":[-0.0,0.0,-0.0],"Scale":[1.0,1.0,1.0],"Global":[-0.4939810037612915,0.8139137625694275,0.30582183599472048,-24.323335647583009,0.8592709898948669,0.4032672643661499,0.3146887719631195,62.14698791503906,0.1328015923500061,0.41823410987854006,-0.8985788822174072,-5.224707126617432,0.0,0.0,0.0,1.0],"isLocked":0}]},{"UID":2137994780,"ParentUID":854913024,"Name":"RightLowerArmFK","isStatic":0,"isBoneRoot":0,"Components":[{"Type":0,"Enabled":1,"Position":[0.0,0.0,-2.1316282072803007e-14],"Rotation":[0.0,0.0,1.0,0.0],"Euler":[-0.0,0.0,-180.0],"Scale":[1.0,1.0,1.0],"Global":[0.4939810037612915,-0.8139137625694275,0.30582183599472048,-24.323335647583009,-0.8592709898948669,-0.4032672643661499,0.3146887719631195,62.14698791503906,-0.1328015923500061,-0.41823410987854006,-0.8985788822174072,-5.224707126617432,0.0,0.0,0.0,1.0],"isLocked":0}]},{"UID":462191624,"ParentUID":2137994780,"Name":"RightWristFK","isStatic":0,"isBoneRoot":0,"Components":[{"Type":0,"Enabled":1,"Position":[0.0,0.0,-1.4210854715202005e-14],"Rotation":[0.0,0.0,1.0,0.0],"Euler":[-0.0,0.0,-180.0],"Scale":[1.0,1.0,1.0],"Global":[-0.4939810037612915,0.8139137625694275,0.30582183599472048,-24.323335647583009,0.8592709898948669,0.4032672643661499,0.3146887719631195,62.14698791503906,0.1328015923500061,0.41823410987854006,-0.8985788822174072,-5.224707126617432,0.0,0.0,0.0,1.0],"isLocked":0}]},{"UID":3331645632,"ParentUID":3980796336,"Name":"RightUpperArmIK_$AssimpFbx$_Translation","isStatic":0,"isBoneRoot":0,"Components":[{"Type":0,"Enabled":1,"Position":[-17.286500930786134,6.917709827423096,19.19027328491211],"Rotation":[0.0,0.0,0.0,1.0],"Euler":[-0.0,0.0,-0.0],"Scale":[1.0,1.0,1.0],"Global":[0.9512237906455994,-0.020618654787540437,-0.3078117072582245,-24.323335647583009,0.30754554271698,0.1418645679950714,0.9408987164497376,62.14698791503906,0.02426750399172306,-0.9896713495254517,0.14128613471984864,-5.224707126617432,0.0,0.0,0.0,1.0],"isLocked":0}]},{"UID":2262808549,"ParentUID":3331645632,"Name":"RightUpperArmIK_$AssimpFbx$_PreRotation","isStatic":0,"isBoneRoot":0,"Components":[{"Type":0,"Enabled":1,"Position":[0.0,0.0,0.0],"Rotation":[0.7071068286895752,-3.090862321641907e-8,0.7071068286895752,3.090862321641907e-8],"Euler":[180.0,90.0,0.0],"Scale":[1.0,1.0,1.0],"Global":[-0.3078117370605469,0.02061857096850872,0.9512237906455994,-24.323335647583009,0.9408987164497376,-0.1418645977973938,0.30754557251930239,62.14698791503906,0.14128613471984864,0.9896713495254517,0.024267595261335374,-5.224707126617432,0.0,0.0,0.0,1.0],"isLocked":0}]},{"UID":2258372936,"ParentUID":2262808549,"Name":"RightUpperArmIK_$AssimpFbx$_Rotation","isStatic":0,"isBoneRoot":0,"Components":[{"Type":0,"Enabled":1,"Position":[0.0,0.0,0.0],"Rotation":[0.0,0.0,-0.018396694213151933,0.9998307824134827],"Euler":[0.0,0.0,-2.108224868774414],"Scale":[0.9812626242637634,0.9812626242637634,1.0],"Global":[-0.3025839924812317,0.009107191115617752,0.9512237906455994,-24.323335647583009,0.9277648329734802,-0.10514776408672333,0.30754557251930239,62.14698791503906,0.10281993448734284,0.9755703210830689,0.024267595261335374,-5.224707126617432,0.0,0.0,0.0,1.0],"isLocked":0}]},{"UID":1962298402,"ParentUID":2258372936,"Name":"RightUpperArmIK","isStatic":0,"isBoneRoot":0,"Components":[{"Type":0,"Enabled":1,"Position":[0.0,0.0,0.0],"Rotation":[0.0,0.0,0.0,1.0],"Euler":[-0.0,0.0,-0.0],"Scale":[1.0,1.0,1.0],"Global":[0.6414387226104736,5.587935447692871e-8,0.767174243927002,-24.323335647583009,-0.7524434328079224,0.19502483308315278,0.6291220188140869,62.14698791503906,-0.149617999792099,-0.9807983636856079,0.12509649991989137,-5.224707126617432,0.0,0.0,0.0,1.0],"isLocked":0}]},{"UID":4032658858,"ParentUID":1962298402,"Name":"RightLowerArmIK","isStatic":0,"isBoneRoot":0,"Components":[{"Type":0,"Enabled":1,"Position":[0.0,0.0,-2.1316282072803007e-14],"Rotation":[0.0,0.0,1.0,0.0],"Euler":[-0.0,0.0,-180.0],"Scale":[0.5171999931335449,0.5171999931335449,1.0],"Global":[-0.33175209164619448,-2.8900801751774453e-8,0.767174243927002,-24.323335647583009,0.3891637325286865,-0.10086683928966522,0.6291220188140869,62.14698791503906,0.07738243043422699,0.5072689056396484,0.12509649991989137,-5.224707126617432,0.0,0.0,0.0,1.0],"isLocked":0}]},{"UID":2392605599,"ParentUID":4032658858,"Name":"RightWristIK","isStatic":0,"isBoneRoot":0,"Components":[{"Type":0,"Enabled":1,"Position":[0.0,0.0,-1.4210854715202005e-14],"Rotation":[0.0,0.0,-0.044995762407779697,0.9989872574806213],"Euler":[0.0,0.0,-5.157876491546631],"Scale":[0.8937640190124512,0.8937640190124512,1.0],"Global":[-0.295307457447052,-0.02665621228516102,0.767174243927002,-24.323335647583009,0.35451674461364748,-0.058516912162303928,0.6291220188140869,62.14698791503906,0.028122667223215104,0.4577605128288269,0.12509649991989137,-5.224707126617432,0.0,0.0,0.0,1.0],"isLocked":0}]},{"UID":1780450378,"ParentUID":2772144919,"Name":"LeftLeg_$AssimpFbx$_Translation","isStatic":0,"isBoneRoot":0,"Components":[{"Type":0,"Enabled":1,"Position":[15.48828125,-12.964345932006836,0.01975155808031559],"Rotation":[0.0,0.0,0.0,1.0],"Euler":[-0.0,0.0,-0.0],"Scale":[1.0,1.0,1.0],"Global":[0.9964057803153992,0.022697674110531808,-0.08161024004220963,14.864097595214844,0.08235751837491989,-0.03420829400420189,0.9960156083106995,30.838573455810548,0.019815489649772645,-0.9991569519042969,-0.03595466911792755,13.280437469482422,0.0,0.0,0.0,1.0],"isLocked":0}]},{"UID":3673183018,"ParentUID":1780450378,"Name":"LeftLeg_$AssimpFbx$_PreRotation","isStatic":0,"isBoneRoot":0,"Components":[{"Type":0,"Enabled":1,"Position":[0.0,0.0,0.0],"Rotation":[0.9999510049819946,4.3272238570146728e-10,0.009899534285068512,-4.370924600038961e-8],"Euler":[-179.99998474121095,1.134421467781067,-9.91872397548832e-8],"Scale":[1.0,1.0,1.0],"Global":[0.9945948719978333,-0.02269766479730606,0.10132117569446564,14.864097595214844,0.10206060111522675,0.034208208322525027,-0.9941897988319397,30.838573455810548,0.019099771976470948,0.9991569519042969,0.03633984178304672,13.280437469482422,0.0,0.0,0.0,1.0],"isLocked":0}]},{"UID":492548024,"ParentUID":3673183018,"Name":"LeftLeg","isStatic":0,"isBoneRoot":0,"Components":[{"Type":0,"Enabled":1,"Position":[0.0,0.0,0.0],"Rotation":[0.0,0.0,0.0,1.0],"Euler":[-0.0,0.0,-0.0],"Scale":[1.0,1.0,1.0],"Global":[0.9945948123931885,-0.02269766479730606,0.10132118314504624,14.864097595214844,0.10206059366464615,0.034208208322525027,-0.9941898584365845,30.838573455810548,0.019099771976470948,0.9991569519042969,0.03633984178304672,13.280437469482422,0.0,0.0,0.0,1.0],"isLocked":0}]},{"UID":2115433733,"ParentUID":492548024,"Name":"LeftFoot_$AssimpFbx$_Translation","isStatic":0,"isBoneRoot":0,"Components":[{"Type":0,"Enabled":1,"Position":[0.0,0.0,5.86378812789917],"Rotation":[0.0,0.0,1.0,0.0],"Euler":[-0.0,0.0,-180.0],"Scale":[1.0,1.0,1.0],"Global":[-0.9945948123931885,0.02269766479730606,0.10132118314504624,15.458223342895508,-0.10206059366464615,-0.034208208322525027,-0.9941898584365845,25.008853912353517,-0.019099771976470948,-0.9991569519042969,0.03633984178304672,13.493526458740235,0.0,0.0,0.0,1.0],"isLocked":0}]},{"UID":2904624431,"ParentUID":2115433733,"Name":"LeftFoot_$AssimpFbx$_PreRotation","isStatic":0,"isBoneRoot":0,"Components":[{"Type":0,"Enabled":1,"Position":[0.0,0.0,0.0],"Rotation":[-0.5085271000862122,-0.008523808792233467,-0.0050344280898571018,0.8609890937805176],"Euler":[-61.13960266113281,-0.5476142168045044,-0.9935093522071838],"Scale":[1.0,1.0,1.0],"Global":[0.9964059591293335,-0.08242814242839813,0.019519656896591188,20.7442569732666,0.08235751837491989,0.8887829780578613,-0.4508681893348694,19.648574829101564,0.019815485924482347,0.4508552551269531,0.8923770785331726,21.560592651367189,0.0,0.0,0.0,1.0],"isLocked":0}]},{"UID":971073381,"ParentUID":2904624431,"Name":"LeftFoot_$AssimpFbx$_Rotation","isStatic":0,"isBoneRoot":0,"Components":[{"Type":0,"Enabled":1,"Position":[0.0,0.0,0.0],"Rotation":[0.0,0.0,1.0,0.0],"Euler":[-0.0,0.0,-180.0],"Scale":[1.0,1.0,1.0],"Global":[-0.9964059591293335,0.08242814242839813,0.019519656896591188,20.7442569732666,-0.08235751837491989,-0.8887829780578613,-0.4508681893348694,19.648574829101564,-0.019815485924482347,-0.4508552551269531,0.8923770785331726,21.560592651367189,0.0,0.0,0.0,1.0],"isLocked":0}]},{"UID":55523070,"ParentUID":971073381,"Name":"LeftFoot","isStatic":0,"isBoneRoot":0,"Components":[{"Type":0,"Enabled":1,"Position":[0.0,0.0,0.0],"Rotation":[0.0,0.0,0.0,1.0],"Euler":[-0.0,0.0,-0.0],"Scale":[1.0,1.0,1.0],"Global":[0.9964058995246887,-0.08242814242839813,0.019519656896591188,20.7442569732666,0.08235751837491989,0.8887830376625061,-0.4508681893348694,19.648574829101564,0.019815487787127496,0.4508552849292755,0.8923770785331726,21.560592651367189,0.0,0.0,0.0,1.0],"isLocked":0}]},{"UID":3667498787,"ParentUID":55523070,"Name":"LeftFootEnd","isStatic":0,"isBoneRoot":0,"Components":[{"Type":0,"Enabled":1,"Position":[-7.29076833085561e-15,0.0,5.998485565185547],"Rotation":[0.0,0.0,0.0,1.0],"Euler":[-0.0,0.0,-0.0],"Scale":[1.0,1.0,1.0],"Global":[0.9964058995246887,-0.08242814242839813,0.019519656896591188,20.861345291137697,0.08235751837491989,0.8887830376625061,-0.4508681893348694,16.944047927856447,0.019815487787127496,0.4508552849292755,0.8923770785331726,26.913503646850587,0.0,0.0,0.0,1.0],"isLocked":0}]},{"UID":1240546907,"ParentUID":2772144919,"Name":"RightLeg_$AssimpFbx$_Translation","isStatic":0,"isBoneRoot":0,"Components":[{"Type":0,"Enabled":1,"Position":[-15.488300323486329,-12.964300155639649,0.019738737493753434],"Rotation":[0.0,0.0,0.0,1.0],"Euler":[-0.0,0.0,-0.0],"Scale":[1.0,1.0,1.0],"Global":[0.9964057803153992,0.022697674110531808,-0.08161024004220963,-16.00114631652832,0.08235751837491989,-0.03420829400420189,0.9960156083106995,28.287405014038087,0.019815489649772645,-0.9991569519042969,-0.03595466911792755,12.666576385498047,0.0,0.0,0.0,1.0],"isLocked":0}]},{"UID":1759608562,"ParentUID":1240546907,"Name":"RightLeg_$AssimpFbx$_PreRotation","isStatic":0,"isBoneRoot":0,"Components":[{"Type":0,"Enabled":1,"Position":[0.0,0.0,0.0],"Rotation":[0.0,0.009899534285068512,0.0,0.9999510049819946],"Euler":[-0.0,1.134421467781067,-0.0],"Scale":[1.0,1.0,1.0],"Global":[0.9978261590003967,0.022697674110531808,-0.06186729669570923,-16.00114631652832,0.06262216717004776,-0.03420829400420189,0.9974509477615356,28.287405014038087,0.020523440092802049,-0.9991569519042969,-0.03555530682206154,12.666576385498047,0.0,0.0,0.0,1.0],"isLocked":0}]},{"UID":3745037767,"ParentUID":1759608562,"Name":"RightLeg","isStatic":0,"isBoneRoot":0,"Components":[{"Type":0,"Enabled":1,"Position":[0.0,0.0,0.0],"Rotation":[0.0,0.0,0.0,1.0],"Euler":[-0.0,0.0,-0.0],"Scale":[1.0,1.0,1.0],"Global":[0.9978262186050415,0.022697674110531808,-0.061867304146289828,-16.00114631652832,0.06262216717004776,-0.03420829400420189,0.9974509477615356,28.287405014038087,0.020523440092802049,-0.9991569519042969,-0.03555531054735184,12.666576385498047,0.0,0.0,0.0,1.0],"isLocked":0}]},{"UID":3656323122,"ParentUID":3745037767,"Name":"RightFoot_$AssimpFbx$_Translation","isStatic":0,"isBoneRoot":0,"Components":[{"Type":0,"Enabled":1,"Position":[0.0,0.0,-0.9163187742233276],"Rotation":[0.0,0.0,1.0,0.0],"Euler":[-0.0,0.0,-180.0],"Scale":[1.0,1.0,1.0],"Global":[-0.9978262186050415,-0.022697674110531808,-0.061867304146289828,-15.944456100463868,-0.06262216717004776,0.03420829400420189,0.9974509477615356,27.373422622680665,-0.020523440092802049,0.9991569519042969,-0.03555531054735184,12.699156761169434,0.0,0.0,0.0,1.0],"isLocked":0}]},{"UID":3881742342,"ParentUID":3656323122,"Name":"RightFoot_$AssimpFbx$_PreRotation","isStatic":0,"isBoneRoot":0,"Components":[{"Type":0,"Enabled":1,"Position":[0.0,0.0,0.0],"Rotation":[-0.5085271000862122,-0.008523808792233467,-0.0050344280898571018,0.8609890937805176],"Euler":[-61.13960266113281,-0.5476142168045044,-0.9935093522071838],"Scale":[1.0,1.0,1.0],"Global":[0.9964057207107544,0.08242815732955933,-0.019519653171300889,-15.286678314208985,0.08235752582550