{"navigationScene":{"navDataSize":6728},"GameObjects":[{"UID":1980623568,"ParentUID":0,"Name":"Chicken","Static":0,"ActiveInHierarchy":1,"ActiveSelf":1,"isBoneRoot":0,"baseState":[1.0,0.0,0.0,0.0,0.0,1.0,0.0,0.0,0.0,0.0,1.0,0.0,0.0,0.0,0.0,1.0],"Navigable":0,"No Walkable":0,"openInHierarchy":1,"Components":[{"Type":0,"Enabled":1,"Position":[166.8792266845703,0.0,316.8290100097656],"Rotation":[-0.6573576927185059,0.0,0.0,0.7535788416862488],"Euler":[-82.19732666015625,0.0,0.0],"Scale":[1.0,1.0000346899032593,1.0000346899032593],"Global":[1.0,0.0,0.0,166.8792266845703,0.0,0.13576644659042359,0.9907760620117188,0.0,0.0,-0.9907760620117188,0.13576644659042359,316.8290100097656,0.0,0.0,0.0,1.0]},{"Type":1,"Enabled":1,"meshUID":3153495175,"materialUID":2018240791,"castShadows":0,"useAlpha":0,"highlighted":0,"highlightColor":[1.0,1.0,1.0]}]},{"UID":3945853589,"ParentUID":0,"Name":"Black Chicken","Static":0,"ActiveInHierarchy":1,"ActiveSelf":1,"isBoneRoot":0,"baseState":[1.0,0.0,0.0,0.0,0.0,1.0,0.0,0.0,0.0,0.0,1.0,0.0,0.0,0.0,0.0,1.0],"Navigable":0,"No Walkable":0,"openInHierarchy":1,"Components":[{"Type":0,"Enabled":1,"Position":[206.59568786621095,0.0,391.34088134765627],"Rotation":[-0.7371823191642761,0.0,0.0,0.6756939888000488],"Euler":[-94.98387908935547,0.0,0.0],"Scale":[1.0,0.9999985098838806,0.9999985098838806],"Global":[1.0,0.0,0.0,206.59568786621095,0.0,-0.08687543123960495,0.9962178468704224,0.0,0.0,-0.9962178468704224,-0.08687543123960495,391.34088134765627,0.0,0.0,0.0,1.0]},{"Type":1,"Enabled":1,"meshUID":3153495175,"materialUID":735767494,"castShadows":0,"useAlpha":0,"highlighted":0,"highlightColor":[1.0,1.0,1.0]}]},{"UID":2027014382,"ParentUID":0,"Name":"Point","Static":0,"ActiveInHierarchy":1,"ActiveSelf":1,"isBoneRoot":0,"baseState":[1.0,0.0,0.0,0.0,0.0,1.0,0.0,0.0,0.0,0.0,1.0,0.0,0.0,0.0,0.0,1.0],"Navigable":0,"No Walkable":0,"openInHierarchy":1,"Components":[{"Type":0,"Enabled":1,"Position":[193.0422821044922,381.05609130859377,771.066650390625],"Rotation":[0.0,0.0,0.0,1.0],"Euler":[-0.0,0.0,-0.0],"Scale":[1.0,1.0,1.0],"Global":[1.0,0.0,0.0,193.0422821044922,0.0,1.0,0.0,381.05609130859377,0.0,0.0,1.0,771.066650390625,0.0,0.0,0.0,1.0]},{"Type":3,"Enabled":1,"Lighttype":1,"color":[1.0,1.0,1.0],"radius":1000.0,"range":100.0,"intensity":15.0,"produceShadows":0}]},{"UID":2199842271,"ParentUID":0,"Name":"Camera","Static":0,"ActiveInHierarchy":1,"ActiveSelf":1,"isBoneRoot":0,"baseState":[1.0,0.0,0.0,0.0,0.0,1.0,0.0,0.0,0.0,0.0,1.0,0.0,0.0,0.0,0.0,1.0],"Navigable":0,"No Walkable":0,"openInHierarchy":1,"Components":[{"Type":0,"Enabled":1,"Position":[58.6939697265625,76.85726165771485,490.61370849609377],"Rotation":[0.0000033025783068296734,-0.9582936763763428,0.00000177936271938961,-0.2857852876186371],"Euler":[179.99989318847657,33.21158981323242,179.9996337890625],"Scale":[1.0000090599060059,1.0,1.0000090599060059],"Global":[-0.836661159992218,-0.0000053126482271181889,0.5477374196052551,58.6939697265625,-0.000007346777692873729,1.0,-0.0000015226612504193327,76.85726165771485,-0.5477374196052551,-0.0000052979607971792579,-0.836661159992218,490.61370849609377,0.0,0.0,0.0,1.0]},{"Type":2,"Enabled":1,"MovementSpeed":5.0,"RotationSpeed":200.0,"ZoomSpeed":0.4000000059604645,"Znear":10.0,"Zfar":100000.0,"vFOV":1.0471975803375245,"hFOV":1.038727879524231,"Position":[58.6939697265625,76.85726165771485,490.61370849609377],"Front":[0.5477324724197388,-0.0000015226474943119684,-0.8366535902023315],"Up":[-0.0000053126482271181889,1.0,-0.0000052979607971792579],"isMain":1}]},{"UID":223935781,"ParentUID":0,"Name":"Particles","Static":0,"ActiveInHierarchy":1,"ActiveSelf":1,"isBoneRoot":0,"baseState":[1.0,0.0,0.0,0.0,0.0,1.0,0.0,0.0,0.0,0.0,1.0,0.0,0.0,0.0,0.0,1.0],"Navigable":0,"No Walkable":0,"openInHierarchy":1,"Components":[{"Type":0,"Enabled":1,"Position":[256.40179443359377,0.0,-86.87490844726563],"Rotation":[0.0,0.0,0.0,1.0],"Euler":[-0.0,0.0,-0.0],"Scale":[1.0,1.0,1.0],"Global":[1.0,0.0,0.0,256.40179443359377,0.0,1.0,0.0,0.0,0.0,0.0,1.0,-86.87490844726563,0.0,0.0,0.0,1.0]},{"Type":10,"Enabled":1,"xTiles":6,"yTiles":3,"fps":14.0,"textureUID":809116800,"lifetime":[50000.0,50000.0],"ConstantPlaying":1,"speed":[0.0010000000474974514,0.0010000000474974514],"rate":10.0,"maxParticles":1,"size":[100.0,300.0],"quadEmitterSize":[1.0,1.0],"sphereEmitterRadius":500.0,"particleColor":[1.0,0.9999899864196777,0.9999899864196777,1.0],"directionNoise":0,"directionNoiseProbability":5,"directionNoiseTotalProbability":500,"actualEmisor":0,"sizeOT":0,"colorOT":0,"defaultColor":[1.0,0.9999899864196777,0.9999899864196777,1.0],"billboarded":1,"localEmitter":0,"lookAtTarget":[0.0,1.0,0.0],"bezier14":[0.0,0.0,1.0,1.0],"bezier5":0.0,"color1":[1.0,1.0,1.0],"color1Position":0.0,"alpha1":1.0,"alpha1Position":0.0,"color2":[1.0,1.0,1.0],"color2Position":1.0,"alpha2":1.0,"alpha2Position":1.0}]},{"UID":420651912,"ParentUID":0,"Name":"cube","Static":0,"ActiveInHierarchy":1,"ActiveSelf":1,"isBoneRoot":0,"baseState":[1.0,0.0,0.0,0.0,0.0,1.0,0.0,0.0,0.0,0.0,1.0,0.0,0.0,0.0,0.0,1.0],"Navigable":0,"No Walkable":0,"openInHierarchy":1,"Components":[{"Type":0,"Enabled":1,"Position":[100.55025482177735,124.15066528320313,336.8306579589844],"Rotation":[0.0,0.0,0.0,1.0],"Euler":[-0.0,0.0,-0.0],"Scale":[4677.35546875,4677.35546875,4677.35546875],"Global":[4677.35546875,0.0,0.0,100.55025482177735,0.0,4677.35546875,0.0,124.15066528320313,0.0,0.0,4677.35546875,336.8306579589844,0.0,0.0,0.0,1.0]},{"Type":1,"Enabled":1,"meshUID":0,"materialUID":4266555239,"castShadows":0,"useAlpha":0,"highlighted":0,"highlightColor":[1.0,1.0,1.0]}]},{"UID":2242965105,"ParentUID":0,"Name":"Scene","Static":0,"ActiveInHierarchy":1,"ActiveSelf":1,"isBoneRoot":1,"baseState":[1.0,0.0,0.0,0.0,0.0,1.0,0.0,0.0,0.0,0.0,1.0,0.0,0.0,0.0,0.0,1.0],"Navigable":0,"No Walkable":0,"openInHierarchy":1,"Components":[{"Type":0,"Enabled":1,"Position":[409.05889892578127,90.53394317626953,0.0],"Rotation":[0.0,0.0,0.0,1.0],"Euler":[-0.0,0.0,-0.0],"Scale":[1.0,1.0,1.0],"Global":[1.0,0.0,0.0,409.05889892578127,0.0,1.0,0.0,90.53394317626953,0.0,0.0,1.0,0.0,0.0,0.0,0.0,1.0]},{"Type":4,"Enabled":1,"animUID":2904517446,"stateMachineUID":0}]},{"UID":3910334223,"ParentUID":2242965105,"Name":"Ctrl_Grp","Static":0,"ActiveInHierarchy":1,"ActiveSelf":1,"isBoneRoot":0,"baseState":[1.0,0.0,0.0,0.0,0.0,1.0,0.0,0.0,0.0,0.0,1.0,0.0,0.0,0.0,0.0,1.0],"Navigable":0,"No Walkable":0,"openInHierarchy":0,"Components":[{"Type":0,"Enabled":1,"Position":[0.0,0.0,0.0],"Rotation":[0.0,0.0,0.0,1.0],"Euler":[-0.0,0.0,-0.0],"Scale":[1.0,1.0,1.0],"Global":[1.0,0.0,0.0,409.05889892578127,0.0,1.0,0.0,90.53394317626953,0.0,0.0,1.0,0.0,0.0,0.0,0.0,1.0]}]},{"UID":3521201019,"ParentUID":3910334223,"Name":"Root_$AssimpFbx$_PreRotation","Static":0,"ActiveInHierarchy":1,"ActiveSelf":1,"isBoneRoot":0,"baseState":[1.0,0.0,0.0,0.0,0.0,1.0,0.0,0.0,0.0,0.0,1.0,0.0,0.0,0.0,0.0,1.0],"Navigable":0,"No Walkable":0,"openInHierarchy":1,"Components":[{"Type":0,"Enabled":1,"Position":[0.0,0.0,0.0],"Rotation":[0.0,0.0,0.7071068286895752,0.7071068286895752],"Euler":[-0.0,0.0,90.00000762939453],"Scale":[1.0,1.0,1.0],"Global":[-1.1920928955078126e-7,-1.0000001192092896,0.0,409.05889892578127,1.0000001192092896,-1.1920928955078126e-7,0.0,90.53394317626953,0.0,0.0,1.0,0.0,0.0,0.0,0.0,1.0]}]},{"UID":2698734791,"ParentUID":3521201019,"Name":"Root","Static":0,"ActiveInHierarchy":1,"ActiveSelf":1,"isBoneRoot":0,"baseState":[1.0,0.0,0.0,0.0,0.0,1.0,0.0,0.0,0.0,0.0,1.0,0.0,0.0,0.0,0.0,1.0],"Navigable":0,"No Walkable":0,"openInHierarchy":1,"Components":[{"Type":0,"Enabled":1,"Position":[0.0,0.0,0.0],"Rotation":[0.0,0.0,0.0,1.0],"Euler":[-0.0,0.0,-0.0],"Scale":[1.0,1.0,1.0],"Global":[-1.1920928955078126e-7,-1.0000001192092896,0.0,409.05889892578127,1.0000001192092896,-1.1920928955078126e-7,0.0,90.53394317626953,0.0,0.0,1.0,0.0,0.0,0.0,0.0,1.0]}]},{"UID":2487009303,"ParentUID":2698734791,"Name":"Hips_$AssimpFbx$_Translation","Static":0,"ActiveInHierarchy":1,"ActiveSelf":1,"isBoneRoot":0,"baseState":[1.0,0.0,0.0,0.0,0.0,1.0,0.0,0.0,0.0,0.0,1.0,0.0,0.0,0.0,0.0,1.0],"Navigable":0,"No Walkable":0,"openInHierarchy":1,"Components":[{"Type":0,"Enabled":1,"Position":[29.099836349487306,0.2726428508758545,0.0208236463367939],"Rotation":[0.0,0.0,0.0,1.0],"Euler":[-0.0,0.0,-0.0],"Scale":[1.0,1.0,1.0],"Global":[-1.1920928955078126e-7,-1.0000001192092896,0.0,408.7862548828125,1.0000001192092896,-1.1920928955078126e-7,0.0,119.63378143310547,0.0,0.0,1.0,0.0208236463367939,0.0,0.0,0.0,1.0]}]},{"UID":4122184796,"ParentUID":2487009303,"Name":"Hips_$AssimpFbx$_PreRotation","Static":0,"ActiveInHierarchy":1,"ActiveSelf":1,"isBoneRoot":0,"baseState":[1.0,0.0,0.0,0.0,0.0,1.0,0.0,0.0,0.0,0.0,1.0,0.0,0.0,0.0,0.0,1.0],"Navigable":0,"No Walkable":0,"openInHierarchy":1,"Components":[{"Type":0,"Enabled":1,"Position":[0.0,0.0,0.0],"Rotation":[-0.5,0.5,-0.5,0.5],"Euler":[-90.0,90.0,0.0],"Scale":[1.0,1.0,1.0],"Global":[1.0000001192092896,0.0,-1.1920928955078126e-7,408.7862548828125,1.1920928955078126e-7,0.0,1.0000001192092896,119.63378143310547,0.0,-1.0,0.0,0.0208236463367939,0.0,0.0,0.0,1.0]}]},{"UID":4013653282,"ParentUID":4122184796,"Name":"Hips_$AssimpFbx$_Rotation","Static":0,"ActiveInHierarchy":1,"ActiveSelf":1,"isBoneRoot":0,"baseState":[1.0,0.0,0.0,0.0,0.0,1.0,0.0,0.0,0.0,0.0,1.0,0.0,0.0,0.0,0.0,1.0],"Navigable":0,"No Walkable":0,"openInHierarchy":1,"Components":[{"Type":0,"Enabled":1,"Position":[0.0,0.0,0.0],"Rotation":[-0.017559213563799859,-0.041035160422325137,-0.010639498941600323,0.9989467263221741],"Euler":[-2.0673911571502687,-4.681128025054932,-1.3049461841583253],"Scale":[0.9999999403953552,1.0,1.0],"Global":[0.9964058995246887,0.022697679698467256,-0.08161036670207977,408.7862548828125,0.08235763758420944,-0.034208253026008609,0.996015727519989,119.63378143310547,0.019815493375062944,-0.9991569519042969,-0.03595462441444397,0.0208236463367939,0.0,0.0,0.0,1.0]}]},{"UID":3202588998,"ParentUID":4013653282,"Name":"Hips","Static":0,"ActiveInHierarchy":1,"ActiveSelf":1,"isBoneRoot":0,"baseState":[1.0,0.0,0.0,0.0,0.0,1.0,0.0,0.0,0.0,0.0,1.0,0.0,0.0,0.0,0.0,1.0],"Navigable":0,"No Walkable":0,"openInHierarchy":1,"Components":[{"Type":0,"Enabled":1,"Position":[0.0,0.0,0.0],"Rotation":[0.0,0.0,0.0,1.0],"Euler":[-0.0,0.0,-0.0],"Scale":[1.0,1.0,1.0],"Global":[0.9964058995246887,0.022697679698467256,-0.08161036670207977,408.7862548828125,0.08235763758420944,-0.034208253026008609,0.996015727519989,119.63378143310547,0.019815493375062944,-0.9991569519042969,-0.03595462441444397,0.0208236463367939,0.0,0.0,0.0,1.0]}]},{"UID":706680172,"ParentUID":3202588998,"Name":"RightLeg_$AssimpFbx$_Translation","Static":0,"ActiveInHierarchy":1,"ActiveSelf":1,"isBoneRoot":0,"baseState":[1.0,0.0,0.0,0.0,0.0,1.0,0.0,0.0,0.0,0.0,1.0,0.0,0.0,0.0,0.0,1.0],"Navigable":0,"No Walkable":0,"openInHierarchy":1,"Components":[{"Type":0,"Enabled":1,"Position":[-15.488300323486329,-12.964300155639649,0.019738737493753434],"Rotation":[0.0,0.0,0.0,1.0],"Euler":[-0.0,0.0,-0.0],"Scale":[1.0,1.0,1.0],"Global":[0.9964058995246887,0.022697679698467256,-0.08161036670207977,393.0577392578125,0.08235763758420944,-0.034208253026008609,0.996015727519989,118.82135009765625,0.019815493375062944,-0.9991569519042969,-0.03595462441444397,12.666576385498047,0.0,0.0,0.0,1.0]}]},{"UID":3526136460,"ParentUID":706680172,"Name":"RightLeg_$AssimpFbx$_PreRotation","Static":0,"ActiveInHierarchy":1,"ActiveSelf":1,"isBoneRoot":0,"baseState":[1.0,0.0,0.0,0.0,0.0,1.0,0.0,0.0,0.0,0.0,1.0,0.0,0.0,0.0,0.0,1.0],"Navigable":0,"No Walkable":0,"openInHierarchy":1,"Components":[{"Type":0,"Enabled":1,"Position":[0.0,0.0,0.0],"Rotation":[0.0,0.009899534285068512,0.0,0.9999510049819946],"Euler":[-0.0,1.134421467781067,-0.0],"Scale":[1.0,1.0,1.0],"Global":[0.997826337814331,0.022697679698467256,-0.06186743080615997,393.0577392578125,0.06262227892875672,-0.034208253026008609,0.9974510669708252,118.82135009765625,0.020523443818092347,-0.9991569519042969,-0.035555265843868259,12.666576385498047,0.0,0.0,0.0,1.0]}]},{"UID":3187292030,"ParentUID":3526136460,"Name":"RightLeg","Static":0,"ActiveInHierarchy":1,"ActiveSelf":1,"isBoneRoot":0,"baseState":[1.0,0.0,0.0,0.0,0.0,1.0,0.0,0.0,0.0,0.0,1.0,0.0,0.0,0.0,0.0,1.0],"Navigable":0,"No Walkable":0,"openInHierarchy":1,"Components":[{"Type":0,"Enabled":1,"Position":[0.0,0.0,0.0],"Rotation":[0.0,0.0,0.0,1.0],"Euler":[-0.0,0.0,-0.0],"Scale":[1.0,1.0,1.0],"Global":[0.997826337814331,0.022697679698467256,-0.06186743080615997,393.0577392578125,0.06262227892875672,-0.034208253026008609,0.9974510669708252,118.82135009765625,0.020523443818092347,-0.9991569519042969,-0.035555265843868259,12.666576385498047,0.0,0.0,0.0,1.0]}]},{"UID":2312468521,"ParentUID":3187292030,"Name":"RightFoot_$AssimpFbx$_Translation","Static":0,"ActiveInHierarchy":1,"ActiveSelf":1,"isBoneRoot":0,"baseState":[1.0,0.0,0.0,0.0,0.0,1.0,0.0,0.0,0.0,0.0,1.0,0.0,0.0,0.0,0.0,1.0],"Navigable":0,"No Walkable":0,"openInHierarchy":1,"Components":[{"Type":0,"Enabled":1,"Position":[-0.9827580451965332,9.173906326293946,-24.03310775756836],"Rotation":[0.0,0.0,0.0,1.0],"Euler":[-0.0,0.0,-0.0],"Scale":[1.0,1.0,1.0],"Global":[0.997826337814331,0.022697679698467256,-0.06186743080615997,393.772216796875,0.06262227892875672,-0.034208253026008609,0.9974510669708252,94.47413635253906,0.020523443818092347,-0.9991569519042969,-0.035555265843868259,4.334738731384277,0.0,0.0,0.0,1.0]}]},{"UID":2167334973,"ParentUID":2312468521,"Name":"RightFoot_$AssimpFbx$_PreRotation","Static":0,"ActiveInHierarchy":1,"ActiveSelf":1,"isBoneRoot":0,"baseState":[1.0,0.0,0.0,0.0,0.0,1.0,0.0,0.0,0.0,0.0,1.0,0.0,0.0,0.0,0.0,1.0],"Navigable":0,"No Walkable":0,"openInHierarchy":1,"Components":[{"Type":0,"Enabled":1,"Position":[0.0,0.0,0.0],"Rotation":[-0.5085271000862122,-0.008523808792233467,-0.0050344280898571018,0.8609890937805176],"Euler":[-61.13960266113281,-0.5476142168045044,-0.9935093522071838],"Scale":[1.0,1.0,1.0],"Global":[0.9964058995246887,0.08242826163768769,-0.01951969414949417,393.772216796875,0.08235764503479004,-0.8887831568717957,0.4508680999279022,94.47413635253906,0.019815495237708093,-0.45085516571998598,-0.8923771977424622,4.334738731384277,0.0,0.0,0.0,1.0]}]},{"UID":322252395,"ParentUID":2167334973,"Name":"RightFoot_$AssimpFbx$_Rotation","Static":0,"ActiveInHierarchy":1,"ActiveSelf":1,"isBoneRoot":0,"baseState":[1.0,0.0,0.0,0.0,0.0,1.0,0.0,0.0,0.0,0.0,1.0,0.0,0.0,0.0,0.0,1.0],"Navigable":0,"No Walkable":0,"openInHierarchy":1,"Components":[{"Type":0,"Enabled":1,"Position":[0.0,0.0,0.0],"Rotation":[0.0,0.0,0.0,1.0],"Euler":[-0.0,0.0,-0.0],"Scale":[1.0,1.0,1.0],"Global":[0.9964058995246887,0.08242826163768769,-0.01951969414949417,393.772216796875,0.08235764503479004,-0.8887831568717957,0.4508680999279022,94.47413635253906,0.019815495237708093,-0.45085516571998598,-0.8923771977424622,4.334738731384277,0.0,0.0,0.0,1.0]}]},{"UID":600185492,"ParentUID":322252395,"Name":"RightFoot","Static":0,"ActiveInHierarchy":1,"ActiveSelf":1,"isBoneRoot":0,"baseState":[1.0,0.0,0.0,0.0,0.0,1.0,0.0,0.0,0.0,0.0,1.0,0.0,0.0,0.0,0.0,1.0],"Navigable":0,"No Walkable":0,"openInHierarchy":1,"Components":[{"Type":0,"Enabled":1,"Position":[0.0,0.0,0.0],"Rotation":[0.0,0.0,0.0,1.0],"Euler":[-0.0,0.0,-0.0],"Scale":[1.0,1.0,1.0],"Global":[0.9964058995246887,0.08242826163768769,-0.01951969414949417,393.772216796875,0.08235764503479004,-0.8887831568717957,0.4508680999279022,94.47413635253906,0.019815495237708093,-0.45085516571998598,-0.8923771977424622,4.334738731384277,0.0,0.0,0.0,1.0]}]},{"UID":142819367,"ParentUID":600185492,"Name":"RightFootEnd","Static":0,"ActiveInHierarchy":1,"ActiveSelf":1,"isBoneRoot":0,"baseState":[1.0,0.0,0.0,0.0,0.0,1.0,0.0,0.0,0.0,0.0,1.0,0.0,0.0,0.0,0.0,1.0],"Navigable":0,"No Walkable":0,"openInHierarchy":1,"Components":[{"Type":0,"Enabled":1,"Position":[9.414691248821328e-14,-0.000034134402085328478,-5.998554229736328],"Rotation":[0.0,0.0,0.0,1.0],"Euler":[-0.0,0.0,-0.0],"Scale":[1.0,1.0,1.0],"Global":[0.9964058995246887,0.08242826163768769,-0.01951969414949417,393.8893127441406,0.08235764503479004,-0.8887831568717957,0.4508680999279022,91.76960754394531,0.019815495237708093,-0.45085516571998598,-0.8923771977424622,9.687726974487305,0.0,0.0,0.0,1.0]}]},{"UID":40258900,"ParentUID":3202588998,"Name":"LeftLeg_$AssimpFbx$_Translation","Static":0,"ActiveInHierarchy":1,"ActiveSelf":1,"isBoneRoot":0,"baseState":[1.0,0.0,0.0,0.0,0.0,1.0,0.0,0.0,0.0,0.0,1.0,0.0,0.0,0.0,0.0,1.0],"Navigable":0,"No Walkable":0,"openInHierarchy":1,"Components":[{"Type":0,"Enabled":1,"Position":[15.48828125,-12.964345932006836,0.01975155808031559],"Rotation":[0.0,0.0,0.0,1.0],"Euler":[-0.0,0.0,-0.0],"Scale":[1.0,1.0,1.0],"Global":[0.9964058995246887,0.022697679698467256,-0.08161036670207977,423.9230041503906,0.08235763758420944,-0.034208253026008609,0.996015727519989,121.37252044677735,0.019815493375062944,-0.9991569519042969,-0.03595462441444397,13.280437469482422,0.0,0.0,0.0,1.0]}]},{"UID":3656406727,"ParentUID":40258900,"Name":"LeftLeg_$AssimpFbx$_PreRotation","Static":0,"ActiveInHierarchy":1,"ActiveSelf":1,"isBoneRoot":0,"baseState":[1.0,0.0,0.0,0.0,0.0,1.0,0.0,0.0,0.0,0.0,1.0,0.0,0.0,0.0,0.0,1.0],"Navigable":0,"No Walkable":0,"openInHierarchy":1,"Components":[{"Type":0,"Enabled":1,"Position":[0.0,0.0,0.0],"Rotation":[0.9999510049819946,4.3272238570146728e-10,0.009899534285068512,-4.370924600038961e-8],"Euler":[-179.99998474121095,1.134421467781067,-9.91872397548832e-8],"Scale":[1.0,1.0,1.0],"Global":[0.994594931602478,-0.02269767038524151,0.10132130980491638,423.9230041503906,0.1020607203245163,0.03420816734433174,-0.994189977645874,121.37252044677735,0.019099775701761247,0.9991569519042969,0.03633979707956314,13.280437469482422,0.0,0.0,0.0,1.0]}]},{"UID":302532667,"ParentUID":3656406727,"Name":"LeftLeg","Static":0,"ActiveInHierarchy":1,"ActiveSelf":1,"isBoneRoot":0,"baseState":[1.0,0.0,0.0,0.0,0.0,1.0,0.0,0.0,0.0,0.0,1.0,0.0,0.0,0.0,0.0,1.0],"Navigable":0,"No Walkable":0,"openInHierarchy":1,"Components":[{"Type":0,"Enabled":1,"Position":[0.0,0.0,0.0],"Rotation":[0.0,0.0,0.0,1.0],"Euler":[-0.0,0.0,-0.0],"Scale":[1.0,1.0,1.0],"Global":[0.994594931602478,-0.02269767038524151,0.10132130980491638,423.9230041503906,0.1020607203245163,0.03420816734433174,-0.994189977645874,121.37252044677735,0.019099775701761247,0.9991569519042969,0.03633979707956314,13.280437469482422,0.0,0.0,0.0,1.0]}]},{"UID":2523855528,"ParentUID":302532667,"Name":"LeftFoot_$AssimpFbx$_Translation","Static":0,"ActiveInHierarchy":1,"ActiveSelf":1,"isBoneRoot":0,"baseState":[1.0,0.0,0.0,0.0,0.0,1.0,0.0,0.0,0.0,0.0,1.0,0.0,0.0,0.0,0.0,1.0],"Navigable":0,"No Walkable":0,"openInHierarchy":1,"Components":[{"Type":0,"Enabled":1,"Position":[4.864466667175293,7.756918907165527,12.021666526794434],"Rotation":[0.0,0.0,0.0,1.0],"Euler":[-0.0,0.0,-0.0],"Scale":[1.0,1.0,1.0],"Global":[0.994594931602478,-0.02269767038524151,0.10132130980491638,429.80316162109377,0.1020607203245163,0.03420816734433174,-0.994189977645874,110.1825180053711,0.019099775701761247,0.9991569519042969,0.03633979707956314,21.560592651367189,0.0,0.0,0.0,1.0]}]},{"UID":4277293383,"ParentUID":2523855528,"Name":"LeftFoot_$AssimpFbx$_PreRotation","Static":0,"ActiveInHierarchy":1,"ActiveSelf":1,"isBoneRoot":0,"baseState":[1.0,0.0,0.0,0.0,0.0,1.0,0.0,0.0,0.0,0.0,1.0,0.0,0.0,0.0,0.0,1.0],"Navigable":0,"No Walkable":0,"openInHierarchy":1,"Components":[{"Type":0,"Enabled":1,"Position":[0.0,0.0,0.0],"Rotation":[-0.5085271000862122,-0.008523808792233467,-0.0050344280898571018,0.8609890937805176],"Euler":[-61.13960266113281,-0.5476142168045044,-0.9935093522071838],"Scale":[1.0,1.0,1.0],"Global":[0.9964060187339783,-0.08242825418710709,0.01951969787478447,429.80316162109377,0.08235764503479004,0.8887830972671509,-0.450868159532547,110.1825180053711,0.019815491512417795,0.4508552551269531,0.8923770785331726,21.560592651367189,0.0,0.0,0.0,1.0]}]},{"UID":663959066,"ParentUID":4277293383,"Name":"LeftFoot_$AssimpFbx$_Rotation","Static":0,"ActiveInHierarchy":1,"ActiveSelf":1,"isBoneRoot":0,"baseState":[1.0,0.0,0.0,0.0,0.0,1.0,0.0,0.0,0.0,0.0,1.0,0.0,0.0,0.0,0.0,1.0],"Navigable":0,"No Walkable":0,"openInHierarchy":1,"Components":[{"Type":0,"Enabled":1,"Position":[0.0,0.0,0.0],"Rotation":[0.0,0.0,0.0,1.0],"Euler":[-0.0,0.0,-0.0],"Scale":[1.0,1.0,1.0],"Global":[0.9964060187339783,-0.08242825418710709,0.01951969787478447,429.80316162109377,0.08235764503479004,0.8887830972671509,-0.450868159532547,110.1825180053711,0.019815491512417795,0.4508552551269531,0.8923770785331726,21.560592651367189,0.0,0.0,0.0,1.0]}]},{"UID":4266524534,"ParentUID":663959066,"Name":"LeftFoot","Static":0,"ActiveInHierarchy":1,"ActiveSelf":1,"isBoneRoot":0,"baseState":[1.0,0.0,0.0,0.0,0.0,1.0,0.0,0.0,0.0,0.0,1.0,0.0,0.0,0.0,0.0,1.0],"Navigable":0,"No Walkable":0,"openInHierarchy":1,"Components":[{"Type":0,"Enabled":1,"Position":[0.0,0.0,0.0],"Rotation":[0.0,0.0,0.0,1.0],"Euler":[-0.0,0.0,-0.0],"Scale":[1.0,1.0,1.0],"Global":[0.9964060187339783,-0.08242825418710709,0.01951969787478447,429.80316162109377,0.08235764503479004,0.8887830972671509,-0.450868159532547,110.1825180053711,0.019815491512417795,0.4508552551269531,0.8923770785331726,21.560592651367189,0.0,0.0,0.0,1.0]}]},{"UID":3728399013,"ParentUID":4266524534,"Name":"LeftFootEnd","Static":0,"ActiveInHierarchy":1,"ActiveSelf":1,"isBoneRoot":0,"baseState":[1.0,0.0,0.0,0.0,0.0,1.0,0.0,0.0,0.0,0.0,1.0,0.0,0.0,0.0,0.0,1.0],"Navigable":0,"No Walkable":0,"openInHierarchy":1,"Components":[{"Type":0,"Enabled":1,"Position":[-7.29076833085561e-15,0.0,5.998485565185547],"Rotation":[0.0,0.0,0.0,1.0],"Euler":[-0.0,0.0,-0.0],"Scale":[1.0,1.0,1.0],"Global":[0.9964060187339783,-0.08242825418710709,0.01951969787478447,429.9202575683594,0.08235764503479004,0.8887830972671509,-0.450868159532547,107.47798919677735,0.019815491512417795,0.4508552551269531,0.8923770785331726,26.913503646850587,0.0,0.0,0.0,1.0]}]},{"UID":1093091792,"ParentUID":3202588998,"Name":"Spine","Static":0,"ActiveInHierarchy":1,"ActiveSelf":1,"isBoneRoot":0,"baseState":[1.0,0.0,0.0,0.0,0.0,1.0,0.0,0.0,0.0,0.0,1.0,0.0,0.0,0.0,0.0,1.0],"Navigable":0,"No Walkable":0,"openInHierarchy":1,"Components":[{"Type":0,"Enabled":1,"Position":[0.02581339329481125,-0.0059600998647511009,19.40102767944336],"Rotation":[0.09070306271314621,-0.1147945299744606,0.0038652897346764805,0.9892322421073914],"Euler":[10.669782638549805,-13.086140632629395,1.675044059753418],"Scale":[1.0,1.0,1.0],"Global":[0.9512239098548889,-0.02061869204044342,-0.3078119158744812,407.228515625,0.3075457513332367,0.14186467230319978,0.9408987164497376,138.9598388671875,0.024267524480819703,-0.9896712899208069,0.1412862092256546,-0.6702664494514465,0.0,0.0,0.0,1.0]}]},{"UID":3480158297,"ParentUID":1093091792,"Name":"RightUpperArmIK_$AssimpFbx$_Translation","Static":0,"ActiveInHierarchy":1,"ActiveSelf":1,"isBoneRoot":0,"baseState":[1.0,0.0,0.0,0.0,0.0,1.0,0.0,0.0,0.0,0.0,1.0,0.0,0.0,0.0,0.0,1.0],"Navigable":0,"No Walkable":0,"openInHierarchy":1,"Components":[{"Type":0,"Enabled":1,"Position":[-17.286500930786134,6.917709827423096,19.19027328491211],"Rotation":[0.0,0.0,0.0,1.0],"Euler":[-0.0,0.0,-0.0],"Scale":[1.0,1.0,1.0],"Global":[0.9512239098548889,-0.02061869204044342,-0.3078119158744812,384.7355651855469,0.3075457513332367,0.14186467230319978,0.9408987164497376,152.68092346191407,0.024267524480819703,-0.9896712899208069,0.1412862092256546,-5.224705219268799,0.0,0.0,0.0,1.0]}]},{"UID":1686139000,"ParentUID":3480158297,"Name":"RightUpperArmIK_$AssimpFbx$_PreRotation","Static":0,"ActiveInHierarchy":1,"ActiveSelf":1,"isBoneRoot":0,"baseState":[1.0,0.0,0.0,0.0,0.0,1.0,0.0,0.0,0.0,0.0,1.0,0.0,0.0,0.0,0.0,1.0],"Navigable":0,"No Walkable":0,"openInHierarchy":1,"Components":[{"Type":0,"Enabled":1,"Position":[0.0,0.0,0.0],"Rotation":[0.7071068286895752,-3.090862321641907e-8,0.7071068286895752,3.090862321641907e-8],"Euler":[180.0,90.0,0.0],"Scale":[1.0,1.0,1.0],"Global":[-0.30781206488609316,0.020618613809347154,0.9512240886688232,384.7355651855469,0.9408987760543823,-0.14186473190784455,0.30754566192626955,152.68092346191407,0.1412862241268158,0.989671528339386,0.024267597123980523,-5.224705219268799,0.0,0.0,0.0,1.0]}]},{"UID":582554422,"ParentUID":1686139000,"Name":"RightUpperArmIK_$AssimpFbx$_Rotation","Static":0,"ActiveInHierarchy":1,"ActiveSelf":1,"isBoneRoot":0,"baseState":[1.0,0.0,0.0,0.0,0.0,1.0,0.0,0.0,0.0,0.0,1.0,0.0,0.0,0.0,0.0,1.0],"Navigable":0,"No Walkable":0,"openInHierarchy":1,"Components":[{"Type":0,"Enabled":1,"Position":[0.0,0.0,0.0],"Rotation":[0.1907268911600113,0.02205159142613411,0.9812190532684326,-0.018606290221214296],"Euler":[-3.112774133682251,21.929725646972658,-177.22409057617188],"Scale":[1.0,1.0,1.0],"Global":[0.6414390802383423,0.0,0.7671744227409363,384.7355651855469,-0.7524434328079224,0.1950249969959259,0.6291220784187317,152.68092346191407,-0.14961808919906617,-0.9807986617088318,0.12509654462337495,-5.224705219268799,0.0,0.0,0.0,1.0]}]},{"UID":657080141,"ParentUID":582554422,"Name":"RightUpperArmIK","Static":0,"ActiveInHierarchy":1,"ActiveSelf":1,"isBoneRoot":0,"baseState":[1.0,0.0,0.0,0.0,0.0,1.0,0.0,0.0,0.0,0.0,1.0,0.0,0.0,0.0,0.0,1.0],"Navigable":0,"No Walkable":0,"openInHierarchy":1,"Components":[{"Type":0,"Enabled":1,"Position":[0.0,0.0,0.0],"Rotation":[0.0,0.0,0.0,1.0],"Euler":[-0.0,0.0,-0.0],"Scale":[1.0,1.0,1.0],"Global":[0.6414390802383423,0.0,0.7671744227409363,384.7355651855469,-0.7524434328079224,0.1950249969959259,0.6291220784187317,152.68092346191407,-0.14961808919906617,-0.9807986617088318,0.12509654462337495,-5.224705219268799,0.0,0.0,0.0,1.0]}]},{"UID":1214266394,"ParentUID":657080141,"Name":"RightLowerArmIK","Static":0,"ActiveInHierarchy":1,"ActiveSelf":1,"isBoneRoot":0,"baseState":[1.0,0.0,0.0,0.0,0.0,1.0,0.0,0.0,0.0,0.0,1.0,0.0,0.0,0.0,0.0,1.0],"Navigable":0,"No Walkable":0,"openInHierarchy":1,"Components":[{"Type":0,"Enabled":1,"Position":[-2.1316282072803007e-14,-3.552713678800501e-15,-25.116100311279298],"Rotation":[0.0,0.4854694604873657,0.0,0.8742536306381226],"Euler":[-0.0,58.08646774291992,-0.0],"Scale":[1.0,1.0,1.0],"Global":[-0.31212398409843447,0.0,0.9500417709350586,365.4671325683594,-0.9317991137504578,0.1950249969959259,-0.30613088607788088,136.8798370361328,-0.18528173863887788,-0.9807986617088318,-0.06087195873260498,-8.366641998291016,0.0,0.0,0.0,1.0]}]},{"UID":1091607707,"ParentUID":1214266394,"Name":"RightWristIK","Static":0,"ActiveInHierarchy":1,"ActiveSelf":1,"isBoneRoot":0,"baseState":[1.0,0.0,0.0,0.0,0.0,1.0,0.0,0.0,0.0,0.0,1.0,0.0,0.0,0.0,0.0,1.0],"Navigable":0,"No Walkable":0,"openInHierarchy":1,"Components":[{"Type":0,"Enabled":1,"Position":[-1.4210854715202005e-14,-6.217248937900877e-15,-23.802900314331056],"Rotation":[-0.157288059592247,-0.015486224554479123,0.9826798439025879,0.09675236791372299],"Euler":[0.000001011003746498318,-18.187294006347658,168.75381469726563],"Scale":[0.9999999403953552,1.0,1.0],"Global":[-3.5762786865234377e-7,-1.0058283805847168e-7,1.0000003576278687,342.8533935546875,1.0000003576278687,-1.7881393432617188e-7,1.1920928955078126e-7,144.16664123535157,8.195638656616211e-8,1.0000005960464478,6.332993507385254e-8,-6.917712688446045,0.0,0.0,0.0,1.0]}]},{"UID":427716085,"ParentUID":1093091792,"Name":"RightUpperArmFK_$AssimpFbx$_Translation","Static":0,"ActiveInHierarchy":1,"ActiveSelf":1,"isBoneRoot":0,"baseState":[1.0,0.0,0.0,0.0,0.0,1.0,0.0,0.0,0.0,0.0,1.0,0.0,0.0,0.0,0.0,1.0],"Navigable":0,"No Walkable":0,"openInHierarchy":1,"Components":[{"Type":0,"Enabled":1,"Position":[-17.286500930786134,6.917709827423096,19.19027328491211],"Rotation":[0.0,0.0,0.0,1.0],"Euler":[-0.0,0.0,-0.0],"Scale":[1.0,1.0,1.0],"Global":[0.9512239098548889,-0.02061869204044342,-0.3078119158744812,384.7355651855469,0.3075457513332367,0.14186467230319978,0.9408987164497376,152.68092346191407,0.024267524480819703,-0.9896712899208069,0.1412862092256546,-5.224705219268799,0.0,0.0,0.0,1.0]}]},{"UID":4286779133,"ParentUID":427716085,"Name":"RightUpperArmFK_$AssimpFbx$_PreRotation","Static":0,"ActiveInHierarchy":1,"ActiveSelf":1,"isBoneRoot":0,"baseState":[1.0,0.0,0.0,0.0,0.0,1.0,0.0,0.0,0.0,0.0,1.0,0.0,0.0,0.0,0.0,1.0],"Navigable":0,"No Walkable":0,"openInHierarchy":1,"Components":[{"Type":0,"Enabled":1,"Position":[0.0,0.0,0.0],"Rotation":[0.7071068286895752,-3.090862321641907e-8,0.7071068286895752,3.090862321641907e-8],"Euler":[180.0,90.0,0.0],"Scale":[1.0,1.0,1.0],"Global":[-0.30781206488609316,0.020618613809347154,0.9512240886688232,384.7355651855469,0.9408987760543823,-0.14186473190784455,0.30754566192626955,152.68092346191407,0.1412862241268158,0.989671528339386,0.024267597123980523,-5.224705219268799,0.0,0.0,0.0,1.0]}]},{"UID":3822904195,"ParentUID":4286779133,"Name":"RightUpperArmFK_$AssimpFbx$_Rotation","Static":0,"ActiveInHierarchy":1,"ActiveSelf":1,"isBoneRoot":0,"baseState":[1.0,0.0,0.0,0.0,0.0,1.0,0.0,0.0,0.0,0.0,1.0,0.0,0.0,0.0,0.0,1.0],"Navigable":0,"No Walkable":0,"openInHierarchy":1,"Components":[{"Type":0,"Enabled":1,"Position":[0.0,0.0,0.0],"Rotation":[0.556762158870697,0.0841188132762909,-0.057206135243177417,0.8244194388389587],"Euler":[68.47462463378906,4.3011040687561039,-10.866599082946778],"Scale":[0.9999999403953552,1.0,0.9999999403953552],"Global":[-0.49398136138916018,0.8139140009880066,0.30582189559936526,384.7355651855469,0.8592709898948669,0.4032673239707947,0.3146889805793762,152.68092346191407,0.13280168175697328,0.418234258890152,-0.8985790610313416,-5.224705219268799,0.0,0.0,0.0,1.0]}]},{"UID":1329989407,"ParentUID":3822904195,"Name":"RightUpperArmFK","Static":0,"ActiveInHierarchy":1,"ActiveSelf":1,"isBoneRoot":0,"baseState":[1.0,0.0,0.0,0.0,0.0,1.0,0.0,0.0,0.0,0.0,1.0,0.0,0.0,0.0,0.0,1.0],"Navigable":0,"No Walkable":0,"openInHierarchy":1,"Components":[{"Type":0,"Enabled":1,"Position":[0.0,0.0,0.0],"Rotation":[0.0,0.0,0.0,1.0],"Euler":[-0.0,0.0,-0.0],"Scale":[1.0,1.0,1.0],"Global":[-0.49398136138916018,0.8139140009880066,0.30582189559936526,384.7355651855469,0.8592709898948669,0.4032673239707947,0.3146889805793762,152.68092346191407,0.13280168175697328,0.418234258890152,-0.8985790610313416,-5.224705219268799,0.0,0.0,0.0,1.0]}]},{"UID":4160154192,"ParentUID":1329989407,"Name":"RightLowerArmFK","Static":0,"ActiveInHierarchy":1,"ActiveSelf":1,"isBoneRoot":0,"baseState":[1.0,0.0,0.0,0.0,0.0,1.0,0.0,0.0,0.0,0.0,1.0,0.0,0.0,0.0,0.0,1.0],"Navigable":0,"No Walkable":0,"openInHierarchy":1,"Components":[{"Type":0,"Enabled":1,"Position":[-2.1316282072803007e-14,-3.552713678800501e-15,-25.116100311279298],"Rotation":[-0.0197119303047657,0.03358307480812073,0.006860698107630014,0.9992179870605469],"Euler":[-2.2891838550567629,3.8326873779296877,0.8633849620819092],"Scale":[1.0,0.9999999403953552,0.9999999403953552],"Global":[-0.5033464431762695,0.8087253570556641,0.30431270599365237,377.05450439453127,0.8410420417785645,0.3777455985546112,0.38724270462989809,144.77716064453126,0.19822010397911073,0.45085689425468447,-0.8703087568283081,17.344097137451173,0.0,0.0,0.0,1.0]}]},{"UID":1220656036,"ParentUID":4160154192,"Name":"RightWristFK","Static":0,"ActiveInHierarchy":1,"ActiveSelf":1,"isBoneRoot":0,"baseState":[1.0,0.0,0.0,0.0,0.0,1.0,0.0,0.0,0.0,0.0,1.0,0.0,0.0,0.0,0.0,1.0],"Navigable":0,"No Walkable":0,"openInHierarchy":1,"Components":[{"Type":0,"Enabled":1,"Position":[-1.4210854715202005e-14,-6.217248937900877e-15,-23.802900314331056],"Rotation":[0.0,0.0,0.0,1.0],"Euler":[-0.0,0.0,-0.0],"Scale":[1.0,1.0,1.0],"Global":[-0.5033464431762695,0.8087253570556641,0.30431270599365237,369.81097412109377,0.8410420417785645,0.3777455985546112,0.38724270462989809,135.55966186523438,0.19822010397911073,0.45085689425468447,-0.8703087568283081,38.059967041015628,0.0,0.0,0.0,1.0]}]},{"UID":4044543803,"ParentUID":1093091792,"Name":"RightUpperArm_$AssimpFbx$_Translation","Static":0,"ActiveInHierarchy":1,"ActiveSelf":1,"isBoneRoot":0,"baseState":[1.0,0.0,0.0,0.0,0.0,1.0,0.0,0.0,0.0,0.0,1.0,0.0,0.0,0.0,0.0,1.0],"Navigable":0,"No Walkable":0,"openInHierarchy":1,"Components":[{"Type":0,"Enabled":1,"Position":[-17.286500930786134,6.917709827423096,19.19027328491211],"Rotation":[0.0,0.0,0.0,1.0],"Euler":[-0.0,0.0,-0.0],"Scale":[1.0,1.0,1.0],"Global":[0.9512239098548889,-0.02061869204044342,-0.3078119158744812,384.7355651855469,0.3075457513332367,0.14186467230319978,0.9408987164497376,152.68092346191407,0.024267524480819703,-0.9896712899208069,0.1412862092256546,-5.224705219268799,0.0,0.0,0.0,1.0]}]},{"UID":3267534094,"ParentUID":4044543803,"Name":"RightUpperArm_$AssimpFbx$_PreRotation","Static":0,"ActiveInHierarchy":1,"ActiveSelf":1,"isBoneRoot":0,"baseState":[1.0,0.0,0.0,0.0,0.0,1.0,0.0,0.0,0.0,0.0,1.0,0.0,0.0,0.0,0.0,1.0],"Navigable":0,"No Walkable":0,"openInHierarchy":1,"Components":[{"Type":0,"Enabled":1,"Position":[0.0,0.0,0.0],"Rotation":[0.7071068286895752,-3.090862321641907e-8,0.7071068286895752,3.090862321641907e-8],"Euler":[180.0,90.0,0.0],"Scale":[1.0,1.0,1.0],"Global":[-0.30781206488609316,0.020618613809347154,0.9512240886688232,384.7355651855469,0.9408987760543823,-0.14186473190784455,0.30754566192626955,152.68092346191407,0.1412862241268158,0.989671528339386,0.024267597123980523,-5.224705219268799,0.0,0.0,0.0,1.0]}]},{"UID":3119427504,"ParentUID":3267534094,"Name":"RightUpperArm_$AssimpFbx$_Rotation","Static":0,"ActiveInHierarchy":1,"ActiveSelf":1,"isBoneRoot":0,"baseState":[1.0,0.0,0.0,0.0,0.0,1.0,0.0,0.0,0.0,0.0,1.0,0.0,0.0,0.0,0.0,1.0],"Navigable":0,"No Walkable":0,"openInHierarchy":1,"Components":[{"Type":0,"Enabled":1,"Position":[0.0,0.0,0.0],"Rotation":[0.556762158870697,0.0841188132762909,-0.057206135243177417,0.8244194388389587],"Euler":[68.47462463378906,4.3011040687561039,-10.866599082946778],"Scale":[0.9999999403953552,1.0,0.9999999403953552],"Global":[-0.49398136138916018,0.8139140009880066,0.30582189559936526,384.7355651855469,0.8592709898948669,0.4032673239707947,0.3146889805793762,152.68092346191407,0.13280168175697328,0.418234258890152,-0.8985790610313416,-5.224705219268799,0.0,0.0,0.0,1.0]}]},{"UID":1045812205,"ParentUID":3119427504,"Name":"RightUpperArm","Static":0,"ActiveInHierarchy":1,"ActiveSelf":1,"isBoneRoot":0,"baseState":[1.0,0.0,0.0,0.0,0.0,1.0,0.0,0.0,0.0,0.0,1.0,0.0,0.0,0.0,0.0,1.0],"Navigable":0,"No Walkable":0,"openInHierarchy":1,"Components":[{"Type":0,"Enabled":1,"Position":[0.0,0.0,0.0],"Rotation":[0.0,0.0,0.0,1.0],"Euler":[-0.0,0.0,-0.0],"Scale":[1.0,1.0,1.0],"Global":[-0.49398136138916018,0.8139140009880066,0.30582189559936526,384.7355651855469,0.8592709898948669,0.4032673239707947,0.3146889805793762,152.68092346191407,0.13280168175697328,0.418234258890152,-0.8985790610313416,-5.224705219268799,0.0,0.0,0.0,1.0]}]},{"UID":2636965116,"ParentUID":1045812205,"Name":"RightLowerArm","Static":0,"ActiveInHierarchy":1,"ActiveSelf":1,"isBoneRoot":0,"baseState":[1.0,0.0,0.0,0.0,0.0,1.0,0.0,0.0,0.0,0.0,1.0,0.0,0.0,0.0,0.0,1.0],"Navigable":0,"No Walkable":0,"openInHierarchy":1,"Components":[{"Type":0,"Enabled":1,"Position":[-2.1316282072803007e-14,-3.552713678800501e-15,-25.116100311279298],"Rotation":[-0.0197119303047657,0.03358307480812073,0.006860698107630014,0.9992179870605469],"Euler":[-2.2891838550567629,3.8326873779296877,0.8633849620819092],"Scale":[1.0,0.9999999403953552,0.9999999403953552],"Global":[-0.5033464431762695,0.8087253570556641,0.30431270599365237,377.05450439453127,0.8410420417785645,0.3777455985546112,0.38724270462989809,144.77716064453126,0.19822010397911073,0.45085689425468447,-0.8703087568283081,17.344097137451173,0.0,0.0,0.0,1.0]}]},{"UID":1857246227,"ParentUID":2636965116,"Name":"RightWrist","Static":0,"ActiveInHierarchy":1,"ActiveSelf":1,"isBoneRoot":0,"baseState":[1.0,0.0,0.0,0.0,0.0,1.0,0.0,0.0,0.0,0.0,1.0,0.0,0.0,0.0,0.0,1.0],"Navigable":0,"No Walkable":0,"openInHierarchy":1,"Components":[{"Type":0,"Enabled":1,"Position":[-1.4210854715202005e-14,-6.217248937900877e-15,-23.802900314331056],"Rotation":[0.0,0.0,0.0,1.0],"Euler":[-0.0,0.0,-0.0],"Scale":[1.0,1.0,1.0],"Global":[-0.5033464431762695,0.8087253570556641,0.30431270599365237,369.81097412109377,0.8410420417785645,0.3777455985546112,0.38724270462989809,135.55966186523438,0.19822010397911073,0.45085689425468447,-0.8703087568283081,38.059967041015628,0.0,0.0,0.0,1.0]}]},{"UID":2363616035,"ParentUID":1857246227,"Name":"RightWristEnd","Static":0,"ActiveInHierarchy":1,"ActiveSelf":1,"isBoneRoot":0,"baseState":[1.0,0.0,0.0,0.0,0.0,1.0,0.0,0.0,0.0,0.0,1.0,0.0,0.0,0.0,0.0,1.0],"Navigable":0,"No Walkable":0,"openInHierarchy":1,"Components":[{"Type":0,"Enabled":1,"Position":[-7.105427357601002e-15,-2.6645352591003758e-15,-10.998499870300293],"Rotation":[0.0,0.0,0.0,1.0],"Euler":[-0.0,0.0,-0.0],"Scale":[1.0,1.0,1.0],"Global":[-0.5033464431762695,0.8087253570556641,0.30431270599365237,366.4639892578125,0.8410420417785645,0.3777455985546112,0.38724270462989809,131.30056762695313,0.19822010397911073,0.45085689425468447,-0.8703087568283081,47.632057189941409,0.0,0.0,0.0,1.0]}]},{"UID":3609839509,"ParentUID":1093091792,"Name":"LeftUpperArmIK_$AssimpFbx$_Translation","Static":0,"ActiveInHierarchy":1,"ActiveSelf":1,"isBoneRoot":0,"baseState":[1.0,0.0,0.0,0.0,0.0,1.0,0.0,0.0,0.0,0.0,1.0,0.0,0.0,0.0,0.0,1.0],"Navigable":0,"No Walkable":0,"openInHierarchy":1,"Components":[{"Type":0,"Enabled":1,"Position":[17.286542892456056,6.917708873748779,19.190275192260743],"Rotation":[0.0,0.0,0.0,1.0],"Euler":[-0.0,0.0,-0.0],"Scale":[1.0,1.0,1.0],"Global":[0.9512239098548889,-0.02061869204044342,-0.3078119158744812,417.62225341796877,0.3075457513332367,0.14186467230319978,0.9408987164497376,163.313720703125,0.024267524480819703,-0.9896712899208069,0.1412862092256546,-4.3857011795043949,0.0,0.0,0.0,1.0]}]},{"UID":2285602589,"ParentUID":3609839509,"Name":"LeftUpperArmIK_$AssimpFbx$_PreRotation","Static":0,"ActiveInHierarchy":1,"ActiveSelf":1,"isBoneRoot":0,"baseState":[1.0,0.0,0.0,0.0,0.0,1.0,0.0,0.0,0.0,0.0,1.0,0.0,0.0,0.0,0.0,1.0],"Navigable":0,"No Walkable":0,"openInHierarchy":1,"Components":[{"Type":0,"Enabled":1,"Position":[0.0,0.0,0.0],"Rotation":[0.0,0.7071068286895752,0.0,0.7071068286895752],"Euler":[0.0,90.0,0.0],"Scale":[1.0,1.0,1.0],"Global":[0.30781182646751406,-0.02061869204044342,0.9512240886688232,417.62225341796877,-0.9408988952636719,0.14186467230319978,0.30754566192626955,163.313720703125,-0.1412862241268158,-0.9896712899208069,0.024267511442303659,-4.3857011795043949,0.0,0.0,0.0,1.0]}]},{"UID":2053556069,"ParentUID":2285602589,"Name":"LeftUpperArmIK_$AssimpFbx$_Rotation","Static":0,"ActiveInHierarchy":1,"ActiveSelf":1,"isBoneRoot":0,"baseState":[1.0,0.0,0.0,0.0,0.0,1.0,0.0,0.0,0.0,0.0,1.0,0.0,0.0,0.0,0.0,1.0],"Navigable":0,"No Walkable":0,"openInHierarchy":1,"Components":[{"Type":0,"Enabled":1,"Position":[0.0,0.0,0.0],"Rotation":[0.31282681226730349,-0.010337792336940766,0.949738621711731,0.005395377054810524],"Euler":[1.6393359899520875,36.44820022583008,178.80923461914063],"Scale":[1.0,0.9999999403953552,1.0],"Global":[0.3177039623260498,-8.381903171539307e-9,0.9481902122497559,417.62225341796877,0.9400068521499634,-0.13109871745109559,-0.3149619698524475,163.313720703125,0.12430647015571594,0.9913694262504578,-0.041650544852018359,-4.3857011795043949,0.0,0.0,0.0,1.0]}]},{"UID":2639086035,"ParentUID":2053556069,"Name":"LeftUpperArmIK","Static":0,"ActiveInHierarchy":1,"ActiveSelf":1,"isBoneRoot":0,"baseState":[1.0,0.0,0.0,0.0,0.0,1.0,0.0,0.0,0.0,0.0,1.0,0.0,0.0,0.0,0.0,1.0],"Navigable":0,"No Walkable":0,"openInHierarchy":1,"Components":[{"Type":0,"Enabled":1,"Position":[0.0,0.0,0.0],"Rotation":[0.0,0.0,0.0,1.0],"Euler":[-0.0,0.0,-0.0],"Scale":[1.0,1.0,1.0],"Global":[0.3177039623260498,-8.381903171539307e-9,0.9481902122497559,417.62225341796877,0.9400068521499634,-0.13109871745109559,-0.3149619698524475,163.313720703125,0.12430647015571594,0.9913694262504578,-0.041650544852018359,-4.3857011795043949,0.0,0.0,0.0,1.0]}]},{"UID":1934482872,"ParentUID":2639086035,"Name":"LeftLowerArmIK","Static":0,"ActiveInHierarchy":1,"ActiveSelf":1,"isBoneRoot":0,"baseState":[1.0,0.0,0.0,0.0,0.0,1.0,0.0,0.0,0.0,0.0,1.0,0.0,0.0,0.0,0.0,1.0],"Navigable":0,"No Walkable":0,"openInHierarchy":1,"Components":[{"Type":0,"Enabled":1,"Position":[-1.5285317279343505e-