{
    "navigationScene": {
        "navDataSize": 0
    },
    "GameObjects": [
        {
            "UID": 3876349348,
            "ParentUID": 0,
            "Name": "Scene",
            "Tag": "Default",
            "Static": 0,
            "ActiveInHierarchy": 1,
            "ActiveSelf": 1,
            "isBoneRoot": 1,
            "baseState": [
                1.0,
                0.0,
                0.0,
                0.0,
                0.0,
                1.0,
                0.0,
                0.0,
                0.0,
                0.0,
                1.0,
                0.0,
                0.0,
                0.0,
                0.0,
                1.0
            ],
            "Navigable": 0,
            "No Walkable": 0,
            "openInHierarchy": 1,
            "isPrefab": 0,
            "isPrefabSync": 0,
            "prefabUID": 0,
            "Components": [
                {
                    "Type": 0,
                    "Enabled": 1,
                    "Position": [
                        0.0,
                        0.0,
                        0.0
                    ],
                    "Rotation": [
                        0.0,
                        0.0,
                        0.0,
                        1.0
                    ],
                    "Euler": [
                        -0.0,
                        0.0,
                        -0.0
                    ],
                    "Scale": [
                        1.0,
                        1.0,
                        1.0
                    ],
                    "Global": [
                        1.0,
                        0.0,
                        0.0,
                        0.0,
                        0.0,
                        1.0,
                        0.0,
                        0.0,
                        0.0,
                        0.0,
                        1.0,
                        0.0,
                        0.0,
                        0.0,
                        0.0,
                        1.0
                    ]
                },
                {
                    "Type": 4,
                    "Enabled": 1,
                    "stateMachineUID": 2430814652
                }
            ]
        },
        {
            "UID": 3031529340,
            "ParentUID": 3876349348,
            "Name": "Maya_Boss_23:Maya_Boss_13:joint1_$AssimpFbx$_Translation",
            "Tag": "Default",
            "Static": 0,
            "ActiveInHierarchy": 1,
            "ActiveSelf": 1,
            "isBoneRoot": 0,
            "baseState": [
                1.0,
                0.0,
                0.0,
                0.0,
                0.0,
                1.0,
                0.0,
                0.0,
                0.0,
                0.0,
                1.0,
                0.0,
                0.0,
                0.0,
                0.0,
                1.0
            ],
            "Navigable": 0,
            "No Walkable": 0,
            "openInHierarchy": 0,
            "isPrefab": 0,
            "isPrefabSync": 0,
            "prefabUID": 0,
            "Components": [
                {
                    "Type": 0,
                    "Enabled": 1,
                    "Position": [
                        0.20165032148361207,
                        264.0703430175781,
                        -36.607704162597659
                    ],
                    "Rotation": [
                        0.0,
                        0.0,
                        0.0,
                        1.0
                    ],
                    "Euler": [
                        -0.0,
                        0.0,
                        -0.0
                    ],
                    "Scale": [
                        1.0,
                        1.0,
                        1.0
                    ],
                    "Global": [
                        1.0,
                        0.0,
                        0.0,
                        0.20165032148361207,
                        0.0,
                        1.0,
                        0.0,
                        264.0703430175781,
                        0.0,
                        0.0,
                        1.0,
                        -36.607704162597659,
                        0.0,
                        0.0,
                        0.0,
                        1.0
                    ]
                }
            ]
        },
        {
            "UID": 2676467773,
            "ParentUID": 3031529340,
            "Name": "Maya_Boss_23:Maya_Boss_13:joint1_$AssimpFbx$_PreRotation",
            "Tag": "Default",
            "Static": 0,
            "ActiveInHierarchy": 1,
            "ActiveSelf": 1,
            "isBoneRoot": 0,
            "baseState": [
                1.0,
                0.0,
                0.0,
                0.0,
                0.0,
                1.0,
                0.0,
                0.0,
                0.0,
                0.0,
                1.0,
                0.0,
                0.0,
                0.0,
                0.0,
                1.0
            ],
            "Navigable": 0,
            "No Walkable": 0,
            "openInHierarchy": 1,
            "isPrefab": 0,
            "isPrefabSync": 0,
            "prefabUID": 0,
            "Components": [
                {
                    "Type": 0,
                    "Enabled": 1,
                    "Position": [
                        0.0,
                        0.0,
                        0.0
                    ],
                    "Rotation": [
                        -0.4301455318927765,
                        -0.5462002158164978,
                        0.44470736384391787,
                        0.5646907091140747
                    ],
                    "Euler": [
                        0.00025654060300439596,
                        -88.09298706054688,
                        76.4429702758789
                    ],
                    "Scale": [
                        1.0,
                        1.0,
                        0.9999999403953552
                    ],
                    "Global": [
                        0.007801353931427002,
                        -0.03235307335853577,
                        -0.9994460940361023,
                        0.20165032148361207,
                        0.9721354246139526,
                        0.23442035913467408,
                        -1.4901159772762186e-7,
                        264.0703430175781,
                        0.23429059982299806,
                        -0.9715968370437622,
                        0.03328024968504906,
                        -36.607704162597659,
                        0.0,
                        0.0,
                        0.0,
                        1.0
                    ]
                }
            ]
        },
        {
            "UID": 2931521954,
            "ParentUID": 2676467773,
            "Name": "Maya_Boss_23:Maya_Boss_13:joint1_$AssimpFbx$_Rotation",
            "Tag": "Default",
            "Static": 0,
            "ActiveInHierarchy": 1,
            "ActiveSelf": 1,
            "isBoneRoot": 0,
            "baseState": [
                1.0,
                0.0,
                0.0,
                0.0,
                0.0,
                1.0,
                0.0,
                0.0,
                0.0,
                0.0,
                1.0,
                0.0,
                0.0,
                0.0,
                0.0,
                1.0
            ],
            "Navigable": 0,
            "No Walkable": 0,
            "openInHierarchy": 1,
            "isPrefab": 0,
            "isPrefabSync": 0,
            "prefabUID": 0,
            "Components": [
                {
                    "Type": 0,
                    "Enabled": 1,
                    "Position": [
                        0.0,
                        0.0,
                        0.0
                    ],
                    "Rotation": [
                        -0.11015574634075165,
                        -0.18270497024059297,
                        0.006231258157640696,
                        0.976957380771637
                    ],
                    "Euler": [
                        -13.185729026794434,
                        -20.999679565429689,
                        -1.7233790159225464
                    ],
                    "Scale": [
                        1.0,
                        1.0,
                        0.9999999403953552
                    ],
                    "Global": [
                        -0.34983640909194949,
                        0.18604505062103272,
                        -0.9181512594223023,
                        0.20165032148361207,
                        0.9194480180740356,
                        0.25600746273994448,
                        -0.2984555661678314,
                        264.0703430175781,
                        0.1795274168252945,
                        -0.9486029148101807,
                        -0.260619580745697,
                        -36.607704162597659,
                        0.0,
                        0.0,
                        0.0,
                        1.0
                    ]
                }
            ]
        },
        {
            "UID": 3086166052,
            "ParentUID": 2931521954,
            "Name": "Maya_Boss_23:Maya_Boss_13:joint1",
            "Tag": "Default",
            "Static": 0,
            "ActiveInHierarchy": 1,
            "ActiveSelf": 1,
            "isBoneRoot": 0,
            "baseState": [
                1.0,
                0.0,
                0.0,
                0.0,
                0.0,
                1.0,
                0.0,
                0.0,
                0.0,
                0.0,
                1.0,
                0.0,
                0.0,
                0.0,
                0.0,
                1.0
            ],
            "Navigable": 0,
            "No Walkable": 0,
            "openInHierarchy": 1,
            "isPrefab": 0,
            "isPrefabSync": 0,
            "prefabUID": 0,
            "Components": [
                {
                    "Type": 0,
                    "Enabled": 1,
                    "Position": [
                        0.0,
                        0.0,
                        0.0
                    ],
                    "Rotation": [
                        0.0,
                        0.0,
                        0.0,
                        1.0
                    ],
                    "Euler": [
                        -0.0,
                        0.0,
                        -0.0
                    ],
                    "Scale": [
                        1.0,
                        1.0,
                        1.0
                    ],
                    "Global": [
                        -0.34983640909194949,
                        0.18604505062103272,
                        -0.9181512594223023,
                        0.20165032148361207,
                        0.9194480180740356,
                        0.25600746273994448,
                        -0.2984555661678314,
                        264.0703430175781,
                        0.1795274168252945,
                        -0.9486029148101807,
                        -0.260619580745697,
                        -36.607704162597659,
                        0.0,
                        0.0,
                        0.0,
                        1.0
                    ]
                }
            ]
        },
        {
            "UID": 3681441338,
            "ParentUID": 3086166052,
            "Name": "Maya_Boss_23:Maya_Boss_13:joint31_$AssimpFbx$_Translation",
            "Tag": "Default",
            "Static": 0,
            "ActiveInHierarchy": 1,
            "ActiveSelf": 1,
            "isBoneRoot": 0,
            "baseState": [
                1.0,
                0.0,
                0.0,
                0.0,
                0.0,
                1.0,
                0.0,
                0.0,
                0.0,
                0.0,
                1.0,
                0.0,
                0.0,
                0.0,
                0.0,
                1.0
            ],
            "Navigable": 0,
            "No Walkable": 0,
            "openInHierarchy": 1,
            "isPrefab": 0,
            "isPrefabSync": 0,
            "prefabUID": 0,
            "Components": [
                {
                    "Type": 0,
                    "Enabled": 1,
                    "Position": [
                        -1.9681620597839356,
                        20.484506607055665,
                        -0.6784688830375671
                    ],
                    "Rotation": [
                        0.0,
                        0.0,
                        0.0,
                        1.0
                    ],
                    "Euler": [
                        -0.0,
                        0.0,
                        -0.0
                    ],
                    "Scale": [
                        1.0,
                        1.0,
                        1.0
                    ],
                    "Global": [
                        -0.34983640909194949,
                        0.18604505062103272,
                        -0.9181512594223023,
                        5.32416296005249,
                        0.9194480180740356,
                        0.25600746273994448,
                        -0.2984555661678314,
                        267.7073974609375,
                        0.1795274168252945,
                        -0.9486029148101807,
                        -0.260619580745697,
                        -56.21588134765625,
                        0.0,
                        0.0,
                        0.0,
                        1.0
                    ]
                }
            ]
        },
        {
            "UID": 215475649,
            "ParentUID": 3681441338,
            "Name": "Maya_Boss_23:Maya_Boss_13:joint31_$AssimpFbx$_PreRotation",
            "Tag": "Default",
            "Static": 0,
            "ActiveInHierarchy": 1,
            "ActiveSelf": 1,
            "isBoneRoot": 0,
            "baseState": [
                1.0,
                0.0,
                0.0,
                0.0,
                0.0,
                1.0,
                0.0,
                0.0,
                0.0,
                0.0,
                1.0,
                0.0,
                0.0,
                0.0,
                0.0,
                1.0
            ],
            "Navigable": 0,
            "No Walkable": 0,
            "openInHierarchy": 1,
            "isPrefab": 0,
            "isPrefabSync": 0,
            "prefabUID": 0,
            "Components": [
                {
                    "Type": 0,
                    "Enabled": 1,
                    "Position": [
                        0.0,
                        0.0,
                        0.0
                    ],
                    "Rotation": [
                        -0.03220577538013458,
                        0.9993427991867065,
                        -0.016296081244945527,
                        0.0033782378304749729
                    ],
                    "Euler": [
                        178.1459197998047,
                        0.44700849056243899,
                        176.3155517578125
                    ],
                    "Scale": [
                        1.0,
                        1.0,
                        0.9999999403953552
                    ],
                    "Global": [
                        0.34234243631362917,
                        0.2381451278924942,
                        0.9088945388793945,
                        5.32416296005249,
                        -0.9323253631591797,
                        0.20604337751865388,
                        0.2971809506416321,
                        267.7073974609375,
                        -0.11649954319000244,
                        -0.9491223096847534,
                        0.2925662100315094,
                        -56.21588134765625,
                        0.0,
                        0.0,
                        0.0,
                        1.0
                    ]
                }
            ]
        },
        {
            "UID": 2017898186,
            "ParentUID": 215475649,
            "Name": "Maya_Boss_23:Maya_Boss_13:joint31_$AssimpFbx$_Rotation",
            "Tag": "Default",
            "Static": 0,
            "ActiveInHierarchy": 1,
            "ActiveSelf": 1,
            "isBoneRoot": 0,
            "baseState": [
                1.0,
                0.0,
                0.0,
                0.0,
                0.0,
                1.0,
                0.0,
                0.0,
                0.0,
                0.0,
                1.0,
                0.0,
                0.0,
                0.0,
                0.0,
                1.0
            ],
            "Navigable": 0,
            "No Walkable": 0,
            "openInHierarchy": 1,
            "isPrefab": 0,
            "isPrefabSync": 0,
            "prefabUID": 0,
            "Components": [
                {
                    "Type": 0,
                    "Enabled": 1,
                    "Position": [
                        0.0,
                        0.0,
                        0.0
                    ],
                    "Rotation": [
                        0.00945502333343029,
                        0.0379730761051178,
                        0.21221444010734559,
                        0.9764392971992493
                    ],
                    "Euler": [
                        0.13492299616336823,
                        4.483373165130615,
                        24.518104553222658
                    ],
                    "Scale": [
                        1.0,
                        1.0,
                        1.0
                    ],
                    "Global": [
                        0.34563231468200686,
                        0.10645285993814469,
                        0.9323126077651978,
                        5.32416296005249,
                        -0.7809692025184631,
                        0.5834383964538574,
                        0.22290736436843873,
                        267.7073974609375,
                        -0.5202175378799439,
                        -0.8051507472991943,
                        0.28479161858558657,
                        -56.21588134765625,
                        0.0,
                        0.0,
                        0.0,
                        1.0
                    ]
                }
            ]
        },
        {
            "UID": 2050181079,
            "ParentUID": 2017898186,
            "Name": "Maya_Boss_23:Maya_Boss_13:joint31",
            "Tag": "Default",
            "Static": 0,
            "ActiveInHierarchy": 1,
            "ActiveSelf": 1,
            "isBoneRoot": 0,
            "baseState": [
                1.0,
                0.0,
                0.0,
                0.0,
                0.0,
                1.0,
                0.0,
                0.0,
                0.0,
                0.0,
                1.0,
                0.0,
                0.0,
                0.0,
                0.0,
                1.0
            ],
            "Navigable": 0,
            "No Walkable": 0,
            "openInHierarchy": 1,
            "isPrefab": 0,
            "isPrefabSync": 0,
            "prefabUID": 0,
            "Components": [
                {
                    "Type": 0,
                    "Enabled": 1,
                    "Position": [
                        0.0,
                        0.0,
                        0.0
                    ],
                    "Rotation": [
                        0.0,
                        0.0,
                        0.0,
                        1.0
                    ],
                    "Euler": [
                        -0.0,
                        0.0,
                        -0.0
                    ],
                    "Scale": [
                        1.0,
                        1.0,
                        1.0
                    ],
                    "Global": [
                        0.34563231468200686,
                        0.10645285993814469,
                        0.9323126077651978,
                        5.32416296005249,
                        -0.7809692025184631,
                        0.5834383964538574,
                        0.22290736436843873,
                        267.7073974609375,
                        -0.5202175378799439,
                        -0.8051507472991943,
                        0.28479161858558657,
                        -56.21588134765625,
                        0.0,
                        0.0,
                        0.0,
                        1.0
                    ]
                }
            ]
        },
        {
            "UID": 596047525,
            "ParentUID": 2050181079,
            "Name": "Maya_Boss_23:Maya_Boss_13:joint32_$AssimpFbx$_Translation",
            "Tag": "Default",
            "Static": 0,
            "ActiveInHierarchy": 1,
            "ActiveSelf": 1,
            "isBoneRoot": 0,
            "baseState": [
                1.0,
                0.0,
                0.0,
                0.0,
                0.0,
                1.0,
                0.0,
                0.0,
                0.0,
                0.0,
                1.0,
                0.0,
                0.0,
                0.0,
                0.0,
                1.0
            ],
            "Navigable": 0,
            "No Walkable": 0,
            "openInHierarchy": 1,
            "isPrefab": 0,
            "isPrefabSync": 0,
            "prefabUID": 0,
            "Components": [
                {
                    "Type": 0,
                    "Enabled": 1,
                    "Position": [
                        36.77083206176758,
                        0.0,
                        -8.386809482844888e-15
                    ],
                    "Rotation": [
                        0.0,
                        0.0,
                        0.0,
                        1.0
                    ],
                    "Euler": [
                        -0.0,
                        0.0,
                        -0.0
                    ],
                    "Scale": [
                        1.0,
                        1.0,
                        1.0
                    ],
                    "Global": [
                        0.34563231468200686,
                        0.10645285993814469,
                        0.9323126077651978,
                        18.033349990844728,
                        -0.7809692025184631,
                        0.5834383964538574,
                        0.22290736436843873,
                        238.99050903320313,
                        -0.5202175378799439,
                        -0.8051507472991943,
                        0.28479161858558657,
                        -75.34471130371094,
                        0.0,
                        0.0,
                        0.0,
                        1.0
                    ]
                }
            ]
        },
        {
            "UID": 293878383,
            "ParentUID": 596047525,
            "Name": "Maya_Boss_23:Maya_Boss_13:joint32_$AssimpFbx$_PreRotation",
            "Tag": "Default",
            "Static": 0,
            "ActiveInHierarchy": 1,
            "ActiveSelf": 1,
            "isBoneRoot": 0,
            "baseState": [
                1.0,
                0.0,
                0.0,
                0.0,
                0.0,
                1.0,
                0.0,
                0.0,
                0.0,
                0.0,
                1.0,
                0.0,
                0.0,
                0.0,
                0.0,
                1.0
            ],
            "Navigable": 0,
            "No Walkable": 0,
            "openInHierarchy": 1,
            "isPrefab": 0,
            "isPrefabSync": 0,
            "prefabUID": 0,
            "Components": [
                {
                    "Type": 0,
                    "Enabled": 1,
                    "Position": [
                        0.0,
                        0.0,
                        0.0
                    ],
                    "Rotation": [
                        0.0,
                        0.0,
                        -0.05831306055188179,
                        0.9982983469963074
                    ],
                    "Euler": [
                        0.0,
                        0.0,
                        -6.685976982116699
                    ],
                    "Scale": [
                        1.0,
                        1.0,
                        1.0
                    ],
                    "Global": [
                        0.33088764548301699,
                        0.14597006142139436,
                        0.9323126077651978,
                        18.033349990844728,
                        -0.8435863256454468,
                        0.4885441064834595,
                        0.22290736436843873,
                        238.99050903320313,
                        -0.42293781042099,
                        -0.8602427840232849,
                        0.28479161858558657,
                        -75.34471130371094,
                        0.0,
                        0.0,
                        0.0,
                        1.0
                    ]
                }
            ]
        },
        {
            "UID": 1542516173,
            "ParentUID": 293878383,
            "Name": "Maya_Boss_23:Maya_Boss_13:joint32_$AssimpFbx$_Rotation",
            "Tag": "Default",
            "Static": 0,
            "ActiveInHierarchy": 1,
            "ActiveSelf": 1,
            "isBoneRoot": 0,
            "baseState": [
                1.0,
                0.0,
                0.0,
                0.0,
                0.0,
                1.0,
                0.0,
                0.0,
                0.0,
                0.0,
                1.0,
                0.0,
                0.0,
                0.0,
                0.0,
                1.0
            ],
            "Navigable": 0,
            "No Walkable": 0,
            "openInHierarchy": 1,
            "isPrefab": 0,
            "isPrefabSync": 0,
            "prefabUID": 0,
            "Components": [
                {
                    "Type": 0,
                    "Enabled": 1,
                    "Position": [
                        0.0,
                        0.0,
                        0.0
                    ],
                    "Rotation": [
                        0.00945502333343029,
                        0.0379730761051178,
                        0.21221444010734559,
                        0.9764392971992493
                    ],
                    "Euler": [
                        0.13492299616336823,
                        4.483373165130615,
                        24.518104553222658
                    ],
                    "Scale": [
                        1.0,
                        1.0,
                        1.0
                    ],
                    "Global": [
                        0.29533344507217409,
                        0.02814527228474617,
                        0.9549798965454102,
                        18.033349990844728,
                        -0.5779895782470703,
                        0.8011629581451416,
                        0.15513476729393006,
                        238.99050903320313,
                        -0.7607277631759644,
                        -0.5977844595909119,
                        0.25287798047065737,
                        -75.34471130371094,
                        0.0,
                        0.0,
                        0.0,
                        1.0
                    ]
                }
            ]
        },
        {
            "UID": 1102865866,
            "ParentUID": 1542516173,
            "Name": "Maya_Boss_23:Maya_Boss_13:joint32",
            "Tag": "Default",
            "Static": 0,
            "ActiveInHierarchy": 1,
            "ActiveSelf": 1,
            "isBoneRoot": 0,
            "baseState": [
                1.0,
                0.0,
                0.0,
                0.0,
                0.0,
                1.0,
                0.0,
                0.0,
                0.0,
                0.0,
                1.0,
                0.0,
                0.0,
                0.0,
                0.0,
                1.0
            ],
            "Navigable": 0,
            "No Walkable": 0,
            "openInHierarchy": 1,
            "isPrefab": 0,
            "isPrefabSync": 0,
            "prefabUID": 0,
            "Components": [
                {
                    "Type": 0,
                    "Enabled": 1,
                    "Position": [
                        0.0,
                        0.0,
                        0.0
                    ],
                    "Rotation": [
                        0.0,
                        0.0,
                        0.0,
                        1.0
                    ],
                    "Euler": [
                        -0.0,
                        0.0,
                        -0.0
                    ],
                    "Scale": [
                        1.0,
                        1.0,
                        1.0
                    ],
                    "Global": [
                        0.29533344507217409,
                        0.02814527228474617,
                        0.9549798965454102,
                        18.033349990844728,
                        -0.5779895782470703,
                        0.8011629581451416,
                        0.15513476729393006,
                        238.99050903320313,
                        -0.7607277631759644,
                        -0.5977844595909119,
                        0.25287798047065737,
                        -75.34471130371094,
                        0.0,
                        0.0,
                        0.0,
                        1.0
                    ]
                }
            ]
        },
        {
            "UID": 263834192,
            "ParentUID": 1102865866,
            "Name": "Maya_Boss_23:Maya_Boss_13:joint33_$AssimpFbx$_Translation",
            "Tag": "Default",
            "Static": 0,
            "ActiveInHierarchy": 1,
            "ActiveSelf": 1,
            "isBoneRoot": 0,
            "baseState": [
                1.0,
                0.0,
                0.0,
                0.0,
                0.0,
                1.0,
                0.0,
                0.0,
                0.0,
                0.0,
                1.0,
                0.0,
                0.0,
                0.0,
                0.0,
                1.0
            ],
            "Navigable": 0,
            "No Walkable": 0,
            "openInHierarchy": 1,
            "isPrefab": 0,
            "isPrefabSync": 0,
            "prefabUID": 0,
            "Components": [
                {
                    "Type": 0,
                    "Enabled": 1,
                    "Position": [
                        34.07439422607422,
                        0.0,
                        -8.395475476928247e-15
                    ],
                    "Rotation": [
                        0.0,
                        0.0,
                        0.0,
                        1.0
                    ],
                    "Euler": [
                        -0.0,
                        0.0,
                        -0.0
                    ],
                    "Scale": [
                        1.0,
                        1.0,
                        1.0
                    ],
                    "Global": [
                        0.29533344507217409,
                        0.02814527228474617,
                        0.9549798965454102,
                        28.096656799316408,
                        -0.5779895782470703,
                        0.8011629581451416,
                        0.15513476729393006,
                        219.29586791992188,
                        -0.7607277631759644,
                        -0.5977844595909119,
                        0.25287798047065737,
                        -101.26605224609375,
                        0.0,
                        0.0,
                        0.0,
                        1.0
                    ]
                }
            ]
        },
        {
            "UID": 1452028693,
            "ParentUID": 263834192,
            "Name": "Maya_Boss_23:Maya_Boss_13:joint33_$AssimpFbx$_PreRotation",
            "Tag": "Default",
            "Static": 0,
            "ActiveInHierarchy": 1,
            "ActiveSelf": 1,
            "isBoneRoot": 0,
            "baseState": [
                1.0,
                0.0,
                0.0,
                0.0,
                0.0,
                1.0,
                0.0,
                0.0,
                0.0,
                0.0,
                1.0,
                0.0,
                0.0,
                0.0,
                0.0,
                1.0
            ],
            "Navigable": 0,
            "No Walkable": 0,
            "openInHierarchy": 1,
            "isPrefab": 0,
            "isPrefabSync": 0,
            "prefabUID": 0,
            "Components": [
                {
                    "Type": 0,
                    "Enabled": 1,
                    "Position": [
                        0.0,
                        0.0,
                        0.0
                    ],
                    "Rotation": [
                        -0.22422556579113007,
                        0.9745158553123474,
                        0.006212968844920397,
                        0.001797654782421887
                    ],
                    "Euler": [
                        -179.2599639892578,
                        0.04110820218920708,
                        154.08450317382813
                    ],
                    "Scale": [
                        0.9999999403953552,
                        0.9999999403953552,
                        0.9999999403953552
                    ],
                    "Global": [
                        -0.28394079208374026,
                        -0.09296680241823197,
                        -0.9543247222900391,
                        28.096656799316408,
                        0.16878235340118409,
                        0.9749017357826233,
                        -0.14518913626670838,
                        219.29586791992188,
                        0.9438700675964356,
                        -0.2022978961467743,
                        -0.26112329959869387,
                        -101.26605224609375,
                        0.0,
                        0.0,
                        0.0,
                        1.0
                    ]
                }
            ]
        },
        {
            "UID": 3760298394,
            "ParentUID": 1452028693,
            "Name": "Maya_Boss_23:Maya_Boss_13:joint33_$AssimpFbx$_Rotation",
            "Tag": "Default",
            "Static": 0,
            "ActiveInHierarchy": 1,
            "ActiveSelf": 1,
            "isBoneRoot": 0,
            "baseState": [
                1.0,
                0.0,
                0.0,
                0.0,
                0.0,
                1.0,
                0.0,
                0.0,
                0.0,
                0.0,
                1.0,
                0.0,
                0.0,
                0.0,
                0.0,
                1.0
            ],
            "Navigable": 0,
            "No Walkable": 0,
            "openInHierarchy": 1,
            "isPrefab": 0,
            "isPrefabSync": 0,
            "prefabUID": 0,
            "Components": [
                {
                    "Type": 0,
                    "Enabled": 1,
                    "Position": [
                        0.0,
                        0.0,
                        0.0
                    ],
                    "Rotation": [
                        0.00945502333343029,
                        0.0379730761051178,
                        0.21221444010734559,
                        0.9764392971992493
                    ],
                    "Euler": [
                        0.13492299616336823,
                        4.483373165130615,
                        24.518104553222658
                    ],
                    "Scale": [
                        1.0,
                        1.0,
                        1.0
                    ],
                    "Global": [
                        -0.22920233011245728,
                        -0.00010912120342254639,
                        -0.9733792543411255,
                        28.096656799316408,
                        0.5680051445960999,
                        0.8120701313018799,
                        -0.13383948802947999,
                        219.29586791992188,
                        0.7904664874076843,
                        -0.5835601091384888,
                        -0.18606650829315186,
                        -101.26605224609375,
                        0.0,
                        0.0,
                        0.0,
                        1.0
                    ]
                }
            ]
        },
        {
            "UID": 1288666638,
            "ParentUID": 3760298394,
            "Name": "Maya_Boss_23:Maya_Boss_13:joint33",
            "Tag": "Default",
            "Static": 0,
            "ActiveInHierarchy": 1,
            "ActiveSelf": 1,
            "isBoneRoot": 0,
            "baseState": [
                1.0,
                0.0,
                0.0,
                0.0,
                0.0,
                1.0,
                0.0,
                0.0,
                0.0,
                0.0,
                1.0,
                0.0,
                0.0,
                0.0,
                0.0,
                1.0
            ],
            "Navigable": 0,
            "No Walkable": 0,
            "openInHierarchy": 1,
            "isPrefab": 0,
            "isPrefabSync": 0,
            "prefabUID": 0,
            "Components": [
                {
                    "Type": 0,
                    "Enabled": 1,
                    "Position": [
                        0.0,
                        0.0,
                        0.0
                    ],
                    "Rotation": [
                        0.0,
                        0.0,
                        0.0,
                        1.0
                    ],
                    "Euler": [
                        -0.0,
                        0.0,
                        -0.0
                    ],
                    "Scale": [
                        1.0,
                        1.0,
                        1.0
                    ],
                    "Global": [
                        -0.22920233011245728,
                        -0.00010912120342254639,
                        -0.9733792543411255,
                        28.096656799316408,
                        0.5680051445960999,
                        0.8120701313018799,
                        -0.13383948802947999,
                        219.29586791992188,
                        0.7904664874076843,
                        -0.5835601091384888,
                        -0.18606650829315186,
