{
    "navigationScene": {
        "navDataSize": 0
    },
    "GameObjects": [
        {
            "UID": 1419557406,
            "ParentUID": 0,
            "Name": "Scene",
            "Tag": "Default",
            "Static": 0,
            "ActiveInHierarchy": 1,
            "ActiveSelf": 1,
            "isBoneRoot": 1,
            "baseState": [
                1.0,
                0.0,
                0.0,
                0.0,
                0.0,
                1.0,
                0.0,
                0.0,
                0.0,
                0.0,
                1.0,
                0.0,
                0.0,
                0.0,
                0.0,
                1.0
            ],
            "Navigable": 0,
            "No Walkable": 0,
            "openInHierarchy": 1,
            "isPrefab": 0,
            "isPrefabSync": 0,
            "prefabUID": 0,
            "Components": [
                {
                    "Type": 0,
                    "Enabled": 1,
                    "Position": [
                        0.0,
                        0.0,
                        0.0
                    ],
                    "Rotation": [
                        0.0,
                        0.0,
                        0.0,
                        1.0
                    ],
                    "Euler": [
                        -0.0,
                        0.0,
                        -0.0
                    ],
                    "Scale": [
                        1.0,
                        1.0,
                        1.0
                    ],
                    "Global": [
                        1.0,
                        0.0,
                        0.0,
                        0.0,
                        0.0,
                        1.0,
                        0.0,
                        0.0,
                        0.0,
                        0.0,
                        1.0,
                        0.0,
                        0.0,
                        0.0,
                        0.0,
                        1.0
                    ]
                },
                {
                    "Type": 4,
                    "Enabled": 1,
                    "stateMachineUID": 0
                }
            ]
        },
        {
            "UID": 1060907882,
            "ParentUID": 1419557406,
            "Name": "joint1_$AssimpFbx$_Translation",
            "Tag": "Default",
            "Static": 0,
            "ActiveInHierarchy": 1,
            "ActiveSelf": 1,
            "isBoneRoot": 0,
            "baseState": [
                1.0,
                0.0,
                0.0,
                0.0,
                0.0,
                1.0,
                0.0,
                0.0,
                0.0,
                0.0,
                1.0,
                0.0,
                0.0,
                0.0,
                0.0,
                1.0
            ],
            "Navigable": 0,
            "No Walkable": 0,
            "openInHierarchy": 1,
            "isPrefab": 0,
            "isPrefabSync": 0,
            "prefabUID": 0,
            "Components": [
                {
                    "Type": 0,
                    "Enabled": 1,
                    "Position": [
                        -3.662430714257425e-8,
                        228.46563720703126,
                        10.346287727355957
                    ],
                    "Rotation": [
                        0.0,
                        0.0,
                        0.0,
                        1.0
                    ],
                    "Euler": [
                        -0.0,
                        0.0,
                        -0.0
                    ],
                    "Scale": [
                        1.0,
                        1.0,
                        1.0
                    ],
                    "Global": [
                        1.0,
                        0.0,
                        0.0,
                        -3.662430714257425e-8,
                        0.0,
                        1.0,
                        0.0,
                        228.46563720703126,
                        0.0,
                        0.0,
                        1.0,
                        10.346287727355957,
                        0.0,
                        0.0,
                        0.0,
                        1.0
                    ]
                }
            ]
        },
        {
            "UID": 184555583,
            "ParentUID": 1060907882,
            "Name": "joint1_$AssimpFbx$_PreRotation",
            "Tag": "Default",
            "Static": 0,
            "ActiveInHierarchy": 1,
            "ActiveSelf": 1,
            "isBoneRoot": 0,
            "baseState": [
                1.0,
                0.0,
                0.0,
                0.0,
                0.0,
                1.0,
                0.0,
                0.0,
                0.0,
                0.0,
                1.0,
                0.0,
                0.0,
                0.0,
                0.0,
                1.0
            ],
            "Navigable": 0,
            "No Walkable": 0,
            "openInHierarchy": 1,
            "isPrefab": 0,
            "isPrefabSync": 0,
            "prefabUID": 0,
            "Components": [
                {
                    "Type": 0,
                    "Enabled": 1,
                    "Position": [
                        0.0,
                        0.0,
                        0.0
                    ],
                    "Rotation": [
                        -0.4301455318927765,
                        -0.5462002158164978,
                        0.44470736384391787,
                        0.5646907091140747
                    ],
                    "Euler": [
                        0.00025654060300439596,
                        -88.09298706054688,
                        76.4429702758789
                    ],
                    "Scale": [
                        1.0,
                        1.0,
                        0.9999999403953552
                    ],
                    "Global": [
                        0.007801559753715992,
                        -0.03235310688614845,
                        -0.9994460344314575,
                        -3.662430714257425e-8,
                        0.9721353054046631,
                        0.23442049324512483,
                        -6.05359673500061e-8,
                        228.46563720703126,
                        0.23429064452648164,
                        -0.9715967774391174,
                        0.03328044340014458,
                        10.346287727355957,
                        0.0,
                        0.0,
                        0.0,
                        1.0
                    ]
                }
            ]
        },
        {
            "UID": 92892786,
            "ParentUID": 184555583,
            "Name": "joint1_$AssimpFbx$_Rotation",
            "Tag": "Default",
            "Static": 0,
            "ActiveInHierarchy": 1,
            "ActiveSelf": 1,
            "isBoneRoot": 0,
            "baseState": [
                1.0,
                0.0,
                0.0,
                0.0,
                0.0,
                1.0,
                0.0,
                0.0,
                0.0,
                0.0,
                1.0,
                0.0,
                0.0,
                0.0,
                0.0,
                1.0
            ],
            "Navigable": 0,
            "No Walkable": 0,
            "openInHierarchy": 1,
            "isPrefab": 0,
            "isPrefabSync": 0,
            "prefabUID": 0,
            "Components": [
                {
                    "Type": 0,
                    "Enabled": 1,
                    "Position": [
                        0.0,
                        0.0,
                        0.0
                    ],
                    "Rotation": [
                        0.011128006502985955,
                        0.009917047806084156,
                        0.028248731046915056,
                        0.9994897842407227
                    ],
                    "Euler": [
                        1.242780327796936,
                        1.171933889389038,
                        3.2251455783843996
                    ],
                    "Scale": [
                        1.0,
                        0.9999999403953552,
                        1.0
                    ],
                    "Global": [
                        0.025138135999441148,
                        -0.055524591356515887,
                        -0.998140811920166,
                        -3.662430714257425e-8,
                        0.9836817383766174,
                        0.1793077141046524,
                        0.014799448661506176,
                        228.46563720703126,
                        0.1781526356935501,
                        -0.9822248816490173,
                        0.05912598967552185,
                        10.346287727355957,
                        0.0,
                        0.0,
                        0.0,
                        1.0
                    ]
                }
            ]
        },
        {
            "UID": 492070807,
            "ParentUID": 92892786,
            "Name": "joint1",
            "Tag": "Default",
            "Static": 0,
            "ActiveInHierarchy": 1,
            "ActiveSelf": 1,
            "isBoneRoot": 0,
            "baseState": [
                1.0,
                0.0,
                0.0,
                0.0,
                0.0,
                1.0,
                0.0,
                0.0,
                0.0,
                0.0,
                1.0,
                0.0,
                0.0,
                0.0,
                0.0,
                1.0
            ],
            "Navigable": 0,
            "No Walkable": 0,
            "openInHierarchy": 1,
            "isPrefab": 0,
            "isPrefabSync": 0,
            "prefabUID": 0,
            "Components": [
                {
                    "Type": 0,
                    "Enabled": 1,
                    "Position": [
                        0.0,
                        0.0,
                        0.0
                    ],
                    "Rotation": [
                        0.0,
                        0.0,
                        0.0,
                        1.0
                    ],
                    "Euler": [
                        -0.0,
                        0.0,
                        -0.0
                    ],
                    "Scale": [
                        1.0,
                        1.0,
                        1.0
                    ],
                    "Global": [
                        0.025138135999441148,
                        -0.055524591356515887,
                        -0.998140811920166,
                        -3.662430714257425e-8,
                        0.9836817383766174,
                        0.1793077141046524,
                        0.014799448661506176,
                        228.46563720703126,
                        0.1781526356935501,
                        -0.9822248816490173,
                        0.05912598967552185,
                        10.346287727355957,
                        0.0,
                        0.0,
                        0.0,
                        1.0
                    ]
                }
            ]
        },
        {
            "UID": 2707697911,
            "ParentUID": 492070807,
            "Name": "joint31_$AssimpFbx$_Translation",
            "Tag": "Default",
            "Static": 0,
            "ActiveInHierarchy": 1,
            "ActiveSelf": 1,
            "isBoneRoot": 0,
            "baseState": [
                1.0,
                0.0,
                0.0,
                0.0,
                0.0,
                1.0,
                0.0,
                0.0,
                0.0,
                0.0,
                1.0,
                0.0,
                0.0,
                0.0,
                0.0,
                1.0
            ],
            "Navigable": 0,
            "No Walkable": 0,
            "openInHierarchy": 1,
            "isPrefab": 0,
            "isPrefabSync": 0,
            "prefabUID": 0,
            "Components": [
                {
                    "Type": 0,
                    "Enabled": 1,
                    "Position": [
                        -1.9681620597839356,
                        20.484506607055665,
                        -0.6784688830375671
                    ],
                    "Rotation": [
                        0.0,
                        0.0,
                        0.0,
                        1.0
                    ],
                    "Euler": [
                        -0.0,
                        0.0,
                        -0.0
                    ],
                    "Scale": [
                        1.0,
                        1.0,
                        1.0
                    ],
                    "Global": [
                        0.025138135999441148,
                        -0.055524591356515887,
                        -0.998140811920166,
                        -0.5096623301506043,
                        0.9836817383766174,
                        0.1793077141046524,
                        0.014799448661506176,
                        230.1925811767578,
                        0.1781526356935501,
                        -0.9822248816490173,
                        0.05912598967552185,
                        -10.1648530960083,
                        0.0,
                        0.0,
                        0.0,
                        1.0
                    ]
                }
            ]
        },
        {
            "UID": 890588741,
            "ParentUID": 2707697911,
            "Name": "joint31_$AssimpFbx$_PreRotation",
            "Tag": "Default",
            "Static": 0,
            "ActiveInHierarchy": 1,
            "ActiveSelf": 1,
            "isBoneRoot": 0,
            "baseState": [
                1.0,
                0.0,
                0.0,
                0.0,
                0.0,
                1.0,
                0.0,
                0.0,
                0.0,
                0.0,
                1.0,
                0.0,
                0.0,
                0.0,
                0.0,
                1.0
            ],
            "Navigable": 0,
            "No Walkable": 0,
            "openInHierarchy": 1,
            "isPrefab": 0,
            "isPrefabSync": 0,
            "prefabUID": 0,
            "Components": [
                {
                    "Type": 0,
                    "Enabled": 1,
                    "Position": [
                        0.0,
                        0.0,
                        0.0
                    ],
                    "Rotation": [
                        -0.03220577538013458,
                        0.9993427991867065,
                        -0.016296081244945527,
                        0.0033782378304749729
                    ],
                    "Euler": [
                        178.1459197998047,
                        0.44700849056243899,
                        176.3155517578125
                    ],
                    "Scale": [
                        1.0,
                        1.0,
                        0.9999999403953552
                    ],
                    "Global": [
                        -0.015813453122973443,
                        -0.024267900735139848,
                        0.9995803833007813,
                        -0.5096623301506043,
                        -0.9932647347450256,
                        0.1151447668671608,
                        -0.012918038293719292,
                        230.1925811767578,
                        -0.11478299647569657,
                        -0.9930521845817566,
                        -0.02592528983950615,
                        -10.1648530960083,
                        0.0,
                        0.0,
                        0.0,
                        1.0
                    ]
                }
            ]
        },
        {
            "UID": 2702804795,
            "ParentUID": 890588741,
            "Name": "joint31_$AssimpFbx$_Rotation",
            "Tag": "Default",
            "Static": 0,
            "ActiveInHierarchy": 1,
            "ActiveSelf": 1,
            "isBoneRoot": 0,
            "baseState": [
                1.0,
                0.0,
                0.0,
                0.0,
                0.0,
                1.0,
                0.0,
                0.0,
                0.0,
                0.0,
                1.0,
                0.0,
                0.0,
                0.0,
                0.0,
                1.0
            ],
            "Navigable": 0,
            "No Walkable": 0,
            "openInHierarchy": 1,
            "isPrefab": 0,
            "isPrefabSync": 0,
            "prefabUID": 0,
            "Components": [
                {
                    "Type": 0,
                    "Enabled": 1,
                    "Position": [
                        0.0,
                        0.0,
                        0.0
                    ],
                    "Rotation": [
                        -0.17568020522594453,
                        -0.06455574929714203,
                        0.10689373314380646,
                        0.9764951467514038
                    ],
                    "Euler": [
                        -19.49957275390625,
                        -9.417946815490723,
                        10.872406959533692
                    ],
                    "Scale": [
                        1.0,
                        1.0,
                        1.0
                    ],
                    "Global": [
                        0.06754444539546967,
                        -0.3760259747505188,
                        0.9241440296173096,
                        -0.5096623301506043,
                        -0.9367812275886536,
                        0.2948431372642517,
                        0.18843711912631989,
                        230.1925811767578,
                        -0.343334823846817,
                        -0.8784486055374146,
                        -0.33233898878097536,
                        -10.1648530960083,
                        0.0,
                        0.0,
                        0.0,
                        1.0
                    ]
                }
            ]
        },
        {
            "UID": 1515443101,
            "ParentUID": 2702804795,
            "Name": "joint31",
            "Tag": "Default",
            "Static": 0,
            "ActiveInHierarchy": 1,
            "ActiveSelf": 1,
            "isBoneRoot": 0,
            "baseState": [
                1.0,
                0.0,
                0.0,
                0.0,
                0.0,
                1.0,
                0.0,
                0.0,
                0.0,
                0.0,
                1.0,
                0.0,
                0.0,
                0.0,
                0.0,
                1.0
            ],
            "Navigable": 0,
            "No Walkable": 0,
            "openInHierarchy": 1,
            "isPrefab": 0,
            "isPrefabSync": 0,
            "prefabUID": 0,
            "Components": [
                {
                    "Type": 0,
                    "Enabled": 1,
                    "Position": [
                        0.0,
                        0.0,
                        0.0
                    ],
                    "Rotation": [
                        0.0,
                        0.0,
                        0.0,
                        1.0
                    ],
                    "Euler": [
                        -0.0,
                        0.0,
                        -0.0
                    ],
                    "Scale": [
                        1.0,
                        1.0,
                        1.0
                    ],
                    "Global": [
                        0.06754444539546967,
                        -0.3760259747505188,
                        0.9241440296173096,
                        -0.5096623301506043,
                        -0.9367812275886536,
                        0.2948431372642517,
                        0.18843711912631989,
                        230.1925811767578,
                        -0.343334823846817,
                        -0.8784486055374146,
                        -0.33233898878097536,
                        -10.1648530960083,
                        0.0,
                        0.0,
                        0.0,
                        1.0
                    ]
                }
            ]
        },
        {
            "UID": 1606501089,
            "ParentUID": 1515443101,
            "Name": "joint32_$AssimpFbx$_Translation",
            "Tag": "Default",
            "Static": 0,
            "ActiveInHierarchy": 1,
            "ActiveSelf": 1,
            "isBoneRoot": 0,
            "baseState": [
                1.0,
                0.0,
                0.0,
                0.0,
                0.0,
                1.0,
                0.0,
                0.0,
                0.0,
                0.0,
                1.0,
                0.0,
                0.0,
                0.0,
                0.0,
                1.0
            ],
            "Navigable": 0,
            "No Walkable": 0,
            "openInHierarchy": 1,
            "isPrefab": 0,
            "isPrefabSync": 0,
            "prefabUID": 0,
            "Components": [
                {
                    "Type": 0,
                    "Enabled": 1,
                    "Position": [
                        36.77083206176758,
                        0.0,
                        -8.386809482844888e-15
                    ],
                    "Rotation": [
                        0.0,
                        0.0,
                        0.0,
                        1.0
                    ],
                    "Euler": [
                        -0.0,
                        0.0,
                        -0.0
                    ],
                    "Scale": [
                        1.0,
                        1.0,
                        1.0
                    ],
                    "Global": [
                        0.06754444539546967,
                        -0.3760259747505188,
                        0.9241440296173096,
                        1.9740030765533448,
                        -0.9367812275886536,
                        0.2948431372642517,
                        0.18843711912631989,
                        195.74635314941407,
                        -0.343334823846817,
                        -0.8784486055374146,
                        -0.33233898878097536,
                        -22.789560317993165,
                        0.0,
                        0.0,
                        0.0,
                        1.0
                    ]
                }
            ]
        },
        {
            "UID": 3963078730,
            "ParentUID": 1606501089,
            "Name": "joint32_$AssimpFbx$_PreRotation",
            "Tag": "Default",
            "Static": 0,
            "ActiveInHierarchy": 1,
            "ActiveSelf": 1,
            "isBoneRoot": 0,
            "baseState": [
                1.0,
                0.0,
                0.0,
                0.0,
                0.0,
                1.0,
                0.0,
                0.0,
                0.0,
                0.0,
                1.0,
                0.0,
                0.0,
                0.0,
                0.0,
                1.0
            ],
            "Navigable": 0,
            "No Walkable": 0,
            "openInHierarchy": 1,
            "isPrefab": 0,
            "isPrefabSync": 0,
            "prefabUID": 0,
            "Components": [
                {
                    "Type": 0,
                    "Enabled": 1,
                    "Position": [
                        0.0,
                        0.0,
                        0.0
                    ],
                    "Rotation": [
                        0.0,
                        0.0,
                        -0.05831306055188179,
                        0.9982983469963074
                    ],
                    "Euler": [
                        0.0,
                        0.0,
                        -6.685976982116699
                    ],
                    "Scale": [
                        1.0,
                        1.0,
                        1.0
                    ],
                    "Global": [
                        0.11086490750312805,
                        -0.3656046688556671,
                        0.9241440296173096,
                        1.9740030765533448,
                        -0.9647382497787476,
                        0.18377070128917695,
                        0.18843711912631989,
                        195.74635314941407,
                        -0.23872415721416474,
                        -0.9124481081962586,
                        -0.33233898878097536,
                        -22.789560317993165,
                        0.0,
                        0.0,
                        0.0,
                        1.0
                    ]
                }
            ]
        },
        {
            "UID": 1490851686,
            "ParentUID": 3963078730,
            "Name": "joint32_$AssimpFbx$_Rotation",
            "Tag": "Default",
            "Static": 0,
            "ActiveInHierarchy": 1,
            "ActiveSelf": 1,
            "isBoneRoot": 0,
            "baseState": [
                1.0,
                0.0,
                0.0,
                0.0,
                0.0,
                1.0,
                0.0,
                0.0,
                0.0,
                0.0,
                1.0,
                0.0,
                0.0,
                0.0,
                0.0,
                1.0
            ],
            "Navigable": 0,
            "No Walkable": 0,
            "openInHierarchy": 1,
            "isPrefab": 0,
            "isPrefabSync": 0,
            "prefabUID": 0,
            "Components": [
                {
                    "Type": 0,
                    "Enabled": 1,
                    "Position": [
                        0.0,
                        0.0,
                        0.0
                    ],
                    "Rotation": [
                        -0.17568020522594453,
                        -0.06455574929714203,
                        0.10689373314380646,
                        0.9764951467514038
                    ],
                    "Euler": [
                        -19.49957275390625,
                        -9.417946815490723,
                        10.872406959533692
                    ],
                    "Scale": [
                        1.0,
                        1.0,
                        1.0
                    ],
                    "Global": [
                        0.1045939102768898,
                        -0.6851414442062378,
                        0.7208614945411682,
                        1.9740030765533448,
                        -0.8754376173019409,
                        0.28049224615097048,
                        0.39361557364463808,
                        195.74635314941407,
                        -0.47187846899032595,
                        -0.6722390651702881,
                        -0.5704606771469116,
                        -22.789560317993165,
                        0.0,
                        0.0,
                        0.0,
                        1.0
                    ]
                }
            ]
        },
        {
            "UID": 1064859143,
            "ParentUID": 1490851686,
            "Name": "joint32",
            "Tag": "Default",
            "Static": 0,
            "ActiveInHierarchy": 1,
            "ActiveSelf": 1,
            "isBoneRoot": 0,
            "baseState": [
                1.0,
                0.0,
                0.0,
                0.0,
                0.0,
                1.0,
                0.0,
                0.0,
                0.0,
                0.0,
                1.0,
                0.0,
                0.0,
                0.0,
                0.0,
                1.0
            ],
            "Navigable": 0,
            "No Walkable": 0,
            "openInHierarchy": 1,
            "isPrefab": 0,
            "isPrefabSync": 0,
            "prefabUID": 0,
            "Components": [
                {
                    "Type": 0,
                    "Enabled": 1,
                    "Position": [
                        0.0,
                        0.0,
                        0.0
                    ],
                    "Rotation": [
                        0.0,
                        0.0,
                        0.0,
                        1.0
                    ],
                    "Euler": [
                        -0.0,
                        0.0,
                        -0.0
                    ],
                    "Scale": [
                        1.0,
                        1.0,
                        1.0
                    ],
                    "Global": [
                        0.1045939102768898,
                        -0.6851414442062378,
                        0.7208614945411682,
                        1.9740030765533448,
                        -0.8754376173019409,
                        0.28049224615097048,
                        0.39361557364463808,
                        195.74635314941407,
                        -0.47187846899032595,
                        -0.6722390651702881,
                        -0.5704606771469116,
                        -22.789560317993165,
                        0.0,
                        0.0,
                        0.0,
                        1.0
                    ]
                }
            ]
        },
        {
            "UID": 3811508573,
            "ParentUID": 1064859143,
            "Name": "joint33_$AssimpFbx$_Translation",
            "Tag": "Default",
            "Static": 0,
            "ActiveInHierarchy": 1,
            "ActiveSelf": 1,
            "isBoneRoot": 0,
            "baseState": [
                1.0,
                0.0,
                0.0,
                0.0,
                0.0,
                1.0,
                0.0,
                0.0,
                0.0,
                0.0,
                1.0,
                0.0,
                0.0,
                0.0,
                0.0,
                1.0
            ],
            "Navigable": 0,
            "No Walkable": 0,
            "openInHierarchy": 1,
            "isPrefab": 0,
            "isPrefabSync": 0,
            "prefabUID": 0,
            "Components": [
                {
                    "Type": 0,
                    "Enabled": 1,
                    "Position": [
                        34.07439422607422,
                        0.0,
                        -8.395475476928247e-15
                    ],
                    "Rotation": [
                        0.0,
                        0.0,
                        0.0,
                        1.0
                    ],
                    "Euler": [
                        -0.0,
                        0.0,
                        -0.0
                    ],
                    "Scale": [
                        1.0,
                        1.0,
                        1.0
                    ],
                    "Global": [
                        0.1045939102768898,
                        -0.6851414442062378,
                        0.7208614945411682,
                        5.53797721862793,
                        -0.8754376173019409,
                        0.28049224615097048,
                        0.39361557364463808,
                        165.91635131835938,
                        -0.47187846899032595,
                        -0.6722390651702881,
                        -0.5704606771469116,
                        -38.868534088134769,
                        0.0,
                        0.0,
                        0.0,
                        1.0
                    ]
                }
            ]
        },
        {
            "UID": 1855240685,
            "ParentUID": 3811508573,
            "Name": "joint33_$AssimpFbx$_PreRotation",
            "Tag": "Default",
            "Static": 0,
            "ActiveInHierarchy": 1,
            "ActiveSelf": 1,
            "isBoneRoot": 0,
            "baseState": [
                1.0,
                0.0,
                0.0,
                0.0,
                0.0,
                1.0,
                0.0,
                0.0,
                0.0,
                0.0,
                1.0,
                0.0,
                0.0,
                0.0,
                0.0,
                1.0
            ],
            "Navigable": 0,
            "No Walkable": 0,
            "openInHierarchy": 1,
            "isPrefab": 0,
            "isPrefabSync": 0,
            "prefabUID": 0,
            "Components": [
                {
                    "Type": 0,
                    "Enabled": 1,
                    "Position": [
                        0.0,
                        0.0,
                        0.0
                    ],
                    "Rotation": [
                        -0.22422556579113007,
                        0.9745158553123474,
                        0.006212968844920397,
                        0.001797654782421887
                    ],
                    "Euler": [
                        -179.2599639892578,
                        0.04110820218920708,
                        154.08450317382813
                    ],
                    "Scale": [
                        0.9999999403953552,
                        0.9999999403953552,
                        0.9999999403953552
                    ],
                    "Global": [
                        0.20079705119132996,
                        -0.6537589430809021,
                        -0.7295750379562378,
                        5.53797721862793,
                        0.6623519659042358,
                        0.6393206715583801,
                        -0.39058807492256167,
                        165.91635131835938,
                        0.7217828631401062,
                        -0.40480655431747439,
                        0.5613921284675598,
                        -38.868534088134769,
                        0.0,
                        0.0,
                        0.0,
                        1.0
                    ]
                }
            ]
        },
        {
            "UID": 2464523611,
            "ParentUID": 1855240685,
            "Name": "joint33_$AssimpFbx$_Rotation",
            "Tag": "Default",
            "Static": 0,
            "ActiveInHierarchy": 1,
            "ActiveSelf": 1,
            "isBoneRoot": 0,
            "baseState": [
                1.0,
                0.0,
                0.0,
                0.0,
                0.0,
                1.0,
                0.0,
                0.0,
                0.0,
                0.0,
                1.0,
                0.0,
                0.0,
                0.0,
                0.0,
                1.0
            ],
            "Navigable": 0,
            "No Walkable": 0,
            "openInHierarchy": 1,
            "isPrefab": 0,
            "isPrefabSync": 0,
            "prefabUID": 0,
            "Components": [
                {
                    "Type": 0,
                    "Enabled": 1,
                    "Position": [
                        0.0,
                        0.0,
                        0.0
                    ],
                    "Rotation": [
                        -0.17568020522594453,
                        -0.06455574929714203,
                        0.10689373314380646,
                        0.9764951467514038
                    ],
                    "Euler": [
                        -19.49957275390625,
                        -9.417946815490723,
                        10.872406959533692
                    ],
                    "Scale": [
                        1.0,
                        1.0,
                        1.0
                    ],
                    "Global": [
                        -0.02135530114173889,
                        -0.37544113397598269,
                        -0.9266001582145691,
                        5.53797721862793,
                        0.7550880312919617,
                        0.6013987064361572,
                        -0.2610780596733093,
                        165.91635131835938,
                        0.6552755832672119,
                        -0.7052400708198547,
                        0.27064797282218935,
                        -38.868534088134769,
                        0.0,
                        0.0,
                        0.0,
                        1.0
                    ]
                }
            ]
        },
        {
            "UID": 3563226336,
            "ParentUID": 2464523611,
            "Name": "joint33",
            "Tag": "Default",
            "Static": 0,
            "ActiveInHierarchy": 1,
            "ActiveSelf": 1,
            "isBoneRoot": 0,
            "baseState": [
                1.0,
                0.0,
                0.0,
                0.0,
                0.0,
                1.0,
                0.0,
                0.0,
                0.0,
                0.0,
                1.0,
                0.0,
                0.0,
                0.0,
                0.0,
                1.0
            ],
            "Navigable": 0,
            "No Walkable": 0,
            "openInHierarchy": 1,
            "isPrefab": 0,
            "isPrefabSync": 0,
            "prefabUID": 0,
            "Components": [
                {
                    "Type": 0,
                    "Enabled": 1,
                    "Position": [
                        0.0,
                        0.0,
                        0.0
                    ],
                    "Rotation": [
                        0.0,
                        0.0,
                        0.0,
                        1.0
                    ],
                    "Euler": [
                        -0.0,
                        0.0,
                        -0.0
                    ],
                    "Scale": [
                        1.0,
                        1.0,
                        1.0
                    ],
                    "Global": [
                        -0.02135530114173889,
                        -0.37544113397598269,
                        -0.9266001582145691,
                        5.53797721862793,
                        0.7550880312919617,
                        0.6013987064361572,
                        -0.2610780596733093,
                        165.91635131835938,
                        0.6552755832672119,
                        -0.7052400708198547,
                        0.27064797282218935,
                        -38.868534088134769,
                        0.0,
                        0.0,
                        0.0,
                        1.0
                    ]
                }
            ]
        },
        {
            "UID": 1599858431,
            "ParentUID": 492070807,
            "Name": "joint34_$AssimpFbx$_Translation",
            "Tag": "Default",
            "Static": 0,
