{"navigationScene":{"numObjects":0,"RenderNavMesh":0,"Generated":0,"DrawNavMesh":1},"GameObjects":[{"UID":1406330706,"ParentUID":0,"Name":"Scene","Static":0,"ActiveInHierarchy":1,"ActiveSelf":1,"isBoneRoot":0,"baseState":[1.0,0.0,0.0,0.0,0.0,1.0,0.0,0.0,0.0,0.0,1.0,0.0,0.0,0.0,0.0,1.0],"Navigable":0,"No Walkable":0,"openInHierarchy":1,"Components":[{"Type":0,"Enabled":1,"Position":[0.0,0.0,0.0],"Rotation":[0.0,0.0,0.0,1.0],"Euler":[-0.0,0.0,-0.0],"Scale":[1.0,1.0,1.0],"Global":[1.0,0.0,0.0,0.0,0.0,1.0,0.0,0.0,0.0,0.0,1.0,0.0,0.0,0.0,0.0,1.0]}]},{"UID":1282316021,"ParentUID":1406330706,"Name":"C01_SkeletonWarrior_HighPoly_2_$AssimpFbx$_Translation","Static":0,"ActiveInHierarchy":1,"ActiveSelf":1,"isBoneRoot":0,"baseState":[1.0,0.0,0.0,0.0,0.0,1.0,0.0,0.0,0.0,0.0,1.0,0.0,0.0,0.0,0.0,1.0],"Navigable":0,"No Walkable":0,"openInHierarchy":1,"Components":[{"Type":0,"Enabled":1,"Position":[3.9856226444244386,1.9023722410202027,-0.18758583068847657],"Rotation":[0.0,0.0,0.0,1.0],"Euler":[-0.0,0.0,-0.0],"Scale":[1.0,1.0,1.0],"Global":[1.0,0.0,0.0,3.9856226444244386,0.0,1.0,0.0,1.9023722410202027,0.0,0.0,1.0,-0.18758583068847657,0.0,0.0,0.0,1.0]}]},{"UID":3430156119,"ParentUID":1282316021,"Name":"C01_SkeletonWarrior_HighPoly_2_$AssimpFbx$_PreRotation","Static":0,"ActiveInHierarchy":1,"ActiveSelf":1,"isBoneRoot":0,"baseState":[1.0,0.0,0.0,0.0,0.0,1.0,0.0,0.0,0.0,0.0,1.0,0.0,0.0,0.0,0.0,1.0],"Navigable":0,"No Walkable":0,"openInHierarchy":1,"Components":[{"Type":0,"Enabled":1,"Position":[0.0,0.0,0.0],"Rotation":[-0.7071068286895752,0.0,0.0,0.7071068286895752],"Euler":[-90.00000762939453,0.0,0.0],"Scale":[1.0,1.0,1.0],"Global":[1.0,0.0,0.0,3.9856226444244386,0.0,-4.371138828673793e-8,1.0,1.9023722410202027,0.0,-1.0,-4.371138828673793e-8,-0.18758583068847657,0.0,0.0,0.0,1.0]}]},{"UID":1527501548,"ParentUID":3430156119,"Name":"C01_SkeletonWarrior_HighPoly_2_$AssimpFbx$_Rotation","Static":0,"ActiveInHierarchy":1,"ActiveSelf":1,"isBoneRoot":0,"baseState":[1.0,0.0,0.0,0.0,0.0,1.0,0.0,0.0,0.0,0.0,1.0,0.0,0.0,0.0,0.0,1.0],"Navigable":0,"No Walkable":0,"openInHierarchy":1,"Components":[{"Type":0,"Enabled":1,"Position":[0.0,0.0,0.0],"Rotation":[0.6943039894104004,-0.1390894502401352,0.1395135074853897,0.6921937465667725],"Euler":[90.1608657836914,0.0673721432685852,22.72333526611328],"Scale":[1.0,0.9999999403953552,0.9999999403953552],"Global":[0.9223802089691162,-0.38628143072128298,0.001175818732008338,3.9856226444244386,0.3862832188606262,0.9223759174346924,-0.0028076162561774256,1.9023722410202027,-1.6884975195807784e-8,0.00304388883523643,0.9999953508377075,-0.18758583068847657,0.0,0.0,0.0,1.0]}]},{"UID":1023880278,"ParentUID":1527501548,"Name":"C01_SkeletonWarrior_HighPoly_2_$AssimpFbx$_GeometricTranslation","Static":0,"ActiveInHierarchy":1,"ActiveSelf":1,"isBoneRoot":0,"baseState":[1.0,0.0,0.0,0.0,0.0,1.0,0.0,0.0,0.0,0.0,1.0,0.0,0.0,0.0,0.0,1.0],"Navigable":0,"No Walkable":0,"openInHierarchy":1,"Components":[{"Type":0,"Enabled":1,"Position":[19.063018798828126,-50.091087341308597,1.4219285249710084],"Rotation":[0.0,0.0,0.0,1.0],"Euler":[-0.0,0.0,-0.0],"Scale":[1.0,1.0,1.0],"Global":[0.9223802089691162,-0.38628143072128298,0.001175818732008338,40.91990280151367,0.3862832188606262,0.9223759174346924,-0.0028076162561774256,-36.940711975097659,-1.6884975195807784e-8,0.00304388883523643,0.9999953508377075,1.0818641185760499,0.0,0.0,0.0,1.0]}]},{"UID":34817800,"ParentUID":1023880278,"Name":"C01_SkeletonWarrior_HighPoly_2","Static":0,"ActiveInHierarchy":1,"ActiveSelf":1,"isBoneRoot":0,"baseState":[1.0,0.0,0.0,0.0,0.0,1.0,0.0,0.0,0.0,0.0,1.0,0.0,0.0,0.0,0.0,1.0],"Navigable":0,"No Walkable":0,"openInHierarchy":1,"Components":[{"Type":0,"Enabled":1,"Position":[0.0,0.0,0.0],"Rotation":[0.0,0.0,0.0,1.0],"Euler":[-0.0,0.0,-0.0],"Scale":[1.0,1.0,1.0],"Global":[0.9223802089691162,-0.38628143072128298,0.001175818732008338,40.91990280151367,0.3862832188606262,0.9223759174346924,-0.0028076162561774256,-36.940711975097659,-1.6884975195807784e-8,0.00304388883523643,0.9999953508377075,1.0818641185760499,0.0,0.0,0.0,1.0]}]},{"UID":2425399648,"ParentUID":1406330706,"Name":"mesh","Static":0,"ActiveInHierarchy":1,"ActiveSelf":1,"isBoneRoot":0,"baseState":[1.0,0.0,0.0,0.0,0.0,1.0,0.0,0.0,0.0,0.0,1.0,0.0,0.0,0.0,0.0,1.0],"Navigable":0,"No Walkable":0,"openInHierarchy":1,"Components":[{"Type":1,"Enabled":1,"meshUID":696669485,"materialUID":735767494,"castShadows":0,"useAlpha":0,"highlighted":0,"highlightColor":[1.0,1.0,1.0]},{"Type":0,"Enabled":1,"Position":[40.91990280151367,-36.940711975097659,1.0818641185760499],"Rotation":[0.0014921191614121199,0.000299835141049698,0.19700203835964204,0.9804019331932068],"Euler":[0.160864919424057,0.0673694759607315,22.72333335876465],"Scale":[1.0,0.9999999403953552,0.9999999403953552],"Global":[1.0,0.0,0.0,0.0,0.0,1.0,0.0,0.0,0.0,0.0,1.0,0.0,0.0,0.0,0.0,1.0]}]}]}