{"GameObjects":[{"UID":1912123403,"ParentUID":0,"Name":"floor","Static":1,"ActiveInHierarchy":1,"ActiveSelf":1,"isBoneRoot":0,"baseState":[1.0,0.0,0.0,0.0,0.0,1.0,0.0,0.0,0.0,0.0,1.0,0.0,0.0,0.0,0.0,1.0],"Navigable":1,"No Walkable":0,"openInHierarchy":1,"Components":[{"Type":1,"Enabled":1,"meshUID":2793297812,"materialFile":"E01_Tomb2_Prop","castShadows":0,"useAlpha":0},{"Type":0,"Enabled":1,"Position":[-4297.5703125,962.26611328125,-857.999755859375],"Rotation":[-0.7071068286895752,0.0,0.0,0.7071067094802856],"Euler":[-90.00000762939453,0.0,0.0],"Scale":[1.0,0.9999863505363464,0.9999863505363464],"Global":[1.0,0.0,0.0,-4297.5703125,0.0,-1.1920766240791636e-7,0.9999862909317017,962.26611328125,0.0,-0.9999862909317017,-1.1920766240791636e-7,-857.999755859375,0.0,0.0,0.0,1.0]}]},{"UID":577808191,"ParentUID":0,"Name":"Directional","Static":0,"ActiveInHierarchy":1,"ActiveSelf":1,"isBoneRoot":0,"baseState":[1.0,0.0,0.0,0.0,0.0,1.0,0.0,0.0,0.0,0.0,1.0,0.0,0.0,0.0,0.0,1.0],"Navigable":0,"No Walkable":0,"openInHierarchy":1,"Components":[{"Type":0,"Enabled":1,"Position":[0.0,0.0,0.0],"Rotation":[0.5259894132614136,0.0,0.0,0.8504911065101624],"Euler":[63.46974182128906,0.0,-0.0],"Scale":[1.0,1.0000007152557374,1.0000007152557374],"Global":[1.0,0.0,0.0,0.0,0.0,0.44667062163352969,-0.8946992754936218,0.0,0.0,0.8946992754936218,0.44667062163352969,0.0,0.0,0.0,0.0,1.0]},{"Type":3,"Enabled":1,"Lighttype":0,"color":[1.0,1.0,1.0],"intensity":57.0,"produceShadows":0}]},{"UID":2104410653,"ParentUID":0,"Name":"Player","Static":0,"ActiveInHierarchy":1,"ActiveSelf":1,"isBoneRoot":0,"baseState":[1.0,0.0,0.0,0.0,0.0,1.0,0.0,0.0,0.0,0.0,1.0,0.0,0.0,0.0,0.0,1.0],"Navigable":0,"No Walkable":0,"openInHierarchy":1,"Components":[{"Type":0,"Enabled":1,"Position":[-2160.21484375,776.0726928710938,-628.26904296875],"Rotation":[0.0,0.0,0.0,1.0],"Euler":[-0.0,0.0,-0.0],"Scale":[0.4000000059604645,0.4000000059604645,0.20000000298023225],"Global":[0.4000000059604645,0.0,0.0,-2160.21484375,0.0,0.4000000059604645,0.0,776.0726928710938,0.0,0.0,0.20000000298023225,-628.26904296875,0.0,0.0,0.0,1.0]},{"Type":1,"Enabled":1,"meshUID":4088009539,"materialFile":"DollHouse","castShadows":0,"useAlpha":0},{"Type":9,"Enabled":1,"script":"PlayerMovement","scriptInfo":{"speed":350.0,"attack":0.0}}]},{"UID":918345675,"ParentUID":0,"Name":"Camera","Static":0,"ActiveInHierarchy":1,"ActiveSelf":1,"isBoneRoot":0,"baseState":[1.0,0.0,0.0,0.0,0.0,1.0,0.0,0.0,0.0,0.0,1.0,0.0,0.0,0.0,0.0,1.0],"Navigable":0,"No Walkable":0,"openInHierarchy":1,"Components":[{"Type":0,"Enabled":1,"Position":[-285.0092468261719,2618.53662109375,277.4110107421875],"Rotation":[-0.11738476157188416,0.8802486658096314,-0.2888934314250946,-0.35766422748565676],"Euler":[134.24913024902345,-34.183387756347659,150.02499389648438],"Scale":[1.000019907951355,1.0,1.0000184774398804],"Global":[-0.7166085839271545,-0.4133092761039734,-0.5618539452552795,-285.0092468261719,-0.0000018626822111400543,0.8055227994918823,-0.59257572889328,2618.53662109375,0.6975041627883911,-0.4246274530887604,-0.5772444605827332,277.4110107421875,0.0,0.0,0.0,1.0]},{"Type":2,"Enabled":1,"MovementSpeed":5.0,"RotationSpeed":200.0,"ZoomSpeed":0.4000000059604645,"Znear":10.0,"Zfar":100000.0,"vFOV":1.0471975803375245,"hFOV":1.6568517684936524,"Position":[-285.0092468261719,2618.53662109375,277.4110107421875],"Front":[-0.5618435740470886,-0.5925647616386414,-0.5772337913513184],"Up":[-0.4133092761039734,0.8055227994918823,-0.4246274530887604],"isMain":0}]},{"UID":3533243936,"ParentUID":0,"Name":"obstacleTest","Static":0,"ActiveInHierarchy":1,"ActiveSelf":1,"isBoneRoot":0,"baseState":[1.0,0.0,0.0,0.0,0.0,1.0,0.0,0.0,0.0,0.0,1.0,0.0,0.0,0.0,0.0,1.0],"Navigable":0,"No Walkable":0,"openInHierarchy":1,"Components":[{"Type":0,"Enabled":1,"Position":[-2963.4111328125,890.3388671875,-186.555419921875],"Rotation":[-0.5507215261459351,-0.4435162842273712,-0.44351741671562197,0.5507190823554993],"Euler":[-90.00009155273438,0.00019295283709652722,-77.69174194335938],"Scale":[1.0000046491622925,0.9999598264694214,0.9999676942825317],"Global":[0.21317224204540254,0.9769756197929382,0.00000342715634360502,-2963.4111328125,9.238763141183881e-7,-0.0000038145440157677514,0.9999678134918213,890.3388671875,0.9770194292068481,-0.21316270530223847,-0.0000017880815903481562,-186.555419921875,0.0,0.0,0.0,1.0]},{"Type":1,"Enabled":1,"meshUID":3514008997,"materialFile":"DollHouse","castShadows":0,"useAlpha":0}]},{"UID":3345292568,"ParentUID":0,"Name":"Empty","Static":0,"ActiveInHierarchy":1,"ActiveSelf":1,"isBoneRoot":0,"baseState":[1.0,0.0,0.0,0.0,0.0,1.0,0.0,0.0,0.0,0.0,1.0,0.0,0.0,0.0,0.0,1.0],"Navigable":0,"No Walkable":0,"openInHierarchy":1,"Components":[{"Type":0,"Enabled":1,"Position":[-3059.744384765625,764.266845703125,9.349395751953125],"Rotation":[-0.5353876352310181,-0.46191176772117617,-0.4619123637676239,0.5353826880455017],"Euler":[-90.00027465820313,0.000300528306979686,-81.57301330566406],"Scale":[1.0,0.9999806880950928,0.9999805092811585],"Global":[0.14654898643493653,0.9891843199729919,0.000005215304554440081,-3059.744384765625,0.000003933906555175781,-0.000005960349426459288,0.9999805092811585,764.266845703125,0.9892034530639648,-0.14654621481895448,-0.000004768278813571669,9.349395751953125,0.0,0.0,0.0,1.0]},{"Type":1,"Enabled":1,"meshUID":3514008997,"materialFile":"Default","castShadows":0,"useAlpha":0}]},{"UID":3197010373,"ParentUID":0,"Name":"Empty","Static":0,"ActiveInHierarchy":1,"ActiveSelf":1,"isBoneRoot":0,"baseState":[1.0,0.0,0.0,0.0,0.0,1.0,0.0,0.0,0.0,0.0,1.0,0.0,0.0,0.0,0.0,1.0],"Navigable":0,"No Walkable":0,"openInHierarchy":1,"Components":[{"Type":0,"Enabled":1,"Position":[-2863.14599609375,773.4338989257813,-466.56951904296877],"Rotation":[-0.5526958703994751,-0.4410540759563446,-0.4410547912120819,0.5526927709579468],"Euler":[-90.00016021728516,0.00020490566384978592,-77.18028259277344],"Scale":[1.0000011920928956,0.9999992847442627,0.9999999403953552],"Global":[0.22188422083854676,0.9750723838806152,0.0000035464761367620669,-2863.14599609375,0.0000019371532289369499,-0.000004053113116242457,0.9999999403953552,773.4338989257813,0.975074291229248,-0.22188381850719453,-0.0000028610227218450747,-466.56951904296877,0.0,0.0,0.0,1.0]},{"Type":1,"Enabled":1,"meshUID":3514008997,"materialFile":"Default","castShadows":0,"useAlpha":0}]},{"UID":3955568799,"ParentUID":0,"Name":"Empty","Static":0,"ActiveInHierarchy":1,"ActiveSelf":1,"isBoneRoot":0,"baseState":[1.0,0.0,0.0,0.0,0.0,1.0,0.0,0.0,0.0,0.0,1.0,0.0,0.0,0.0,0.0,1.0],"Navigable":0,"No Walkable":0,"openInHierarchy":1,"Components":[{"Type":0,"Enabled":1,"Position":[-2563.50439453125,774.5381469726563,-887.397216796875],"Rotation":[-0.5427022576332092,-0.45329344272613528,-0.4532937705516815,0.5427007079124451],"Euler":[-90.00007629394531,0.00010074528108816594,-79.74091339111328],"Scale":[1.0000001192092896,0.9999983310699463,0.9999982118606567],"Global":[0.1780996471643448,0.9840108156204224,0.0000017583338376425673,-2563.50439453125,0.0000010430813972561737,-0.0000019073454495810439,0.9999982118606567,774.5381469726563,0.9840126037597656,-0.17809933423995973,-0.0000014305089734989452,-887.397216796875,0.0,0.0,0.0,1.0]},{"Type":1,"Enabled":1,"meshUID":3514008997,"materialFile":"Default","castShadows":0,"useAlpha":0}]},{"UID":196274805,"ParentUID":0,"Name":"Empty","Static":0,"ActiveInHierarchy":1,"ActiveSelf":1,"isBoneRoot":0,"baseState":[1.0,0.0,0.0,0.0,0.0,1.0,0.0,0.0,0.0,0.0,1.0,0.0,0.0,0.0,0.0,1.0],"Navigable":0,"No Walkable":0,"openInHierarchy":1,"Components":[{"Type":0,"Enabled":1,"Position":[-2537.71728515625,769.1422119140625,-647.24853515625],"Rotation":[-0.5086742639541626,-0.49117329716682436,-0.49117422103881838,0.5086719989776611],"Euler":[-90.00007629394531,0.0001827075466280803,-87.99462127685547],"Scale":[0.9999998807907105,0.999998152256012,0.9999890327453613],"Global":[0.034993406385183337,0.9993857741355896,0.0000031590116122970359,-2537.71728515625,0.0000012814997489840608,-0.0000032186449061555324,0.9999890327453613,769.1422119140625,0.9993874430656433,-0.03499331697821617,-0.0000014304957858257695,-647.24853515625,0.0,0.0,0.0,1.0]},{"Type":1,"Enabled":1,"meshUID":3514008997,"materialFile":"Default","castShadows":0,"useAlpha":0}]},{"UID":4137035545,"ParentUID":0,"Name":"Empty","Static":0,"ActiveInHierarchy":1,"ActiveSelf":1,"isBoneRoot":0,"baseState":[1.0,0.0,0.0,0.0,0.0,1.0,0.0,0.0,0.0,0.0,1.0,0.0,0.0,0.0,0.0,1.0],"Navigable":0,"No Walkable":0,"openInHierarchy":1,"Components":[{"Type":0,"Enabled":1,"Position":[-2546.18408203125,766.4656982421875,-396.7567138671875],"Rotation":[-0.47952163219451907,-0.5196727514266968,-0.5196756720542908,0.4795169234275818],"Euler":[-90.00008392333985,0.00044054718455299735,-94.60265350341797],"Scale":[1.0000078678131104,1.0000005960464478,1.0000041723251343],"Global":[-0.08024577051401138,0.9967758059501648,0.000007689031008339953,-2546.18408203125,0.0000020861789380433039,-0.000007629399078723509,1.0000041723251343,766.4656982421875,0.9967830777168274,0.08024515211582184,-0.0000015497272443099064,-396.7567138671875,0.0,0.0,0.0,1.0]},{"Type":1,"Enabled":1,"meshUID":3514008997,"materialFile":"Default","castShadows":0,"useAlpha":0}]},{"UID":1349897053,"ParentUID":0,"Name":"Empty","Static":0,"ActiveInHierarchy":1,"ActiveSelf":1,"isBoneRoot":0,"baseState":[1.0,0.0,0.0,0.0,0.0,1.0,0.0,0.0,0.0,0.0,1.0,0.0,0.0,0.0,0.0,1.0],"Navigable":0,"No Walkable":0,"openInHierarchy":1,"Components":[{"Type":0,"Enabled":1,"Position":[-2598.52783203125,777.839599609375,-140.57345581054688],"Rotation":[-0.5338267683982849,-0.4637138843536377,-0.46371379494667055,0.5338239073753357],"Euler":[-90.00018310546875,0.000148556602653116,-81.95922088623047],"Scale":[1.0000003576278687,1.0000005960464478,1.0000008344650269],"Global":[0.13987796008586884,0.9901694059371948,0.000002563001771704876,-2598.52783203125,0.0000027418145691626707,-0.000002980234057758935,1.0000008344650269,777.839599609375,0.9901691675186157,-0.13987800478935243,-0.000003218653546355199,-140.57345581054688,0.0,0.0,0.0,1.0]},{"Type":1,"Enabled":1,"meshUID":3514008997,"materialFile":"Default","castShadows":0,"useAlpha":0}]}],"navigationScene":{"NavigableObjectName":"floor","RenderNavMesh":1}}