{"GameObjects":[{"UID":1886671311,"ParentUID":0,"Name":"Scene","Static":0,"ActiveInHierarchy":1,"ActiveSelf":1,"isBoneRoot":1,"baseState":[1.0,0.0,0.0,0.0,0.0,1.0,0.0,0.0,0.0,0.0,1.0,0.0,0.0,0.0,0.0,1.0],"Navigable":0,"Walkable":0,"No Walkable":0,"Components":[{"Type":0,"Enabled":1,"Position":[0.0,0.0,0.0],"Rotation":[0.0,0.0,0.0,1.0],"Euler":[-0.0,0.0,-0.0],"Scale":[1.0,1.0,1.0],"Global":[1.0,0.0,0.0,0.0,0.0,1.0,0.0,0.0,0.0,0.0,1.0,0.0,0.0,0.0,0.0,1.0]},{"Type":4,"Enabled":1,"animUID":1997356696,"stateMachineUID":0}]},{"UID":2782284285,"ParentUID":1886671311,"Name":"MayaMainCharacter14_RIGGFINISH_withweapontest_oanimated_6:Skeleton1_$AssimpFbx$_Translation","Static":0,"ActiveInHierarchy":1,"ActiveSelf":1,"isBoneRoot":0,"baseState":[1.0,0.0,0.0,0.0,0.0,1.0,0.0,0.0,0.0,0.0,1.0,0.0,0.0,0.0,0.0,1.0],"Navigable":0,"Walkable":0,"No Walkable":0,"Components":[{"Type":0,"Enabled":1,"Position":[0.6084690093994141,8.499942779541016,-1.2442747354507447],"Rotation":[0.0,0.0,0.0,1.0],"Euler":[-0.0,0.0,-0.0],"Scale":[1.0,1.0,1.0],"Global":[1.0,0.0,0.0,0.6084690093994141,0.0,1.0,0.0,8.499942779541016,0.0,0.0,1.0,-1.2442747354507447,0.0,0.0,0.0,1.0]}]},{"UID":257409982,"ParentUID":2782284285,"Name":"MayaMainCharacter14_RIGGFINISH_withweapontest_oanimated_6:Skeleton1_$AssimpFbx$_PreRotation","Static":0,"ActiveInHierarchy":1,"ActiveSelf":1,"isBoneRoot":0,"baseState":[1.0,0.0,0.0,0.0,0.0,1.0,0.0,0.0,0.0,0.0,1.0,0.0,0.0,0.0,0.0,1.0],"Navigable":0,"Walkable":0,"No Walkable":0,"Components":[{"Type":0,"Enabled":1,"Position":[0.0,0.0,0.0],"Rotation":[0.537307620048523,0.4596744477748871,0.5373076796531677,0.4596743881702423],"Euler":[98.90507507324219,90.0,0.0],"Scale":[1.0,1.0,1.0],"Global":[-4.318449953188974e-8,5.047781570510779e-8,1.0,0.6084690093994141,0.9879461526870728,-0.15479782223701478,5.047781570510779e-8,8.499942779541016,0.15479782223701478,0.9879461526870728,-4.318449953188974e-8,-1.2442747354507447,0.0,0.0,0.0,1.0]}]},{"UID":2788894806,"ParentUID":257409982,"Name":"MayaMainCharacter14_RIGGFINISH_withweapontest_oanimated_6:Skeleton1_$AssimpFbx$_Rotation","Static":0,"ActiveInHierarchy":1,"ActiveSelf":1,"isBoneRoot":0,"baseState":[1.0,0.0,0.0,0.0,0.0,1.0,0.0,0.0,0.0,0.0,1.0,0.0,0.0,0.0,0.0,1.0],"Navigable":0,"Walkable":0,"No Walkable":0,"Components":[{"Type":0,"Enabled":1,"Position":[0.0,0.0,0.0],"Rotation":[-0.36379963159561159,0.06365931779146195,0.01654796302318573,0.9291520118713379],"Euler":[-43.001564025878909,6.099654197692871,4.445363998413086],"Scale":[1.0,0.9999999403953552,1.0],"Global":[-0.13033869862556458,-0.6739434003829956,0.7271946668624878,0.6084690093994141,0.9818076491355896,-0.1898786723613739,5.160836025197568e-8,8.499942779541016,0.1380787342786789,0.713965117931366,0.6864311695098877,-1.2442747354507447,0.0,0.0,0.0,1.0]}]},{"UID":663795835,"ParentUID":2788894806,"Name":"MayaMainCharacter14_RIGGFINISH_withweapontest_oanimated_6:Skeleton1","Static":0,"ActiveInHierarchy":1,"ActiveSelf":1,"isBoneRoot":0,"baseState":[1.0,0.0,0.0,0.0,0.0,1.0,0.0,0.0,0.0,0.0,1.0,0.0,0.0,0.0,0.0,1.0],"Navigable":0,"Walkable":0,"No Walkable":0,"Components":[{"Type":0,"Enabled":1,"Position":[0.0,0.0,0.0],"Rotation":[0.0,0.0,0.0,1.0],"Euler":[-0.0,0.0,-0.0],"Scale":[1.0,1.0,1.0],"Global":[-0.13033869862556458,-0.6739434003829956,0.7271946668624878,0.6084690093994141,0.9818076491355896,-0.1898786723613739,5.160836025197568e-8,8.499942779541016,0.1380787342786789,0.713965117931366,0.6864311695098877,-1.2442747354507447,0.0,0.0,0.0,1.0]}]},{"UID":1029304582,"ParentUID":663795835,"Name":"MayaMainCharacter14_RIGGFINISH_withweapontest_oanimated_6:L_Leg_IK","Static":0,"ActiveInHierarchy":1,"ActiveSelf":1,"isBoneRoot":0,"baseState":[1.0,0.0,0.0,0.0,0.0,1.0,0.0,0.0,0.0,0.0,1.0,0.0,0.0,0.0,0.0,1.0],"Navigable":0,"Walkable":0,"No Walkable":0,"Components":[{"Type":0,"Enabled":1,"Position":[-7.175767421722412,3.425572395324707,4.156283378601074],"Rotation":[0.5232985019683838,0.4317905902862549,0.566655158996582,-0.4675656259059906],"Euler":[-85.36006927490235,10.910694122314454,-90.88009643554688],"Scale":[1.0,1.0,1.0],"Global":[0.7794210910797119,-5.960464477539063e-8,-0.6265003681182861,2.2575345039367677,5.2376620374161578e-8,1.0000001192092896,-1.0801842975638465e-8,0.8042764663696289,0.6265002489089966,2.9802322387695315e-8,0.7794210314750671,3.0636463165283205,0.0,0.0,0.0,1.0]}]},{"UID":2514015315,"ParentUID":663795835,"Name":"MayaMainCharacter14_RIGGFINISH_withweapontest_oanimated_6:R_ARM_IK","Static":0,"ActiveInHierarchy":1,"ActiveSelf":1,"isBoneRoot":0,"baseState":[1.0,0.0,0.0,0.0,0.0,1.0,0.0,0.0,0.0,0.0,1.0,0.0,0.0,0.0,0.0,1.0],"Navigable":0,"Walkable":0,"No Walkable":0,"Components":[{"Type":0,"Enabled":1,"Position":[1.4290488958358765,0.665898323059082,-7.80186653137207],"Rotation":[-0.5536381602287293,0.1020992323756218,-0.3857806324958801,0.7309130430221558],"Euler":[-63.38179016113281,35.19892883300781,-33.489383697509769],"Scale":[1.0,1.0,0.9999999403953552],"Global":[0.5695294141769409,-0.7647832632064819,-0.3012353181838989,-5.700044631958008,0.7976471781730652,0.42573004961013796,0.42721542716026308,9.776554107666016,-0.1984821856021881,-0.4835911989212036,0.8524928092956543,-5.926969528198242,0.0,0.0,0.0,1.0]}]},{"UID":2383607123,"ParentUID":663795835,"Name":"MayaMainCharacter14_RIGGFINISH_withweapontest_oanimated_6:L_ARM_IK","Static":0,"ActiveInHierarchy":1,"ActiveSelf":1,"isBoneRoot":0,"baseState":[1.0,0.0,0.0,0.0,0.0,1.0,0.0,0.0,0.0,0.0,1.0,0.0,0.0,0.0,0.0,1.0],"Navigable":0,"Walkable":0,"No Walkable":0,"Components":[{"Type":0,"Enabled":1,"Position":[2.620079517364502,5.350582122802734,6.218791484832764],"Rotation":[0.3468109965324402,0.7844799160957336,0.4206194579601288,0.2956225574016571],"Euler":[-136.01980590820313,49.07526779174805,-153.19134521484376],"Scale":[0.9999999403953552,0.9999999403953552,1.0],"Global":[-0.5832409262657166,0.31715163588523867,-0.7478266954421997,1.1832540035247803,-0.7245624661445618,0.21305318176746369,0.6554522514343262,10.056395530700684,0.367204487323761,0.9241335988044739,0.10553482174873352,7.2064032554626469,0.0,0.0,0.0,1.0]}]},{"UID":2407795368,"ParentUID":663795835,"Name":"MayaMainCharacter14_RIGGFINISH_withweapontest_oanimated_6:R_Leg_IK","Static":0,"ActiveInHierarchy":1,"ActiveSelf":1,"isBoneRoot":0,"baseState":[1.0,0.0,0.0,0.0,0.0,1.0,0.0,0.0,0.0,0.0,1.0,0.0,0.0,0.0,0.0,1.0],"Navigable":0,"Walkable":0,"No Walkable":0,"Components":[{"Type":0,"Enabled":1,"Position":[-8.04047679901123,-1.0455904006958008,-3.9892029762268068],"Rotation":[0.6670827865600586,0.5504316687583923,0.38722074031829836,-0.31950843334198],"Euler":[-120.18746948242188,9.490348815917969,-84.52122497558594],"Scale":[1.0,1.0,1.0],"Global":[0.29102587699890139,-5.960464477539063e-8,-0.9567152261734009,-0.5398039817810059,3.736362685913264e-8,1.0000001192092896,-2.559511003141779e-8,0.8042764663696289,0.9567150473594666,2.9802322387695315e-8,0.29102587699890139,-5.839321613311768,0.0,0.0,0.0,1.0]}]},{"UID":3704021585,"ParentUID":663795835,"Name":"MayaMainCharacter14_RIGGFINISH_withweapontest_oanimated_6:joint28_$AssimpFbx$_Translation","Static":0,"ActiveInHierarchy":1,"ActiveSelf":1,"isBoneRoot":0,"baseState":[1.0,0.0,0.0,0.0,0.0,1.0,0.0,0.0,0.0,0.0,1.0,0.0,0.0,0.0,0.0,1.0],"Navigable":0,"Walkable":0,"No Walkable":0,"Components":[{"Type":0,"Enabled":1,"Position":[-1.0707837343215943,0.5509953498840332,-1.674280047416687],"Rotation":[0.0,0.0,0.0,1.0],"Euler":[-0.0,0.0,-0.0],"Scale":[1.0,1.0,1.0],"Global":[-0.13033869862556458,-0.6739434003829956,0.7271946668624878,-0.8408336639404297,0.9818076491355896,-0.1898786723613739,5.160836025197568e-8,7.344017028808594,0.1380787342786789,0.713965117931366,0.6864311695098877,-2.1480138301849367,0.0,0.0,0.0,1.0]}]},{"UID":3192202719,"ParentUID":3704021585,"Name":"MayaMainCharacter14_RIGGFINISH_withweapontest_oanimated_6:joint28_$AssimpFbx$_PreRotation","Static":0,"ActiveInHierarchy":1,"ActiveSelf":1,"isBoneRoot":0,"baseState":[1.0,0.0,0.0,0.0,0.0,1.0,0.0,0.0,0.0,0.0,1.0,0.0,0.0,0.0,0.0,1.0],"Navigable":0,"Walkable":0,"No Walkable":0,"Components":[{"Type":0,"Enabled":1,"Position":[0.0,0.0,0.0],"Rotation":[0.9935300350189209,-0.0953408032655716,0.061601124703884128,0.0036853302735835315],"Euler":[178.89915466308595,6.990363121032715,11.030068397521973],"Scale":[1.0,0.9999999403953552,0.9999999403953552],"Global":[0.08991454541683197,0.6832079291343689,-0.7246668934822083,-0.8408336639404297,0.9923932552337647,-0.000025615323465899566,0.12310913950204849,7.344017028808594,0.08409061282873154,-0.7302236557006836,-0.6780130863189697,-2.1480138301849367,0.0,0.0,0.0,1.0]}]},{"UID":23475729,"ParentUID":3192202719,"Name":"MayaMainCharacter14_RIGGFINISH_withweapontest_oanimated_6:joint28_$AssimpFbx$_Rotation","Static":0,"ActiveInHierarchy":1,"ActiveSelf":1,"isBoneRoot":0,"baseState":[1.0,0.0,0.0,0.0,0.0,1.0,0.0,0.0,0.0,0.0,1.0,0.0,0.0,0.0,0.0,1.0],"Navigable":0,"Walkable":0,"No Walkable":0,"Components":[{"Type":0,"Enabled":1,"Position":[0.0,0.0,0.0],"Rotation":[0.31049343943595889,0.2419920712709427,-0.018876150250434877,0.9190633296966553],"Euler":[40.040260314941409,25.663833618164064,-11.842084884643555],"Scale":[1.0,0.9999999403953552,1.0],"Global":[0.4891178607940674,0.16065561771392823,-0.8572941422462463,-0.8408336639404297,0.819250226020813,0.25267988443374636,0.5147642493247986,7.344017028808594,0.2993207573890686,-0.9541184902191162,-0.008026838302612305,-2.1480138301849367,0.0,0.0,0.0,1.0]}]},{"UID":3241786966,"ParentUID":23475729,"Name":"MayaMainCharacter14_RIGGFINISH_withweapontest_oanimated_6:joint28","Static":0,"ActiveInHierarchy":1,"ActiveSelf":1,"isBoneRoot":0,"baseState":[1.0,0.0,0.0,0.0,0.0,1.0,0.0,0.0,0.0,0.0,1.0,0.0,0.0,0.0,0.0,1.0],"Navigable":0,"Walkable":0,"No Walkable":0,"Components":[{"Type":0,"Enabled":1,"Position":[0.0,0.0,0.0],"Rotation":[0.0,0.0,0.0,1.0],"Euler":[-0.0,0.0,-0.0],"Scale":[1.0,1.0,1.0],"Global":[0.4891178607940674,0.16065561771392823,-0.8572941422462463,-0.8408336639404297,0.819250226020813,0.25267988443374636,0.5147642493247986,7.344017028808594,0.2993207573890686,-0.9541184902191162,-0.008026838302612305,-2.1480138301849367,0.0,0.0,0.0,1.0]}]},{"UID":2833333753,"ParentUID":3241786966,"Name":"MayaMainCharacter14_RIGGFINISH_withweapontest_oanimated_6:joint29_$AssimpFbx$_Translation","Static":0,"ActiveInHierarchy":1,"ActiveSelf":1,"isBoneRoot":0,"baseState":[1.0,0.0,0.0,0.0,0.0,1.0,0.0,0.0,0.0,0.0,1.0,0.0,0.0,0.0,0.0,1.0],"Navigable":0,"Walkable":0,"No Walkable":0,"Components":[{"Type":0,"Enabled":1,"Position":[-4.309390544891357,-4.687539245651351e-8,1.4435767070608564e-7],"Rotation":[0.0,0.0,0.0,1.0],"Euler":[-0.0,0.0,-0.0],"Scale":[1.0,1.0,1.0],"Global":[0.4891178607940674,0.16065561771392823,-0.8572941422462463,-2.9486336708068849,0.819250226020813,0.25267988443374636,0.5147642493247986,3.8135478496551515,0.2993207573890686,-0.9541184902191162,-0.008026838302612305,-3.437903881072998,0.0,0.0,0.0,1.0]}]},{"UID":3149516694,"ParentUID":2833333753,"Name":"MayaMainCharacter14_RIGGFINISH_withweapontest_oanimated_6:joint29_$AssimpFbx$_PreRotation","Static":0,"ActiveInHierarchy":1,"ActiveSelf":1,"isBoneRoot":0,"baseState":[1.0,0.0,0.0,0.0,0.0,1.0,0.0,0.0,0.0,0.0,1.0,0.0,0.0,0.0,0.0,1.0],"Navigable":0,"Walkable":0,"No Walkable":0,"Components":[{"Type":0,"Enabled":1,"Position":[0.0,0.0,0.0],"Rotation":[0.001509072259068489,-0.07955339550971985,-0.05468020215630531,0.9953286647796631],"Euler":[-0.33053526282310488,-9.121499061584473,-6.315342426300049],"Scale":[0.9999999403953552,0.9999999403953552,1.0],"Global":[0.326853483915329,0.20278318226337434,-0.9230631589889526,-2.9486336708068849,0.8578517436981201,0.3461708426475525,0.37981098890304568,3.8135478496551515,0.3965567946434021,-0.9159935712814331,-0.060810696333646777,-3.437903881072998,0.0,0.0,0.0,1.0]}]},{"UID":964004671,"ParentUID":3149516694,"Name":"MayaMainCharacter14_RIGGFINISH_withweapontest_oanimated_6:joint29_$AssimpFbx$_Rotation","Static":0,"ActiveInHierarchy":1,"ActiveSelf":1,"isBoneRoot":0,"baseState":[1.0,0.0,0.0,0.0,0.0,1.0,0.0,0.0,0.0,0.0,1.0,0.0,0.0,0.0,0.0,1.0],"Navigable":0,"Walkable":0,"No Walkable":0,"Components":[{"Type":0,"Enabled":1,"Position":[0.0,0.0,0.0],"Rotation":[-0.10242964327335358,-0.37008294463157656,-0.2462962120771408,0.8898792266845703],"Euler":[-27.343238830566408,-37.459625244140628,-40.371246337890628],"Scale":[0.9999999403953552,0.9999999403953552,0.9999999403953552],"Global":[-0.5304069519042969,0.3419815003871918,-0.7757041454315186,-2.9486336708068849,0.662619948387146,0.7379835247993469,-0.1277310848236084,3.8135478496551515,0.5287750959396362,-0.5817462801933289,-0.6180352568626404,-3.437903881072998,0.0,0.0,0.0,1.0]}]},{"UID":1378516290,"ParentUID":964004671,"Name":"MayaMainCharacter14_RIGGFINISH_withweapontest_oanimated_6:joint29","Static":0,"ActiveInHierarchy":1,"ActiveSelf":1,"isBoneRoot":0,"baseState":[1.0,0.0,0.0,0.0,0.0,1.0,0.0,0.0,0.0,0.0,1.0,0.0,0.0,0.0,0.0,1.0],"Navigable":0,"Walkable":0,"No Walkable":0,"Components":[{"Type":0,"Enabled":1,"Position":[0.0,0.0,0.0],"Rotation":[0.0,0.0,0.0,1.0],"Euler":[-0.0,0.0,-0.0],"Scale":[1.0,1.0,1.0],"Global":[-0.5304069519042969,0.3419815003871918,-0.7757041454315186,-2.9486336708068849,0.662619948387146,0.7379835247993469,-0.1277310848236084,3.8135478496551515,0.5287750959396362,-0.5817462801933289,-0.6180352568626404,-3.437903881072998,0.0,0.0,0.0,1.0]}]},{"UID":1823549231,"ParentUID":1378516290,"Name":"MayaMainCharacter14_RIGGFINISH_withweapontest_oanimated_6:joint30_$AssimpFbx$_Translation","Static":0,"ActiveInHierarchy":1,"ActiveSelf":1,"isBoneRoot":0,"baseState":[1.0,0.0,0.0,0.0,0.0,1.0,0.0,0.0,0.0,0.0,1.0,0.0,0.0,0.0,0.0,1.0],"Navigable":0,"Walkable":0,"No Walkable":0,"Components":[{"Type":0,"Enabled":1,"Position":[-4.541473388671875,-8.430278342075326e-8,-3.6534950709210536e-7],"Rotation":[0.0,0.0,0.0,1.0],"Euler":[-0.0,0.0,-0.0],"Scale":[1.0,1.0,1.0],"Global":[-0.5304069519042969,0.3419815003871918,-0.7757041454315186,-0.5398044586181641,0.662619948387146,0.7379835247993469,-0.1277310848236084,0.8042769432067871,0.5287750959396362,-0.5817462801933289,-0.6180352568626404,-5.839321613311768,0.0,0.0,0.0,1.0]}]},{"UID":455065611,"ParentUID":1823549231,"Name":"MayaMainCharacter14_RIGGFINISH_withweapontest_oanimated_6:joint30_$AssimpFbx$_PreRotation","Static":0,"ActiveInHierarchy":1,"ActiveSelf":1,"isBoneRoot":0,"baseState":[1.0,0.0,0.0,0.0,0.0,1.0,0.0,0.0,0.0,0.0,1.0,0.0,0.0,0.0,0.0,1.0],"Navigable":0,"Walkable":0,"No Walkable":0,"Components":[{"Type":0,"Enabled":1,"Position":[0.0,0.0,0.0],"Rotation":[-0.0035046914126724006,0.012205314822494984,0.6970844268798828,0.7168766260147095],"Euler":[-1.2630665302276612,0.7227067351341248,88.40404510498047],"Scale":[1.0,1.0,1.0],"Global":[0.34435656666755679,0.5304744839668274,-0.774606466293335,-0.5398044586181641,0.7588248252868652,-0.6430882811546326,-0.10306607931852341,0.8042769432067871,-0.5528140664100647,-0.5522989630699158,-0.623988687992096,-5.839321613311768,0.0,0.0,0.0,1.0]}]},{"UID":234250604,"ParentUID":455065611,"Name":"MayaMainCharacter14_RIGGFINISH_withweapontest_oanimated_6:joint30_$AssimpFbx$_Rotation","Static":0,"ActiveInHierarchy":1,"ActiveSelf":1,"isBoneRoot":0,"baseState":[1.0,0.0,0.0,0.0,0.0,1.0,0.0,0.0,0.0,0.0,1.0,0.0,0.0,0.0,0.0,1.0],"Navigable":0,"Walkable":0,"No Walkable":0,"Components":[{"Type":0,"Enabled":1,"Position":[0.0,0.0,0.0],"Rotation":[-0.10722920298576355,0.2868099808692932,0.3729940950870514,0.8758523464202881],"Euler":[-26.313386917114259,24.98712921142578,52.06465530395508],"Scale":[1.0,0.9999999403953552,0.9999999403953552],"Global":[0.956985592842102,0.1042613759636879,-0.2707543671131134,-0.5398044586181641,0.10224354267120362,-0.9945252537727356,-0.021587714552879335,0.8042769432067871,-0.2715226113796234,-0.007023800164461136,-0.9624060988426209,-5.839321613311768,0.0,0.0,0.0,1.0]}]},{"UID":2517701850,"ParentUID":234250604,"Name":"MayaMainCharacter14_RIGGFINISH_withweapontest_oanimated_6:joint30","Static":0,"ActiveInHierarchy":1,"ActiveSelf":1,"isBoneRoot":0,"baseState":[1.0,0.0,0.0,0.0,0.0,1.0,0.0,0.0,0.0,0.0,1.0,0.0,0.0,0.0,0.0,1.0],"Navigable":0,"Walkable":0,"No Walkable":0,"Components":[{"Type":0,"Enabled":1,"Position":[0.0,0.0,0.0],"Rotation":[0.0,0.0,0.0,1.0],"Euler":[-0.0,0.0,-0.0],"Scale":[1.0,1.0,1.0],"Global":[0.956985592842102,0.1042613759636879,-0.2707543671131134,-0.5398044586181641,0.10224354267120362,-0.9945252537727356,-0.021587714552879335,0.8042769432067871,-0.2715226113796234,-0.007023800164461136,-0.9624060988426209,-5.839321613311768,0.0,0.0,0.0,1.0]}]},{"UID":4284205714,"ParentUID":2517701850,"Name":"MayaMainCharacter14_RIGGFINISH_withweapontest_oanimated_6:joint33_$AssimpFbx$_Translation","Static":0,"ActiveInHierarchy":1,"ActiveSelf":1,"isBoneRoot":0,"baseState":[1.0,0.0,0.0,0.0,0.0,1.0,0.0,0.0,0.0,0.0,1.0,0.0,0.0,0.0,0.0,1.0],"Navigable":0,"Walkable":0,"No Walkable":0,"Components":[{"Type":0,"Enabled":1,"Position":[1.7700005769729615,0.5753288269042969,0.06263520568609238],"Rotation":[0.0,0.0,0.0,1.0],"Euler":[-0.0,0.0,-0.0],"Scale":[1.0,1.0,1.0],"Global":[0.956985592842102,0.1042613759636879,-0.2707543671131134,1.1970864534378052,0.10224354267120362,-0.9945252537727356,-0.021587714552879335,0.41171690821647646,-0.2715226113796234,-0.007023800164461136,-0.9624060988426209,-6.384238243103027,0.0,0.0,0.0,1.0]}]},{"UID":307135047,"ParentUID":4284205714,"Name":"MayaMainCharacter14_RIGGFINISH_withweapontest_oanimated_6:joint33_$AssimpFbx$_PreRotation","Static":0,"ActiveInHierarchy":1,"ActiveSelf":1,"isBoneRoot":0,"baseState":[1.0,0.0,0.0,0.0,0.0,1.0,0.0,0.0,0.0,0.0,1.0,0.0,0.0,0.0,0.0,1.0],"Navigable":0,"Walkable":0,"No Walkable":0,"Components":[{"Type":0,"Enabled":1,"Position":[0.0,0.0,0.0],"Rotation":[0.01057581976056099,-0.004246552009135485,0.15703769028186799,0.9875269532203674],"Euler":[1.2733222246170045,-0.2902366816997528,18.074399948120118],"Scale":[1.0,1.0,1.0],"Global":[0.9389089345932007,-0.20310118794441224,-0.2778485417366028,1.1970864534378052,-0.211426243185997,-0.9773941040039063,-1.3597309589385987e-7,0.41171690821647646,-0.27156731486320498,0.05874449014663696,-0.960624635219574,-6.384238243103027,0.0,0.0,0.0,1.0]}]},{"UID":1907909691,"ParentUID":307135047,"Name":"MayaMainCharacter14_RIGGFINISH_withweapontest_oanimated_6:joint33_$AssimpFbx$_Rotation","Static":0,"ActiveInHierarchy":1,"ActiveSelf":1,"isBoneRoot":0,"baseState":[1.0,0.0,0.0,0.0,0.0,1.0,0.0,0.0,0.0,0.0,1.0,0.0,0.0,0.0,0.0,1.0],"Navigable":0,"Walkable":0,"No Walkable":0,"Components":[{"Type":0,"Enabled":1,"Position":[0.0,0.0,0.0],"Rotation":[0.0,0.0,0.0,1.0],"Euler":[-0.0,0.0,-0.0],"Scale":[1.0,1.0,1.0],"Global":[0.9389089345932007,-0.20310118794441224,-0.2778485417366028,1.1970864534378052,-0.211426243185997,-0.9773941040039063,-1.3597309589385987e-7,0.41171690821647646,-0.27156731486320498,0.05874449014663696,-0.960624635219574,-6.384238243103027,0.0,0.0,0.0,1.0]}]},{"UID":3645225241,"ParentUID":1907909691,"Name":"MayaMainCharacter14_RIGGFINISH_withweapontest_oanimated_6:joint33","Static":0,"ActiveInHierarchy":1,"ActiveSelf":1,"isBoneRoot":0,"baseState":[1.0,0.0,0.0,0.0,0.0,1.0,0.0,0.0,0.0,0.0,1.0,0.0,0.0,0.0,0.0,1.0],"Navigable":0,"Walkable":0,"No Walkable":0,"Components":[{"Type":0,"Enabled":1,"Position":[0.0,0.0,0.0],"Rotation":[0.0,0.0,0.0,1.0],"Euler":[-0.0,0.0,-0.0],"Scale":[1.0,1.0,1.0],"Global":[0.9389089345932007,-0.20310118794441224,-0.2778485417366028,1.1970864534378052,-0.211426243185997,-0.9773941040039063,-1.3597309589385987e-7,0.41171690821647646,-0.27156731486320498,0.05874449014663696,-0.960624635219574,-6.384238243103027,0.0,0.0,0.0,1.0]}]},{"UID":2763390466,"ParentUID":2517701850,"Name":"MayaMainCharacter14_RIGGFINISH_withweapontest_oanimated_6:joint31_$AssimpFbx$_Translation","Static":0,"ActiveInHierarchy":1,"ActiveSelf":1,"isBoneRoot":0,"baseState":[1.0,0.0,0.0,0.0,0.0,1.0,0.0,0.0,0.0,0.0,1.0,0.0,0.0,0.0,0.0,1.0],"Navigable":0,"Walkable":0,"No Walkable":0,"Components":[{"Type":0,"Enabled":1,"Position":[-1.54902982711792,0.2181587666273117,-0.6894552111625671],"Rotation":[0.0,0.0,0.0,1.0],"Euler":[-0.0,0.0,-0.0],"Scale":[1.0,1.0,1.0],"Global":[0.956985592842102,0.1042613759636879,-0.2707543671131134,-1.8127851486206055,0.10224354267120362,-0.9945252537727356,-0.021587714552879335,0.44381797313690188,-0.2715226113796234,-0.007023800164461136,-0.9624060988426209,-4.756721496582031,0.0,0.0,0.0,1.0]}]},{"UID":3146362105,"ParentUID":2763390466,"Name":"MayaMainCharacter14_RIGGFINISH_withweapontest_oanimated_6:joint31_$AssimpFbx$_PreRotation","Static":0,"ActiveInHierarchy":1,"ActiveSelf":1,"isBoneRoot":0,"baseState":[1.0,0.0,0.0,0.0,0.0,1.0,0.0,0.0,0.0,0.0,1.0,0.0,0.0,0.0,0.0,1.0],"Navigable":0,"Walkable":0,"No Walkable":0,"Components":[{"Type":0,"Enabled":1,"Position":[0.0,0.0,0.0],"Rotation":[-0.00442128861322999,-0.18079251050949098,0.043961361050605777,0.9825283288955689],"Euler":[0.44186457991600039,-20.833669662475587,5.204995632171631],"Scale":[1.0,1.0,1.0],"Global":[0.8038152456283569,0.02936970442533493,-0.5941534638404846,-1.8127851486206055,-6.658956408500672e-8,-0.9987806677818298,-0.04937097057700157,0.44381797313690188,-0.5948786735534668,0.03968510031700134,-0.8028348684310913,-4.756721496582031,0.0,0.0,0.0,1.0]}]},{"UID":3781283141,"ParentUID":3146362105,"Name":"MayaMainCharacter14_RIGGFINISH_withweapontest_oanimated_6:joint31_$AssimpFbx$_Rotation","Static":0,"ActiveInHierarchy":1,"ActiveSelf":1,"isBoneRoot":0,"baseState":[1.0,0.0,0.0,0.0,0.0,1.0,0.0,0.0,0.0,0.0,1.0,0.0,0.0,0.0,0.0,1.0],"Navigable":0,"Walkable":0,"No Walkable":0,"Components":[{"Type":0,"Enabled":1,"Position":[0.0,0.0,0.0],"Rotation":[0.0,0.0,0.0,1.0],"Euler":[-0.0,0.0,-0.0],"Scale":[1.0,1.0,1.0],"Global":[0.8038152456283569,0.02936970442533493,-0.5941534638404846,-1.8127851486206055,-6.658956408500672e-8,-0.9987806677818298,-0.04937097057700157,0.44381797313690188,-0.5948786735534668,0.03968510031700134,-0.8028348684310913,-4.756721496582031,0.0,0.0,0.0,1.0]}]},{"UID":2550440395,"ParentUID":3781283141,"Name":"MayaMainCharacter14_RIGGFINISH_withweapontest_oanimated_6:joint31","Static":0,"ActiveInHierarchy":1,"ActiveSelf":1,"isBoneRoot":0,"baseState":[1.0,0.0,0.0,0.0,0.0,1.0,0.0,0.0,0.0,0.0,1.0,0.0,0.0,0.0,0.0,1.0],"Navigable":0,"Walkable":0,"No Walkable":0,"Components":[{"Type":0,"Enabled":1,"Position":[0.0,0.0,0.0],"Rotation":[0.0,0.0,0.0,1.0],"Euler":[-0.0,0.0,-0.0],"Scale":[1.0,1.0,1.0],"Global":[0.8038152456283569,0.02936970442533493,-0.5941534638404846,-1.8127851486206055,-6.658956408500672e-8,-0.9987806677818298,-0.04937097057700157,0.44381797313690188,-0.5948786735534668,0.03968510031700134,-0.8028348684310913,-4.756721496582031,0.0,0.0,0.0,1.0]}]},{"UID":3217141563,"ParentUID":2550440395,"Name":"MayaMainCharacter14_RIGGFINISH_withweapontest_oanimated_6:joint32_$AssimpFbx$_Translation","Static":0,"ActiveInHierarchy":1,"ActiveSelf":1,"isBoneRoot":0,"baseState":[1.0,0.0,0.0,0.0,0.0,1.0,0.0,0.0,0.0,0.0,1.0,0.0,0.0,0.0,0.0,1.0],"Navigable":0,"Walkable":0,"No Walkable":0,"Components":[{"Type":0,"Enabled":1,"Position":[-1.6681218147277833,-0.0008385339169763029,0.016963988542556764],"Rotation":[0.0,0.0,0.0,1.0],"Euler":[-0.0,0.0,-0.0],"Scale":[1.0,1.0,1.0],"Global":[0.8038152456283569,0.02936970442533493,-0.5941534638404846,-3.1637508869171144,-6.658956408500672e-8,-0.9987806677818298,-0.04937097057700157,0.443818062543869,-0.5948786735534668,0.03968510031700134,-0.8028348684310913,-3.7780439853668215,0.0,0.0,0.0,1.0]}]},{"UID":1065514000,"ParentUID":3217141563,"Name":"MayaMainCharacter14_RIGGFINISH_withweapontest_oanimated_6:joint32_$AssimpFbx$_PreRotation","Static":0,"ActiveInHierarchy":1,"ActiveSelf":1,"isBoneRoot":0,"baseState":[1.0,0.0,0.0,0.0,0.0,1.0,0.0,0.0,0.0,0.0,1.0,0.0,0.0,0.0,0.0,1.0],"Navigable":0,"Walkable":0,"No Walkable":0,"Components":[{"Type":0,"Enabled":1,"Position":[0.0,0.0,0.0],"Rotation":[0.030599506571888925,0.9992261528968811,0.02464972250163555,-0.0017879813676699997],"Euler":[-177.17010498046876,-0.11829619854688645,-176.48899841308595],"Scale":[0.9999999403953552,1.0,0.9999999403953552],"Global":[-0.8035306930541992,0.049300745129585269,0.5932180285453796,-3.1637508869171144,-0.06123986467719078,-0.9981232285499573,1.4528632164001466e-7,0.443818062543869,0.5921043157577515,-0.0363285206258297,0.8050415515899658,-3.7780439853668215,0.0,0.0,0.0,1.0]}]},{"UID":164668691,"ParentUID":1065514000,"Name":"MayaMainCharacter14_RIGGFINISH_withweapontest_oanimated_6:joint32_$AssimpFbx$_Rotation","Static":0,"ActiveInHierarchy":1,"ActiveSelf":1,"isBoneRoot":0,"baseState":[1.0,0.0,0.0,0.0,0.0,1.0,0.0,0.0,0.0,0.0,1.0,0.0,0.0,0.0,0.0,1.0],"Navigable":0,"Walkable":0,"No Walkable":0,"Components":[{"Type":0,"Enabled":1,"Position":[0.0,0.0,0.0],"Rotation":[0.0,0.0,0.0,1.0],"Euler":[-0.0,0.0,-0.0],"Scale":[1.0,1.0,1.0],"Global":[-0.8035306930541992,0.049300745129585269,0.5932180285453796,-3.1637508869171144,-0.06123986467719078,-0.9981232285499573,1.4528632164001466e-7,0.443818062543869,0.5921043157577515,-0.0363285206258297,0.8050415515899658,-3.7780439853668215,0.0,0.0,0.0,1.0]}]},{"UID":788750330,"ParentUID":164668691,"Name":"MayaMainCharacter14_RIGGFINISH_withweapontest_oanimated_6:joint32","Static":0,"ActiveInHierarchy":1,"ActiveSelf":1,"isBoneRoot":0,"baseState":[1.0,0.0,0.0,0.0,0.0,1.0,0.0,0.0,0.0,0.0,1.0,0.0,0.0,0.0,0.0,1.0],"Navigable":0,"Walkable":0,"No Walkable":0,"Components":[{"Type":0,"Enabled":1,"Position":[0.0,0.0,0.0],"Rotation":[0.0,0.0,0.0,1.0],"Euler":[-0.0,0.0,-0.0],"Scale":[1.0,1.0,1.0],"Global":[-0.8035306930541992,0.049300745129585269,0.5932180285453796,-3.1637508869171144,-0.06123986467719078,-0.9981232285499573,1.4528632164001466e-7,0.443818062543869,0.5921043157577515,-0.0363285206258297,0.8050415515899658,-3.7780439853668215,0.0,0.0,0.0,1.0]}]},{"UID":4183023855,"ParentUID":2517701850,"Name":"MayaMainCharacter14_RIGGFINISH_withweapontest_oanimated_6:pasted__joint20_$AssimpFbx$_Translation","Static":0,"ActiveInHierarchy":1,"ActiveSelf":1,"isBoneRoot":0,"baseState":[1.0,0.0,0.0,0.0,0.0,1.0,0.0,0.0,0.0,0.0,1.0,0.0,0.0,0.0,0.0,1.0],"Navigable":0,"Walkable":0,"No Walkable":0,"Components":[{"Type":0,"Enabled":1,"Position":[-1.5683869123458863,0.20067906379699708,0.024143589660525323],"Rotation":[0.0,0.0,0.0,1.0],"Euler":[-0.0,0.0,-0.0],"Scale":[1.0,1.0,1.0],"Global":[0.956985592842102,0.1042613759636879,-0.2707543671131134,-2.0263419151306154,0.10224354267120362,-0.9945252537727356,-0.021587714552879335,0.4438178837299347,-0.2715226113796234,-0.007023800164461136,-0.9624060988426209,-5.438114643096924,0.0,0.0,0.0,1.0]}]},{"UID":2914783306,"ParentUID":4183023855,"Name":"MayaMainCharacter14_RIGGFINISH_withweapontest_oanimated_6:pasted__joint20_$AssimpFbx$_PreRotation","Static":0,"ActiveInHierarchy":1,"ActiveSelf":1,"isBoneRoot":0,"baseState":[1.0,0.0,0.0,0.0,0.0,1.0,0.0,0.0,0.0,0.0,1.0,0.0,0.0,0.0,0.0,1.0],"Navigable":0,"Walkable":0,"No Walkable":0,"Components":[{"Type":0,"Enabled":1,"Position":[0.0,0.0,0.0],"Rotation":[-0.014492332935333252,0.011375094763934613,0.05162116512656212,0.9984968304634094],"Euler":[-1.726140022277832,1.2158944606781006,5.93730354309082],"Scale":[1.0,0.9999999403953552,1.0],"Global":[0.9689069390296936,0.01221145037561655,-0.24712367355823518,-2.0263419151306154,-1.6298145055770875e-9,-0.9987813830375671,-0.04935409128665924,0.4438178837299347,-0.24742504954338075,0.04781944304704666,-0.967725932598114,-5.438114643096924,0.0,0.0,0.0,1.0]}]},{"UID":452000578,"ParentUID":2914783306,"Name":"MayaMainCharacter14_RIGGFINISH_withweapontest_oanimated_6:pasted__joint20_$AssimpFbx$_Rotation","Static":0,"ActiveInHierarchy":1,"ActiveSelf":1,"isBoneRoot":0,"baseState":[1.0,0.0,0.0,0.0,0.0,1.0,0.0,0.0,0.0,0.0,1.0,0.0,0.0,0.0,0.0,1.0],"Navigable":0,"Walkable":0,"No Walkable":0,"Components":[{"Type":0,"Enabled":1,"Position":[0.0,0.0,0.0],"Rotation":[0.0,0.0,0.0,1.0],"Euler":[-0.0,0.0,-0.0],"Scale":[1.0,1.0,1.0],"Global":[0.9689069390296936,0.01221145037561655,-0.24712367355823518,-2.0263419151306154,-1.6298145055770875e-9,-0.9987813830375671,-0.04935409128665924,0.4438178837299347,-0.24742504954338075,0.04781944304704666,-0.967725932598114,-5.438114643096924,0.0,0.0,0.0,1.0]}]},{"UID":45106959,"ParentUID":452000578,"Name":"MayaMainCharacter14_RIGGFINISH_withweapontest_oanimated_6:pasted__joint20","Static":0,"ActiveInHierarchy":1,"ActiveSelf":1,"isBoneRoot":0,"baseState":[1.0,0.0,0.0,0.0,0.0,1.0,0.0,0.0,0.0,0.0,1.0,0.0,0.0,0.0,0.0,1.0],"Navigable":0,"Walkable":0,"No Walkable":0,"Components":[{"Type":0,"Enabled":1,"Position":[0.0,0.0,0.0],"Rotation":[0.0,0.0,0.0,1.0],"Euler":[-0.0,0.0,-0.0],"Scale":[1.0,1.0,1.0],"Global":[0.9689069390296936,0.01221145037561655,-0.24712367355823518,-2.0263419151306154,-1.6298145055770875e-9,-0.9987813830375671,-0.04935409128665924,0.4438178837299347,-0.24742504954338075,0.04781944304704666,-0.967725932598114,-5.438114643096924,0.0,0.0,0.0,1.0]}]},{"UID":3662099495,"ParentUID":45106959,"Name":"MayaMainCharacter14_RIGGFINISH_withweapontest_oanimated_6:pasted__joint21_$AssimpFbx$_Translation","Static":0,"ActiveInHierarchy":1,"ActiveSelf":1,"isBoneRoot":0,"baseState":[1.0,0.0,0.0,0.0,0.0,1.0,0.0,0.0,0.0,0.0,1.0,0.0,0.0,0.0,0.0,1.0],"Navigable":0,"Walkable":0,"No Walkable":0,"Components":[{"Type":0,"Enabled":1,"Position":[-1.921491026878357,0.0038253895472735168,-0.07741484045982361],"Rotation":[0.0,0.0,0.0,1.0],"Euler":[-0.0,0.0,-0.0],"Scale":[1.0,1.0,1.0],"Global":[0.9689069390296936,0.01221145037561655,-0.24712367355823518,-3.868910074234009,-1.6298145055770875e-9,-0.9987813830375671,-0.04935409128665924,0.4438178837299347,-0.24742504954338075,0.04781944304704666,-0.967725932598114,-4.887590408325195,0.0,0.0,0.0,1.0]}]},{"UID":187125800,"ParentUID":3662099495,"Name":"MayaMainCharacter14_RIGGFINISH_withweapontest_oanimated_6:pasted__joint21_$AssimpFbx$_PreRotation","Static":0,"ActiveInHierarchy":1,"ActiveSelf":1,"isBoneRoot":0,"baseState":[1.0,0.0,0.0,0.0,0.0,1.0,0.0,0.0,0.0,0.0,1.0,0.0,0.0,0.0,0.0,1.0],"Navigable":0,"Walkable":0,"No Walkable":0,"Components":[{"Type":0,"Enabled":1,"Position":[0.0,0.0,0.0],"Rotation":[0.00017421685333829373,0.9999186396598816,-0.01244078017771244,0.0028143031522631647],"Euler":[178.57427978515626,0.3222224712371826,-179.9760284423828],"Scale":[0.9999999403953552,0.9999999403953552,1.0],"Global":[-0.9674961566925049,0.01876116916537285,0.25218838453292849,-3.868910074234009,-5.413312464952469e-8,-0.9972442388534546,0.0741882249712944,0.4438178837299347,0.2528851330280304,0.07177672535181046,0.9648298025131226,-4.887590408325195,0.0,0.0,0.0,1.0]}]},{"UID":2331821075,"ParentUID":187125800,"Name":"MayaMainCharacter14_RIGGFINISH_withweapontest_oanimated_6:pasted__joint21_$AssimpFbx$_Rotation","Static":0,"ActiveInHierarchy":1,"ActiveSelf":1,"isBoneRoot":0,"baseState":[1.0,0.0,0.0,0.0,0.0,1.0,0.0,0.0,0.0,0.0,1.0,0.0,0.0,0.0,0.0,1.0],"Navigable":0,"Walkable":0,"No Walkable":0,"Components":[{"Type":0,"Enabled":1,"Position":[0.0,0.0,0.0],"Rotation":[0.0,0.0,0.0,1.0],"Euler":[-0.0,0.0,-0.0],"Scale":[1.0,1.0,1.0],"Global":[-0.9674961566925049,0.01876116916537285,0.25218838453292849,-3.868910074234009,-5.413312464952469e-8,-0.9972442388534546,0.0741882249712944,0.4438178837299347,0.2528851330280304,0.07177672535181046,0.9648298025131226,-4.887590408325195,0.0,0.0,0.0,1.0]}]},{"UID":69480012,"ParentUID":2331821075,"Name":"MayaMainCharacter14_RIGGFINISH_withweapontest_oanimated_6:pasted__joint21","Static":0,"ActiveInHierarchy":1,"ActiveSelf":1,"isBoneRoot":0,"baseState":[1.0,0.0,0.0,0.0,0.0,1.0,0.0,0.0,0.0,0.0,1.0,0.0,0.0,0.0,0.0,1.0],"Navigable":0,"Walkable":0,"No Walkable":0,"Components":[{"Type":0,"Enabled":1,"Position":[0.0,0.0,0.0],"Rotation":[0.0,0.0,0.0,1.0],"Euler":[-0.0,0.0,-0.0],"Scale":[1.0,1.0,1.0],"Global":[-0.9674961566925049,0.01876116916537285,0.25218838453292849,-3.868910074234009,-5.413312464952469e-8,-0.9972442388534546,0.0741882249712944,0.4438178837299347,0.2528851330280304,0.07177672535181046,0.9648298025131226,-4.887590408325195,0.0,0.0,0.0,1.0]}]},{"UID":4064486057,"ParentUID":2517701850,"Name":"MayaMainCharacter14_RIGGFINISH_withweapontest_oanimated_6:pasted__pasted__joint20_$AssimpFbx$_Translation","Static":0,"ActiveInHierarchy":1,"ActiveSelf":1,"isBoneRoot":0,"baseState":[1.0,0.0,0.0,0.0,0.0,1.0,0.0,0.0,0.0,0.0,1.0,0.0,0.0,0.0,0.0,1.0],"Navigable":0,"Walkable":0,"No Walkable":0,"Components":[{"Type":0,"Enabled":1,"Position":[-1.528079628944397,0.18874062597751618,0.7650437355041504],"Rotation":[0.0,0.0,0.0,1.0],"Euler":[-0.0,0.0,-0.0],"Scale":[1.0,1.0,1.0],"Global":[0.956985592842102,0.1042613759636879,-0.2707543671131134,-2.189615249633789,0.10224354267120362,-0.9945252537727356,-0.021587714552879335,0.44381779432296755,-0.2715226113796234,-0.007023800164461136,-0.9624060988426209,-6.162021636962891,0.0,0.0,0.0,1.0]}]},{"UID":3214145662,"ParentUID":4064486057,"Name":"MayaMainCharacter14_RIGGFINISH_withweapontest_oanimated_6:pasted__pasted__joint20_$AssimpFbx$_PreRotation","Static":0,"ActiveInHierarchy":1,"ActiveSelf":1,"isBoneRoot":0,"baseState":[1.0,0.0,0.0,0.0,0.0,1.0,0.0,0.0,0.0,0.0,1.0,0.0,0.0,0.0,0.0,1.0],"Navigable":0,"Walkable":0,"No Walkable":0,"Components":[{"Type":0,"Enabled":1,"Position":[0.0,0.0,0.0],"Rotation":[-0.040522683411836627,0.17160122096538545,0.059719134122133258,0.9825195074081421],"Euler":[-6.093968868255615,19.412269592285158,7.999790191650391],"Scale":[1.0,0.9999999403953552,1.0],"Global":[0.9971936941146851,-0.006426151841878891,0.07458645105361939,-2.189615249633789,4.516914486885071e-8,-0.9963090419769287,-0.08583970367908478,0.44381779432296755,0.07486295700073242,0.08559871464967728,-0.9935128688812256,-6.162021636962891,0.0,0.0,0.0,1.0]}]},{"UID":3672594088,"ParentUID":3214145662,"Name":"MayaMainCharacter14_RIGGFINISH_withweapontest_oanimated_6:pasted__pasted__joint20_$AssimpFbx$_Rotation","Static":0,"ActiveInHierarchy":1,"ActiveSelf":1,"isBoneRoot":0,"baseState":[1.0,0.0,0.0,0.0,0.0,1.0,0.0,0.0,0.0,0.0,1.0,0.0,0.0,0.0,0.0,1.0],"Navigable":0,"Walkable":0,"No Walkable":0,"Components":[{"Type":0,"Enabled":1,"Position":[0.0,0.0,0.0],"Rotation":[0.0,0.0,0.0,1.0],"Euler":[-0.0,0.0,-0.0],"Scale":[1.0,1.0,1.0],"Global":[0.9971936941146851,-0.006426151841878891,0.07458645105361939,-2.189615249633789,4.516914486885071e-8,-0.9963090419769287,-0.08583970367908478,0.44381779432296755,0.07486295700073242,0.08559871464967728,-0.9935128688812256,-6.162021636962891,0.0,0.0,0.0,1.0]}]},{"UID":2169254887,"ParentUID":3672594088,"Name":"MayaMainCharacter14_RIGGFINISH_withweapontest_oanimated_6:pasted__pasted__joint20","Static":0,"ActiveInHierarchy":1,"ActiveSelf":1,"isBoneRoot":0,"baseState":[1.0,0.0,0.0,0.0,0.0,1.0,0.0,0.0,0.0,0.0,1.0,0.0,0.0,0.0,0.0,1.0],"Navigable":0,"Walkable":0,"No Walkable":0,"Components":[{"Type":0,"Enabled":1,"Position":[0.0,0.0,0.0],"Rotation":[0.0,0.0,0.0,1.0],"Euler":[-0.0,0.0,-0.0],"Scale":[1.0,1.0,1.0],"Global":[0.9971936941146851,-0.006426151841878891,0.07458645105361939,-2.189615249633789,4.516914486885071e-8,-0.9963090419769287,-0.08583970367908478,0.44381779432296755,0.07486295700073242,0.08559871464967728,-0.9935128688812256,-6.162021636962891,0.0,0.0,0.0,1.0]}]},{"UID":713567413,"ParentUID":2169254887,"Name":"MayaMainCharacter14_RIGGFINISH_withweapontest_oanimated_6:pasted__pasted__joint21_$AssimpFbx$_Translation","Static":0,"ActiveInHierarchy":1,"ActiveSelf":1,"isBoneRoot":0,"baseState":[1.0,0.0,0.0,0.0,0.0,1.0,0.0,0.0,0.0,0.0,1.0,0.0,0.0,0.0,0.0,1.0],"Navigable":0,"Walkable":0,"No Walkable":0,"Components":[{"Type":0,"Enabled":1,"Position":[-1.523484706878662,0.006334543228149414,-0.07352278381586075],"Rotation":[0.0,0.0,0.0,1.0],"Euler":[-0.0,0.0,-0.0],"Scale":[1.0,1.0,1.0],"Global":[0.9971936941146851,-0.006426151841878891,0.07458645105361939,-3.7143490314483644,4.516914486885071e-8,-0.9963090419769287,-0.08583970367908478,0.44381773471832278,0.07486295700073242,0.08559871464967728,-0.9935128688812256,-6.202486038208008,0.0,0.0,0.0,1.0]}]},{"UID":3573464084,"ParentUID":713567413,"Name":"MayaMainCharacter14_RIGGFINISH_withweapontest_oanimated_6:pasted__pasted__joint21_$AssimpFbx$_PreRotation","Static":0,"ActiveInHierarchy":1,"ActiveSelf":1,"isBoneRoot":0,"baseState":[1.0,0.0,0.0,0.0,0.0,1.0,0.0,0.0,0.0,0.0,1.0,0.0,0.0,0.0,0.0,1.0],"Navigable":0,"Walkable":0,"No Walkable":0,"Components":[{"Type":0,"Enabled":1,"Position":[0.0,0.0,0.0],"Rotation":[0.001824324601329863,0.9981755614280701,0.04292072355747223,0.042427897453308108],"Euler":[-175.07568359375,4.86783504486084,179.99998474121095],"Scale":[1.0,1.0,0.9999999403953552],"Global":[-0.9999496340751648,-3.91155481338501e-8,0.010026708245277405,-3.7143490314483644,3.91155481338501e-8,-1.0000001192092896,5.960464477539063e-8,0.44381773471832278,0.010026499629020691,-2.2351741790771486e-8,0.9999494552612305,-6.202486038208008,0.0,0.0,0.0,1.0]}]},{"UID":2827507764,"ParentUID":3573464084,"Name":"MayaMainCharacter14_RIGGFINISH_withweapontest_oanimated_6:pasted__pasted__joint21_$AssimpFbx$_Rotation","Static":0,"ActiveInHierarchy":1,"ActiveSelf":1,"isBoneRoot":0,"baseState":[1.0,0.0,0.0,0.0,0.0,1.0,0.0,0.0,0.0,0.0,1.0,0.0,0.0,0.0,0.0,1.0],"Navigable":0,"Walkable":0,"No Walkable":0,"Components":[{"Type":0,"Enabled":1,"Position":[0.0,0.0,0.0],"Rotation":[0.0,0.0,0.0,1.0],"Euler":[-0.0,0.0,-0.0],"Scale":[1.0,1.0,1.0],"Global":[-0.9999496340751648,-3.91155481338501e-8,0.010026708245277405,-3.7143490314483644,3.91155481338501e-8,-1.0000001192092896,5.960464477539063e-8,0.44381773471832278,0.010026499629020691,-2.2351741790771486e-8,0.9999494552612305,-6.202486038208008,0.0,0.0,0.0,1.0]}]},{"UID":2537237191,"ParentUID":2827507764,"Name":"MayaMainCharacter14_RIGGFINISH_withweapontest_oanimated_6:pasted__pasted__joint21","Static":0,"ActiveInHierarchy":1,"ActiveSelf":1,"isBoneRoot":0,"baseState":[1.0,0.0,0.0,0.0,0.0,1.0,0.0,0.0,0.0,0.0,1.0,0.0,0.0,0.0,0.0,1.0],"Navigable":0,"Walkable":0,"No Walkable":0,"Components":[{"Type":0,"Enabled":1,"Position":[0.0,0.0,0.0],"Rotation":[0.0,0.0,0.0,1.0],"Euler":[-0.0,0.0,-0.0],"Scale":[1.0,1.0,1.0],"Global":[-0.9999496340751648,-3.91155481338501e-8,0.010026708245277405,-3.7143490314483644,3.91155481338501e-8,-1.0000001192092896,5.960464477539063e-8,0.44381773471832278,0.010026499629020691,-2.2351741790771486e-8,0.9999494552612305,-6.202486038208008,0.0,0.0,0.0,1.0]}]},{"UID":3880001528,"ParentUID":663795835,"Name":"MayaMainCharacter14_RIGGFINISH_withweapontest_oanimated_6:joint8_$AssimpFbx$_Translation","Static":0,"ActiveInHierarchy":1,"ActiveSelf":1,"isBoneRoot":0,"baseState":[1.0,0.0,0.0,0.0,0.0,1.0,0.0,0.0,0.0,0.0,1.0,0.0,0.0,0.0,0.0,1.0],"Navigable":0,"Walkable":0,"No Walkable":0,"Components":[{"Type":0,"Enabled":1,"Position":[-1.0707828998565674,0.5509949922561646,1.6742844581604005],"Rotation":[0.0,0.0,0.0,1.0],"Euler":[-0.0,0.0,-0.0],"Scale":[1.0,1.0,1.0],"Global":[-0.13033869862556458,-0.6739434003829956,0.7271946668624878,1.5942246913909913,0.9818076491355896,-0.1898786723613739,5.160836025197568e-8,7.34401798248291,0.1380787342786789,0.713965117931366,0.6864311695098877,0.1505451202392578,0.0,0.0,0.0,1.0]}]},{"UID":695665120,"ParentUID":3880001528,"Name":"MayaMainCharacter14_RIGGFINISH_withweapontest_oanimated_6:joint8_$AssimpFbx$_PreRotation","Static":0,"ActiveInHierarchy":1,"ActiveSelf":1,"isBoneRoot":0,"baseState":[1.0,0.0,0.0,0.0,0.0,1.0,0.0,0.0,0.0,0.0,1.0,0.0,0.0,0.0,0.0,1.0],"Navigable":0,"Walkable":0,"No Walkable":0,"Components":[{"Type":0,"Enabled":1,"Position":[0.0,0.0,0.0],"Rotation":[0.09534081071615219,0.9935300350189209,0.0036853307392448189,-0.061601124703884128],"Euler":[-178.89915466308595,-6.990363121032715,-168.9699249267578],"Scale":[1.0,0.9999999403953552,0.9999999403953552],"Global":[0.08913218975067139,-0.6896410584449768,-0.718644917011261,1.5942246913909913,-0.9923932552337647,0.000025629769879742527,-0.12310924381017685,7.34401798248291,0.08491954952478409,0.7241511344909668,-0.6843926906585693,0.1505451202392578,0.0,0.0,0.0,1.0]}]},{"UID":631174786,"ParentUID":695665120,"Name":"MayaMainCharacter14_RIGGFINISH_withweapontest_oanimated_6:joint8_$AssimpFbx$_Rotation","Static":0,"ActiveInHierarchy":1,"ActiveSelf":1,"isBoneRoot":0,"baseState":[1.0,0.0,0.0,0.