{"navigationScene":{"numObjects":0,"RenderNavMesh":0,"Generated":0,"DrawNavMesh":1},"GameObjects":[{"UID":441073396,"ParentUID":0,"Name":"Camera","Static":0,"ActiveInHierarchy":1,"ActiveSelf":1,"isBoneRoot":0,"baseState":[1.0,0.0,0.0,0.0,0.0,1.0,0.0,0.0,0.0,0.0,1.0,0.0,0.0,0.0,0.0,1.0],"Navigable":0,"No Walkable":0,"openInHierarchy":1,"Components":[{"Type":0,"Enabled":1,"Position":[0.0,2414.60205078125,-452.0521240234375],"Rotation":[0.47671014070510867,0.0,0.0,0.879060685634613],"Euler":[56.94151306152344,0.0,-0.0],"Scale":[1.0,1.0000016689300538,1.0000016689300538],"Global":[1.0,0.0,0.0,0.0,0.0,0.5454958081245422,-0.8381156325340271,2414.60205078125,0.0,0.8381156325340271,0.5454958081245422,-452.0521240234375,0.0,0.0,0.0,1.0]},{"Type":2,"Enabled":1,"MovementSpeed":5.0,"RotationSpeed":200.0,"ZoomSpeed":0.4000000059604645,"Znear":10.0,"Zfar":100000.0,"vFOV":1.0471975803375245,"hFOV":1.3681707382202149,"Position":[0.0,2414.60205078125,-452.0521240234375],"Front":[0.0,-0.8381142616271973,0.5454949140548706],"Up":[0.0,0.5454949140548706,0.8381142616271973],"isMain":1}]},{"UID":875780266,"ParentUID":0,"Name":"Directional","Static":0,"ActiveInHierarchy":1,"ActiveSelf":1,"isBoneRoot":0,"baseState":[1.0,0.0,0.0,0.0,0.0,1.0,0.0,0.0,0.0,0.0,1.0,0.0,0.0,0.0,0.0,1.0],"Navigable":0,"No Walkable":0,"openInHierarchy":1,"Components":[{"Type":0,"Enabled":1,"Position":[1404.2430419921876,0.0,-433.93023681640627],"Rotation":[0.45346799492836,0.0,0.0,0.8912725448608398],"Euler":[53.93280792236328,0.0,-0.0],"Scale":[1.0,1.000000238418579,1.000000238418579],"Global":[1.0,0.0,0.0,1404.2430419921876,0.0,0.5887336730957031,-0.808327317237854,0.0,0.0,0.808327317237854,0.5887336730957031,-433.93023681640627,0.0,0.0,0.0,1.0]},{"Type":3,"Enabled":1,"Lighttype":0,"color":[1.0,1.0,1.0],"intensity":1.0,"produceShadows":0}]},{"UID":1550506940,"ParentUID":0,"Name":"Empty","Static":0,"ActiveInHierarchy":1,"ActiveSelf":1,"isBoneRoot":0,"baseState":[1.0,0.0,0.0,0.0,0.0,1.0,0.0,0.0,0.0,0.0,1.0,0.0,0.0,0.0,0.0,1.0],"Navigable":0,"No Walkable":0,"openInHierarchy":1,"Components":[{"Type":0,"Enabled":1,"Position":[-5913.03125,-0.000244140625,2940.1259765625],"Rotation":[0.0,0.0,0.0,1.0],"Euler":[-0.0,0.0,-0.0],"Scale":[10.0,10.0,10.0],"Global":[10.0,0.0,0.0,-5913.03125,0.0,10.0,0.0,-0.000244140625,0.0,0.0,10.0,2940.1259765625,0.0,0.0,0.0,1.0]},{"Type":1,"Enabled":1,"meshUID":4294157154,"materialUID":3041164573,"castShadows":0,"useAlpha":0,"highlighted":0,"highlightColor":[1.0,0.9999899864196777,0.9999899864196777]}]},{"UID":2490750526,"ParentUID":0,"Name":"Player","Static":0,"ActiveInHierarchy":1,"ActiveSelf":1,"isBoneRoot":0,"baseState":[1.0,0.0,0.0,0.0,0.0,1.0,0.0,0.0,0.0,0.0,1.0,0.0,0.0,0.0,0.0,1.0],"Navigable":0,"No Walkable":0,"openInHierarchy":1,"Components":[{"Type":0,"Enabled":1,"Position":[976.9725341796875,0.0,0.0],"Rotation":[0.0,0.0,0.0,1.0],"Euler":[-0.0,0.0,-0.0],"Scale":[1.0,1.0,1.0],"Global":[1.0,0.0,0.0,976.9725341796875,0.0,1.0,0.0,0.0,0.0,0.0,1.0,0.0,0.0,0.0,0.0,1.0]},{"Type":9,"Enabled":1,"script":"PlayerMovement","scriptInfo":{"walkingSpeed":100.0,"firstAttackDuration":1.0,"secondAttackDuration":1.0,"thirdAttackDuration":1.0,"uppercutDuration":1.0,"dashDuration":1.0}}]},{"UID":2544272442,"ParentUID":2490750526,"Name":"PlayerMesh","Static":0,"ActiveInHierarchy":1,"ActiveSelf":1,"isBoneRoot":0,"baseState":[1.0,0.0,0.0,0.0,0.0,1.0,0.0,0.0,0.0,0.0,1.0,0.0,0.0,0.0,0.0,1.0],"Navigable":0,"No Walkable":0,"openInHierarchy":1,"Components":[{"Type":0,"Enabled":1,"Position":[0.0,0.0,0.0],"Rotation":[0.0,0.0,0.0,1.0],"Euler":[-0.0,0.0,-0.0],"Scale":[0.20000000298023225,0.20000000298023225,0.20000000298023225],"Global":[0.20000000298023225,0.0,0.0,976.9725341796875,0.0,0.20000000298023225,0.0,0.0,0.0,0.0,0.20000000298023225,0.0,0.0,0.0,0.0,1.0]},{"Type":1,"Enabled":1,"meshUID":3530591418,"materialUID":1712150526,"castShadows":0,"useAlpha":0,"highlighted":0,"highlightColor":[1.0,1.0,1.0]}]},{"UID":3512054028,"ParentUID":0,"Name":"HiddenEnemy","Static":0,"ActiveInHierarchy":1,"ActiveSelf":1,"isBoneRoot":0,"baseState":[1.0,0.0,0.0,0.0,0.0,1.0,0.0,0.0,0.0,0.0,1.0,0.0,0.0,0.0,0.0,1.0],"Navigable":0,"No Walkable":0,"openInHierarchy":1,"Components":[{"Type":0,"Enabled":1,"Position":[0.0,-225.0,0.0],"Rotation":[0.0,0.0,0.0,1.0],"Euler":[-0.0,0.0,-0.0],"Scale":[1.0,1.0,1.0],"Global":[1.0,0.0,0.0,0.0,0.0,1.0,0.0,-225.0,0.0,0.0,1.0,0.0,0.0,0.0,0.0,1.0]},{"Type":9,"Enabled":1,"script":"EnemyControllerScript","scriptInfo":{"playerName":"Player","playerBboxName":"PlayerMesh","myBboxName":"HiddenEnemyMesh","health":20}},{"Type":9,"Enabled":1,"script":"HiddenEnemyAIScript","scriptInfo":{"activationDistance":1000.0,"showUpSpeed":50.0,"yTranslation":225.0,"chaseSpeed":60.0,"returnSpeed":50.0,"returnDistance":1500.0,"attackDuration":1.0,"attackDamage":20.0,"cooldownTime":1.0}}]},{"UID":2963328439,"ParentUID":3512054028,"Name":"Scene","Static":0,"ActiveInHierarchy":1,"ActiveSelf":1,"isBoneRoot":1,"baseState":[1.0,0.0,0.0,0.0,0.0,1.0,0.0,0.0,0.0,0.0,1.0,0.0,0.0,0.0,0.0,1.0],"Navigable":0,"No Walkable":0,"openInHierarchy":1,"Components":[{"Type":0,"Enabled":1,"Position":[0.0,0.0,0.0],"Rotation":[0.0,0.0,0.0,1.0],"Euler":[-0.0,0.0,-0.0],"Scale":[1.0,1.0,1.0],"Global":[1.0,0.0,0.0,0.0,0.0,1.0,0.0,-225.0,0.0,0.0,1.0,0.0,0.0,0.0,0.0,1.0]},{"Type":4,"Enabled":1,"animUID":1001507625,"stateMachineUID":1220607585},{"Type":15,"Enabled":1,"pos":[0.0,0.0,0.0],"r":[1.0,1.0,1.0],"is_player":0,"debug_draw":0}]},{"UID":99360348,"ParentUID":2963328439,"Name":"joint11_$AssimpFbx$_Translation","Static":0,"ActiveInHierarchy":1,"ActiveSelf":1,"isBoneRoot":0,"baseState":[1.0,0.0,0.0,0.0,0.0,1.0,0.0,0.0,0.0,0.0,1.0,0.0,0.0,0.0,0.0,1.0],"Navigable":0,"No Walkable":0,"openInHierarchy":0,"Components":[{"Type":0,"Enabled":1,"Position":[-0.0686928853392601,112.62596893310547,-25.383163452148439],"Rotation":[0.0,0.0,0.0,1.0],"Euler":[-0.0,0.0,-0.0],"Scale":[1.0,1.0,1.0],"Global":[1.0,0.0,0.0,-0.0686928853392601,0.0,1.0,0.0,-112.37403106689453,0.0,0.0,1.0,-25.383163452148439,0.0,0.0,0.0,1.0]}]},{"UID":2459791193,"ParentUID":99360348,"Name":"joint11_$AssimpFbx$_PreRotation","Static":0,"ActiveInHierarchy":1,"ActiveSelf":1,"isBoneRoot":0,"baseState":[1.0,0.0,0.0,0.0,0.0,1.0,0.0,0.0,0.0,0.0,1.0,0.0,0.0,0.0,0.0,1.0],"Navigable":0,"No Walkable":0,"openInHierarchy":1,"Components":[{"Type":0,"Enabled":1,"Position":[0.0,0.0,0.0],"Rotation":[0.40916064381599429,0.5767040848731995,0.40916064381599429,0.5767040848731995],"Euler":[70.7099609375,90.0,0.0],"Scale":[0.9999999403953552,0.9999999403953552,1.0],"Global":[0.0,0.0,1.0,-0.0686928853392601,0.9438583850860596,0.33035025000572207,0.0,-112.37403106689453,-0.3303503096103668,0.9438583850860596,0.0,-25.383163452148439,0.0,0.0,0.0,1.0]}]},{"UID":623216525,"ParentUID":2459791193,"Name":"joint11_$AssimpFbx$_Rotation","Static":0,"ActiveInHierarchy":1,"ActiveSelf":1,"isBoneRoot":0,"baseState":[1.0,0.0,0.0,0.0,0.0,1.0,0.0,0.0,0.0,0.0,1.0,0.0,0.0,0.0,0.0,1.0],"Navigable":0,"No Walkable":0,"openInHierarchy":1,"Components":[{"Type":0,"Enabled":1,"Position":[0.0,0.0,0.0],"Rotation":[0.009815075434744358,0.003435276448726654,-1.819087849103118e-12,0.9999459385871887],"Euler":[1.1247626543045045,0.39363545179367068,-0.0038638319820165636],"Scale":[0.9999999403953552,1.0,0.9999999403953552],"Global":[-0.006870180834084749,0.019629089161753656,0.9997836947441101,-0.0686928853392601,0.9438583254814148,0.33035027980804446,3.725290298461914e-9,-112.37403106689453,-0.33027884364128115,0.9436542391777039,-0.020796645432710649,-25.383163452148439,0.0,0.0,0.0,1.0]}]},{"UID":1119462774,"ParentUID":623216525,"Name":"joint11","Static":0,"ActiveInHierarchy":1,"ActiveSelf":1,"isBoneRoot":0,"baseState":[1.0,0.0,0.0,0.0,0.0,1.0,0.0,0.0,0.0,0.0,1.0,0.0,0.0,0.0,0.0,1.0],"Navigable":0,"No Walkable":0,"openInHierarchy":1,"Components":[{"Type":0,"Enabled":1,"Position":[0.0,0.0,0.0],"Rotation":[0.0,0.0,0.0,1.0],"Euler":[-0.0,0.0,-0.0],"Scale":[1.0,1.0,1.0],"Global":[-0.006870180834084749,0.019629089161753656,0.9997836947441101,-0.0686928853392601,0.9438583254814148,0.33035027980804446,3.725290298461914e-9,-112.37403106689453,-0.33027884364128115,0.9436542391777039,-0.020796645432710649,-25.383163452148439,0.0,0.0,0.0,1.0]}]},{"UID":3957961527,"ParentUID":1119462774,"Name":"joint6_$AssimpFbx$_Translation","Static":0,"ActiveInHierarchy":1,"ActiveSelf":1,"isBoneRoot":0,"baseState":[1.0,0.0,0.0,0.0,0.0,1.0,0.0,0.0,0.0,0.0,1.0,0.0,0.0,0.0,0.0,1.0],"Navigable":0,"No Walkable":0,"openInHierarchy":1,"Components":[{"Type":0,"Enabled":1,"Position":[-5.567787170410156,-1.9487488269805909,-16.92140007019043],"Rotation":[0.0,0.0,0.0,1.0],"Euler":[-0.0,0.0,-0.0],"Scale":[1.0,1.0,1.0],"Global":[-0.006870180834084749,0.019629089161753656,0.9997836947441101,-16.986433029174806,0.9438583254814148,0.33035027980804446,3.725290298461914e-9,-118.27300262451172,-0.33027884364128115,0.9436542391777039,-0.020796645432710649,-25.031278610229493,0.0,0.0,0.0,1.0]}]},{"UID":3160589597,"ParentUID":3957961527,"Name":"joint6_$AssimpFbx$_PreRotation","Static":0,"ActiveInHierarchy":1,"ActiveSelf":1,"isBoneRoot":0,"baseState":[1.0,0.0,0.0,0.0,0.0,1.0,0.0,0.0,0.0,0.0,1.0,0.0,0.0,0.0,0.0,1.0],"Navigable":0,"No Walkable":0,"openInHierarchy":1,"Components":[{"Type":0,"Enabled":1,"Position":[0.0,0.0,0.0],"Rotation":[0.9907338619232178,0.13581767678260804,-5.9367786242603419e-9,-4.330635405835892e-8],"Euler":[-179.99998474121095,-0.0000013480018878908596,-15.611808776855469],"Scale":[0.9999999403953552,0.9999999403953552,1.0],"Global":[-0.0013341722078621388,-0.020753895863890649,-0.9997836947441101,-16.986433029174806,0.997939944267273,-0.06415316462516785,1.8831549652986725e-9,-118.27300262451172,-0.06413927674293518,-0.9977242946624756,0.02079673297703266,-25.031278610229493,0.0,0.0,0.0,1.0]}]},{"UID":2132691744,"ParentUID":3160589597,"Name":"joint6_$AssimpFbx$_Rotation","Static":0,"ActiveInHierarchy":1,"ActiveSelf":1,"isBoneRoot":0,"baseState":[1.0,0.0,0.0,0.0,0.0,1.0,0.0,0.0,0.0,0.0,1.0,0.0,0.0,0.0,0.0,1.0],"Navigable":0,"No Walkable":0,"openInHierarchy":1,"Components":[{"Type":0,"Enabled":1,"Position":[0.0,0.0,0.0],"Rotation":[-0.008320242166519165,0.008408956229686737,0.08768543601036072,0.9960779547691345],"Euler":[-1.0343605279922486,0.8762483596801758,10.069546699523926],"Scale":[0.9999999403953552,1.0,1.0],"Global":[0.013271220959722996,-0.005101368762552738,-0.9998988509178162,-16.986433029174806,0.9712554216384888,-0.23762060701847077,0.014103364199399948,-118.27300262451172,-0.23766854405403138,-0.9713447093963623,0.0018012132495641709,-25.031278610229493,0.0,0.0,0.0,1.0]}]},{"UID":1375541571,"ParentUID":2132691744,"Name":"joint6","Static":0,"ActiveInHierarchy":1,"ActiveSelf":1,"isBoneRoot":0,"baseState":[1.0,0.0,0.0,0.0,0.0,1.0,0.0,0.0,0.0,0.0,1.0,0.0,0.0,0.0,0.0,1.0],"Navigable":0,"No Walkable":0,"openInHierarchy":1,"Components":[{"Type":0,"Enabled":1,"Position":[0.0,0.0,0.0],"Rotation":[0.0,0.0,0.0,1.0],"Euler":[-0.0,0.0,-0.0],"Scale":[1.0,1.0,1.0],"Global":[0.013271220959722996,-0.005101368762552738,-0.9998988509178162,-16.986433029174806,0.9712554216384888,-0.23762060701847077,0.014103364199399948,-118.27300262451172,-0.23766854405403138,-0.9713447093963623,0.0018012132495641709,-25.031278610229493,0.0,0.0,0.0,1.0]}]},{"UID":3931576702,"ParentUID":1375541571,"Name":"joint7_$AssimpFbx$_Translation","Static":0,"ActiveInHierarchy":1,"ActiveSelf":1,"isBoneRoot":0,"baseState":[1.0,0.0,0.0,0.0,0.0,1.0,0.0,0.0,0.0,0.0,1.0,0.0,0.0,0.0,0.0,1.0],"Navigable":0,"No Walkable":0,"openInHierarchy":1,"Components":[{"Type":0,"Enabled":1,"Position":[-43.55722427368164,0.00003920478775398806,0.0],"Rotation":[0.0,0.0,0.0,1.0],"Euler":[-0.0,0.0,-0.0],"Scale":[1.0,1.0,1.0],"Global":[0.013271220959722996,-0.005101368762552738,-0.9998988509178162,-17.564491271972658,0.9712554216384888,-0.23762060701847077,0.014103364199399948,-160.5782012939453,-0.23766854405403138,-0.9713447093963623,0.0018012132495641709,-14.679134368896485,0.0,0.0,0.0,1.0]}]},{"UID":3331679582,"ParentUID":3931576702,"Name":"joint7_$AssimpFbx$_PreRotation","Static":0,"ActiveInHierarchy":1,"ActiveSelf":1,"isBoneRoot":0,"baseState":[1.0,0.0,0.0,0.0,0.0,1.0,0.0,0.0,0.0,0.0,1.0,0.0,0.0,0.0,0.0,1.0],"Navigable":0,"No Walkable":0,"openInHierarchy":1,"Components":[{"Type":0,"Enabled":1,"Position":[0.0,0.0,0.0],"Rotation":[0.9966721534729004,-0.08151459693908692,-3.563116024452029e-9,4.3565918872445766e-8],"Euler":[179.99998474121095,-8.138884481923014e-7,9.3512601852417],"Scale":[1.0,1.0,1.0],"Global":[0.013923760503530503,0.002877091756090522,0.9998988509178162,-17.564491271972658,0.996958315372467,0.07664676010608673,-0.014103357680141926,-160.5782012939453,-0.07667955756187439,0.9970542788505554,-0.0018011260544881225,-14.679134368896485,0.0,0.0,0.0,1.0]}]},{"UID":123231134,"ParentUID":3331679582,"Name":"joint7_$AssimpFbx$_Rotation","Static":0,"ActiveInHierarchy":1,"ActiveSelf":1,"isBoneRoot":0,"baseState":[1.0,0.0,0.0,0.0,0.0,1.0,0.0,0.0,0.0,0.0,1.0,0.0,0.0,0.0,0.0,1.0],"Navigable":0,"No Walkable":0,"openInHierarchy":1,"Components":[{"Type":0,"Enabled":1,"Position":[0.0,0.0,0.0],"Rotation":[0.0,0.0,0.13193468749523164,0.9912583827972412],"Euler":[-0.0,0.0,15.162809371948243],"Scale":[1.0,1.0,1.0],"Global":[0.014191566035151482,-0.0008650068193674088,0.9998988509178162,-17.564491271972658,0.9822986721992493,-0.18678870797157288,-0.014103357680141926,-160.5782012939453,0.18678218126296998,0.9823998212814331,-0.0018011260544881225,-14.679134368896485,0.0,0.0,0.0,1.0]}]},{"UID":2949873735,"ParentUID":123231134,"Name":"joint7","Static":0,"ActiveInHierarchy":1,"ActiveSelf":1,"isBoneRoot":0,"baseState":[1.0,0.0,0.0,0.0,0.0,1.0,0.0,0.0,0.0,0.0,1.0,0.0,0.0,0.0,0.0,1.0],"Navigable":0,"No Walkable":0,"openInHierarchy":1,"Components":[{"Type":0,"Enabled":1,"Position":[0.0,0.0,0.0],"Rotation":[0.0,0.0,0.0,1.0],"Euler":[-0.0,0.0,-0.0],"Scale":[1.0,1.0,1.0],"Global":[0.014191566035151482,-0.0008650068193674088,0.9998988509178162,-17.564491271972658,0.9822986721992493,-0.18678870797157288,-0.014103357680141926,-160.5782012939453,0.18678218126296998,0.9823998212814331,-0.0018011260544881225,-14.679134368896485,0.0,0.0,0.0,1.0]}]},{"UID":2220601118,"ParentUID":2949873735,"Name":"joint8_$AssimpFbx$_Translation","Static":0,"ActiveInHierarchy":1,"ActiveSelf":1,"isBoneRoot":0,"baseState":[1.0,0.0,0.0,0.0,0.0,1.0,0.0,0.0,0.0,0.0,1.0,0.0,0.0,0.0,0.0,1.0],"Navigable":0,"No Walkable":0,"openInHierarchy":1,"Components":[{"Type":0,"Enabled":1,"Position":[-47.11334991455078,0.000011862145584018436,0.0],"Rotation":[0.0,0.0,0.0,1.0],"Euler":[-0.0,0.0,-0.0],"Scale":[1.0,1.0,1.0],"Global":[0.014191566035151482,-0.0008650068193674088,0.9998988509178162,-18.233102798461915,0.9822986721992493,-0.18678870797157288,-0.014103357680141926,-206.8575897216797,0.18678218126296998,0.9823998212814331,-0.0018011260544881225,-23.47905731201172,0.0,0.0,0.0,1.0]}]},{"UID":2954502590,"ParentUID":2220601118,"Name":"joint8_$AssimpFbx$_PreRotation","Static":0,"ActiveInHierarchy":1,"ActiveSelf":1,"isBoneRoot":0,"baseState":[1.0,0.0,0.0,0.0,0.0,1.0,0.0,0.0,0.0,0.0,1.0,0.0,0.0,0.0,0.0,1.0],"Navigable":0,"No Walkable":0,"openInHierarchy":1,"Components":[{"Type":0,"Enabled":1,"Position":[0.0,0.0,0.0],"Rotation":[0.8607384562492371,-0.5090475082397461,-2.2251171571952e-8,3.7624069193498147e-8],"Euler":[179.99998474121095,-0.000004389415153127629,61.2008056640625],"Scale":[1.0,1.0,1.0],"Global":[0.007594679482281208,-0.012019463814795018,-0.9998990893363953,-18.233102798461915,0.6368992328643799,-0.7708176970481873,0.014103294350206852,-206.8575897216797,-0.7709095478057861,-0.636942446231842,0.0018010708736255766,-23.47905731201172,0.0,0.0,0.0,1.0]}]},{"UID":691909709,"ParentUID":2954502590,"Name":"joint8_$AssimpFbx$_Rotation","Static":0,"ActiveInHierarchy":1,"ActiveSelf":1,"isBoneRoot":0,"baseState":[1.0,0.0,0.0,0.0,0.0,1.0,0.0,0.0,0.0,0.0,1.0,0.0,0.0,0.0,0.0,1.0],"Navigable":0,"No Walkable":0,"openInHierarchy":1,"Components":[{"Type":0,"Enabled":1,"Position":[0.0,0.0,0.0],"Rotation":[0.0030747712589800359,0.001305413548834622,0.02178514190018177,0.9997571110725403],"Euler":[0.34900185465812685,0.15722906589508058,2.4961256980895998],"Scale":[1.0,1.0,1.0],"Global":[0.009539758786559105,-0.01854288950562477,-0.9997827410697937,-18.233102798461915,0.6026748418807983,-0.7977219820022583,0.020545916631817819,-206.8575897216797,-0.7979297637939453,-0.6027402877807617,0.003565256018191576,-23.47905731201172,0.0,0.0,0.0,1.0]}]},{"UID":2733031744,"ParentUID":691909709,"Name":"joint8","Static":0,"ActiveInHierarchy":1,"ActiveSelf":1,"isBoneRoot":0,"baseState":[1.0,0.0,0.0,0.0,0.0,1.0,0.0,0.0,0.0,0.0,1.0,0.0,0.0,0.0,0.0,1.0],"Navigable":0,"No Walkable":0,"openInHierarchy":1,"Components":[{"Type":0,"Enabled":1,"Position":[0.0,0.0,0.0],"Rotation":[0.0,0.0,0.0,1.0],"Euler":[-0.0,0.0,-0.0],"Scale":[1.0,1.0,1.0],"Global":[0.009539758786559105,-0.01854288950562477,-0.9997827410697937,-18.233102798461915,0.6026748418807983,-0.7977219820022583,0.020545916631817819,-206.8575897216797,-0.7979297637939453,-0.6027402877807617,0.003565256018191576,-23.47905731201172,0.0,0.0,0.0,1.0]}]},{"UID":4109237418,"ParentUID":2733031744,"Name":"joint9_$AssimpFbx$_Translation","Static":0,"ActiveInHierarchy":1,"ActiveSelf":1,"isBoneRoot":0,"baseState":[1.0,0.0,0.0,0.0,0.0,1.0,0.0,0.0,0.0,0.0,1.0,0.0,0.0,0.0,0.0,1.0],"Navigable":0,"No Walkable":0,"openInHierarchy":1,"Components":[{"Type":0,"Enabled":1,"Position":[-25.233152389526368,-0.000034452568797860297,0.0],"Rotation":[0.0,0.0,0.0,1.0],"Euler":[-0.0,0.0,-0.0],"Scale":[1.0,1.0,1.0],"Global":[0.009539758786559105,-0.01854288950562477,-0.9997827410697937,-18.473819732666017,0.6026748418807983,-0.7977219820022583,0.020545916631817819,-222.06494140625,-0.7979297637939453,-0.6027402877807617,0.003565256018191576,-3.3447532653808595,0.0,0.0,0.0,1.0]}]},{"UID":777322400,"ParentUID":4109237418,"Name":"joint9_$AssimpFbx$_PreRotation","Static":0,"ActiveInHierarchy":1,"ActiveSelf":1,"isBoneRoot":0,"baseState":[1.0,0.0,0.0,0.0,0.0,1.0,0.0,0.0,0.0,0.0,1.0,0.0,0.0,0.0,0.0,1.0],"Navigable":0,"No Walkable":0,"openInHierarchy":1,"Components":[{"Type":0,"Enabled":1,"Position":[0.0,0.0,0.0],"Rotation":[0.0,0.0,0.2963099777698517,0.9550918340682983],"Euler":[-0.0,0.0,34.47221374511719],"Scale":[1.0,1.0,1.0],"Global":[-0.002630811184644699,-0.02068633772432804,-0.9997827410697937,-18.473819732666017,0.045329779386520389,-0.998760461807251,0.020545916631817819,-222.06494140625,-0.9989688396453857,-0.045266151428222659,0.003565256018191576,-3.3447532653808595,0.0,0.0,0.0,1.0]}]},{"UID":506130300,"ParentUID":777322400,"Name":"joint9_$AssimpFbx$_Rotation","Static":0,"ActiveInHierarchy":1,"ActiveSelf":1,"isBoneRoot":0,"baseState":[1.0,0.0,0.0,0.0,0.0,1.0,0.0,0.0,0.0,0.0,1.0,0.0,0.0,0.0,0.0,1.0],"Navigable":0,"No Walkable":0,"openInHierarchy":1,"Components":[{"Type":0,"Enabled":1,"Position":[0.0,0.0,0.0],"Rotation":[0.0,0.0,0.0038921316154301168,0.9999924302101135],"Euler":[-0.0,0.0,0.44600653648376467],"Scale":[1.0,1.0,1.0],"Global":[-0.0027917581610381605,-0.020665233954787256,-0.9997827410697937,-18.473819732666017,0.037553854286670688,-0.9990831017494202,0.020545916631817819,-222.06494140625,-0.9992910027503967,-0.037488602101802829,0.003565256018191576,-3.3447532653808595,0.0,0.0,0.0,1.0]}]},{"UID":1748225934,"ParentUID":506130300,"Name":"joint9","Static":0,"ActiveInHierarchy":1,"ActiveSelf":1,"isBoneRoot":0,"baseState":[1.0,0.0,0.0,0.0,0.0,1.0,0.0,0.0,0.0,0.0,1.0,0.0,0.0,0.0,0.0,1.0],"Navigable":0,"No Walkable":0,"openInHierarchy":1,"Components":[{"Type":0,"Enabled":1,"Position":[0.0,0.0,0.0],"Rotation":[0.0,0.0,0.0,1.0],"Euler":[-0.0,0.0,-0.0],"Scale":[1.0,1.0,1.0],"Global":[-0.0027917581610381605,-0.020665233954787256,-0.9997827410697937,-18.473819732666017,0.037553854286670688,-0.9990831017494202,0.020545916631817819,-222.06494140625,-0.9992910027503967,-0.037488602101802829,0.003565256018191576,-3.3447532653808595,0.0,0.0,0.0,1.0]}]},{"UID":783162932,"ParentUID":1748225934,"Name":"joint10_$AssimpFbx$_Translation","Static":0,"ActiveInHierarchy":1,"ActiveSelf":1,"isBoneRoot":0,"baseState":[1.0,0.0,0.0,0.0,0.0,1.0,0.0,0.0,0.0,0.0,1.0,0.0,0.0,0.0,0.0,1.0],"Navigable":0,"No Walkable":0,"openInHierarchy":1,"Components":[{"Type":0,"Enabled":1,"Position":[-22.975549697875978,7.993605777301127e-15,-3.552713678800501e-15],"Rotation":[0.0,0.0,0.0,1.0],"Euler":[-0.0,0.0,-0.0],"Scale":[1.0,1.0,1.0],"Global":[-0.0027917581610381605,-0.020665233954787256,-0.9997827410697937,-18.409677505493165,0.037553854286670688,-0.9990831017494202,0.020545916631817819,-222.92776489257813,-0.9992910027503967,-0.037488602101802829,0.003565256018191576,19.6145076751709,0.0,0.0,0.0,1.0]}]},{"UID":114766980,"ParentUID":783162932,"Name":"joint10_$AssimpFbx$_PreRotation","Static":0,"ActiveInHierarchy":1,"ActiveSelf":1,"isBoneRoot":0,"baseState":[1.0,0.0,0.0,0.0,0.0,1.0,0.0,0.0,0.0,0.0,1.0,0.0,0.0,0.0,0.0,1.0],"Navigable":0,"No Walkable":0,"openInHierarchy":1,"Components":[{"Type":0,"Enabled":1,"Position":[0.0,0.0,0.0],"Rotation":[0.0,0.7071068286895752,0.0,0.7071068286895752],"Euler":[0.0,90.0,0.0],"Scale":[1.0,1.0,1.0],"Global":[0.9997828602790833,-0.020665233954787256,-0.002791639184579253,-18.409677505493165,-0.020545922219753267,-0.9990831017494202,0.037553854286670688,-222.92776489257813,-0.0035651372745633127,-0.037488602101802829,-0.9992911219596863,19.6145076751709,0.0,0.0,0.0,1.0]}]},{"UID":2806773374,"ParentUID":114766980,"Name":"joint10_$AssimpFbx$_Rotation","Static":0,"ActiveInHierarchy":1,"ActiveSelf":1,"isBoneRoot":0,"baseState":[1.0,0.0,0.0,0.0,0.0,1.0,0.0,0.0,0.0,0.0,1.0,0.0,0.0,0.0,0.0,1.0],"Navigable":0,"No Walkable":0,"openInHierarchy":1,"Components":[{"Type":0,"Enabled":1,"Position":[0.0,0.0,0.0],"Rotation":[0.0,0.0,0.0,1.0],"Euler":[-0.0,0.0,-0.0],"Scale":[1.0,1.0,1.0],"Global":[0.9997828602790833,-0.020665233954787256,-0.002791639184579253,-18.409677505493165,-0.020545922219753267,-0.9990831017494202,0.037553854286670688,-222.92776489257813,-0.0035651372745633127,-0.037488602101802829,-0.9992911219596863,19.6145076751709,0.0,0.0,0.0,1.0]}]},{"UID":3181000898,"ParentUID":2806773374,"Name":"joint10","Static":0,"ActiveInHierarchy":1,"ActiveSelf":1,"isBoneRoot":0,"baseState":[1.0,0.0,0.0,0.0,0.0,1.0,0.0,0.0,0.0,0.0,1.0,0.0,0.0,0.0,0.0,1.0],"Navigable":0,"No Walkable":0,"openInHierarchy":1,"Components":[{"Type":0,"Enabled":1,"Position":[0.0,0.0,0.0],"Rotation":[0.0,0.0,0.0,1.0],"Euler":[-0.0,0.0,-0.0],"Scale":[1.0,1.0,1.0],"Global":[0.9997828602790833,-0.020665233954787256,-0.002791639184579253,-18.409677505493165,-0.020545922219753267,-0.9990831017494202,0.037553854286670688,-222.92776489257813,-0.0035651372745633127,-0.037488602101802829,-0.9992911219596863,19.6145076751709,0.0,0.0,0.0,1.0]}]},{"UID":2553624516,"ParentUID":1119462774,"Name":"joint1_$AssimpFbx$_Translation","Static":0,"ActiveInHierarchy":1,"ActiveSelf":1,"isBoneRoot":0,"baseState":[1.0,0.0,0.0,0.0,0.0,1.0,0.0,0.0,0.0,0.0,1.0,0.0,0.0,0.0,0.0,1.0],"Navigable":0,"No Walkable":0,"openInHierarchy":1,"Components":[{"Type":0,"Enabled":1,"Position":[-5.567948341369629,-1.948781967163086,16.921363830566408],"Rotation":[0.0,0.0,0.0,1.0],"Euler":[-0.0,0.0,-0.0],"Scale":[1.0,1.0,1.0],"Global":[-0.006870180834084749,0.019629089161753656,0.9997836947441101,16.849010467529298,0.9438583254814148,0.33035027980804446,3.725290298461914e-9,-118.27316284179688,-0.33027884364128115,0.9436542391777039,-0.020796645432710649,-25.735071182250978,0.0,0.0,0.0,1.0]}]},{"UID":2057398399,"ParentUID":2553624516,"Name":"joint1_$AssimpFbx$_PreRotation","Static":0,"ActiveInHierarchy":1,"ActiveSelf":1,"isBoneRoot":0,"baseState":[1.0,0.0,0.0,0.0,0.0,1.0,0.0,0.0,0.0,0.0,1.0,0.0,0.0,0.0,0.0,1.0],"Navigable":0,"No Walkable":0,"openInHierarchy":1,"Components":[{"Type":0,"Enabled":1,"Position":[0.0,0.0,0.0],"Rotation":[-0.13581767678260804,0.9907338619232178,-5.9367786242603419e-9,-4.330635405835892e-8],"Euler":[180.0,-0.000004824161351280054,164.38818359375],"Scale":[0.9999999403953552,0.9999999403953552,1.0],"Global":[0.0013342605670914054,0.020753804594278337,-0.9997836947441101,16.849010467529298,-0.9979400038719177,0.06415313482284546,-9.096797271013202e-8,-118.27316284179688,0.06413930654525757,0.997724175453186,0.020796651020646097,-25.735071182250978,0.0,0.0,0.0,1.0]}]},{"UID":3969830024,"ParentUID":2057398399,"Name":"joint1_$AssimpFbx$_Rotation","Static":0,"ActiveInHierarchy":1,"ActiveSelf":1,"isBoneRoot":0,"baseState":[1.0,0.0,0.0,0.0,0.0,1.0,0.0,0.0,0.0,0.0,1.0,0.0,0.0,0.0,0.0,1.0],"Navigable":0,"No Walkable":0,"openInHierarchy":1,"Components":[{"Type":0,"Enabled":1,"Position":[0.0,0.0,0.0],"Rotation":[0.00981419812887907,0.0010995320044457913,0.09154433012008667,0.9957520365715027],"Euler":[1.1083904504776,0.22841541469097138,10.503219604492188],"Scale":[0.9999999403953552,1.0,0.9999999403953552],"Global":[0.005488755647093058,0.000416681170463562,-0.9999848008155823,16.849010467529298,-0.9695141315460205,0.2449793517589569,-0.005219427403062582,-118.27316284179688,0.24497348070144654,0.9695281386375427,0.0017486121505498887,-25.735071182250978,0.0,0.0,0.0,1.0]}]},{"UID":273926646,"ParentUID":3969830024,"Name":"joint1","Static":0,"ActiveInHierarchy":1,"ActiveSelf":1,"isBoneRoot":0,"baseState":[1.0,0.0,0.0,0.0,0.0,1.0,0.0,0.0,0.0,0.0,1.0,0.0,0.0,0.0,0.0,1.0],"Navigable":0,"No Walkable":0,"openInHierarchy":1,"Components":[{"Type":0,"Enabled":1,"Position":[0.0,0.0,0.0],"Rotation":[0.0,0.0,0.0,1.0],"Euler":[-0.0,0.0,-0.0],"Scale":[1.0,1.0,1.0],"Global":[0.005488755647093058,0.000416681170463562,-0.9999848008155823,16.849010467529298,-0.9695141315460205,0.2449793517589569,-0.005219427403062582,-118.27316284179688,0.24497348070144654,0.9695281386375427,0.0017486121505498887,-25.735071182250978,0.0,0.0,0.0,1.0]}]},{"UID":4115890804,"ParentUID":273926646,"Name":"joint2_$AssimpFbx$_Translation","Static":0,"ActiveInHierarchy":1,"ActiveSelf":1,"isBoneRoot":0,"baseState":[1.0,0.0,0.0,0.0,0.0,1.0,0.0,0.0,0.0,0.0,1.0,0.0,0.0,0.0,0.0,1.0],"Navigable":0,"No Walkable":0,"openInHierarchy":1,"Components":[{"Type":0,"Enabled":1,"Position":[43.55704116821289,-4.440892098500626e-15,9.671605997899156e-15],"Rotation":[0.0,0.0,0.0,1.0],"Euler":[-0.0,0.0,-0.0],"Scale":[1.0,1.0,1.0],"Global":[0.005488755647093058,0.000416681170463562,-0.9999848008155823,17.088085174560548,-0.9695141315460205,0.2449793517589569,-0.005219427403062582,-160.50233459472657,0.24497348070144654,0.9695281386375427,0.0017486121505498887,-15.064751625061036,0.0,0.0,0.0,1.0]}]},{"UID":2372824273,"ParentUID":4115890804,"Name":"joint2_$AssimpFbx$_PreRotation","Static":0,"ActiveInHierarchy":1,"ActiveSelf":1,"isBoneRoot":0,"baseState":[1.0,0.0,0.0,0.0,0.0,1.0,0.0,0.0,0.0,0.0,1.0,0.0,0.0,0.0,0.0,1.0],"Navigable":0,"No Walkable":0,"openInHierarchy":1,"Components":[{"Type":0,"Enabled":1,"Position":[0.0,0.0,0.0],"Rotation":[0.9966721534729004,-0.08151459693908692,3.563116024452029e-9,-4.3565918872445766e-8],"Euler":[-179.99998474121095,8.138884481923014e-7,9.3512601852417],"Scale":[1.0,1.0,1.0],"Global":[0.00534810870885849,-0.0013029059628024698,0.9999848008155823,17.088085174560548,-0.9964358806610107,-0.08419066667556763,0.005219434853643179,-160.50233459472657,0.08418257534503937,-0.996448814868927,-0.001748525071889162,-15.064751625061036,0.0,0.0,0.0,1.0]}]},{"UID":2224564881,"ParentUID":2372824273,"Name":"joint2_$AssimpFbx$_Rotation","Static":0,"ActiveInHierarchy":1,"ActiveSelf":1,"isBoneRoot":0,"baseState":[1.0,0.0,0.0,0.0,0.0,1.0,0.0,0.0,0.0,0.0,1.0,0.0,0.0,0.0,0.0,1.0],"Navigable":0,"No Walkable":0,"openInHierarchy":1,"Components":[{"Type":0,"Enabled":1,"Position":[0.0,0.0,0.0],"Rotation":[0.0,0.0,0.13154326379299165,0.9913104772567749],"Euler":[-0.0,0.0,15.117560386657715],"Scale":[0.9999999403953552,0.9999999403953552,1.0],"Global":[0.004823226481676102,-0.0026526045985519888,0.9999848008155823,17.088085174560548,-0.9839088320732117,0.17859381437301637,0.005219434853643179,-160.50233459472657,-0.17860502004623414,-0.9839192032814026,-0.001748525071889162,-15.064751625061036,0.0,0.0,0.0,1.0]}]},{"UID":4251277547,"ParentUID":2224564881,"Name":"joint2","Static":0,"ActiveInHierarchy":1,"ActiveSelf":1,"isBoneRoot":0,"baseState":[1.0,0.0,0.0,0.0,0.0,1.0,0.0,0.0,0.0,0.0,1.0,0.0,0.0,0.0,0.0,1.0],"Navigable":0,"No Walkable":0,"openInHierarchy":1,"Components":[{"Type":0,"Enabled":1,"Position":[0.0,0.0,0.0],"Rotation":[0.0,0.0,0.0,1.0],"Euler":[-0.0,0.0,-0.0],"Scale":[1.0,1.0,1.0],"Global":[0.004823226481676102,-0.0026526045985519888,0.9999848008155823,17.088085174560548,-0.9839088320732117,0.17859381437301637,0.005219434853643179,-160.50233459472657,-0.17860502004623414,-0.9839192032814026,-0.001748525071889162,-15.064751625061036,0.0,0.0,0.0,1.0]}]},{"UID":3540512186,"ParentUID":4251277547,"Name":"joint3_$AssimpFbx$_Translation","Static":0,"ActiveInHierarchy":1,"ActiveSelf":1,"isBoneRoot":0,"baseState":[1.0,0.0,0.0,0.0,0.0,1.0,0.0,0.0,0.0,0.0,1.0,0.0,0.0,0.0,0.0,1.0],"Navigable":0,"No Walkable":0,"openInHierarchy":1,"Components":[{"Type":0,"Enabled":1,"Position":[47.11335372924805,8.881784197001253e-16,-8.622426943716722e-15],"Rotation":[0.0,0.0,0.0,1.0],"Euler":[-0.0,0.0,-0.0],"Scale":[1.0,1.0,1.0],"Global":[0.004823226481676102,-0.0026526045985519888,0.9999848008155823,17.315322875976564,-0.9839088320732117,0.17859381437301637,0.005219434853643179,-206.85757446289063,-0.17860502004623414,-0.9839192032814026,-0.001748525071889162,-23.479433059692384,0.0,0.0,0.0,1.0]}]},{"UID":152705978,"ParentUID":3540512186,"Name":"joint3_$AssimpFbx$_PreRotation","Static":0,"ActiveInHierarchy":1,"ActiveSelf":1,"isBoneRoot":0,"baseState":[1.0,0.0,0.0,0.0,0.0,1.0,0.0,0.0,0.0,0.0,1.0,0.0,0.0,0.0,0.0,1.0],"Navigable":0,"No Walkable":0,"openInHierarchy":1,"Components":[{"Type":0,"Enabled":1,"Position":[0.0,0.0,0.0],"Rotation":[0.8607384562492371,-0.5090475082397461,2.2251171571952e-8,-3.7624069193498147e-8],"Euler":[-179.99998474121095,0.000004389415153127629,61.2008056640625],"Scale":[1.0,1.0,1.0],"Global":[0.004648060537874699,-0.0029488762374967338,-0.9999850392341614,17.315322875976564,-0.6304936408996582,0.7761765718460083,-0.005219504237174988,-206.85757446289063,0.7761803269386292,0.6305086612701416,0.0017484704731032253,-23.479433059692384,0.0,0.0,0.0,1.0]}]},{"UID":3529358893,"ParentUID":152705978,"Name":"joint3_$AssimpFbx$_Rotation","Static":0,"ActiveInHierarchy":1,"ActiveSelf":1,"isBoneRoot":0,"baseState":[1.0,0.0,0.0,0.0,0.0,1.0,0.0,0.0,0.0,0.0,1.0,0.0,0.0,0.0,0.0,1.0],"Navigable":0,"No Walkable":0,"openInHierarchy":1,"Components":[{"Type":0,"Enabled":1,"Position":[0.0,0.0,0.0],"Rotation":[-0.0033105260226875545,-0.0016021996270865203,0.01728741265833378,0.9998437762260437],"Euler":[-0.3761298656463623,-0.19012834131717683,1.98047935962677],"Scale":[0.9999999403953552,1.0,1.0],"Global":[0.0014538946561515332,0.0035676336847245695,-0.9999927878379822,17.315322875976564,-0.6032894849777222,0.7975196242332459,0.0019681472331285478,-206.85757446289063,0.7975208163261414,0.6032823920249939,0.0033118287101387979,-23.479433059692384,0.0,0.0,0.0,1.0]}]},{"UID":2322248805,"ParentUID":3529358893,"Name":"joint3","Static":0,"ActiveInHierarchy":1,"ActiveSelf":1,"isBoneRoot":0,"baseState":[1.0,0.0,0.0,0.0,0.0,1.0,0.0,0.0,0.0,0.0,1.0,0.0,0.0,0.0,0.0,1.0],"Navigable":0,"No Walkable":0,"openInHierarchy":1,"Components":[{"Type":0,"Enabled":1,"Position":[0.0,0.0,0.0],"Rotation":[0.0,0.0,0.0,1.0],"Euler":[-0.0,0.0,-0.0],"Scale":[1.0,1.0,1.0],"Global":[0.0014538946561515332,0.0035676336847245695,-0.9999927878379822,17.315322875976564,-0.6032894849777222,0.7975196242332459,0.0019681472331285478,-206.85757446289063,0.7975208163261414,0.6032823920249939,0.0033118287101387979,-23.479433059692384,0.0,0.0,0.0,1.0]}]},{"UID":4013299559,"ParentUID":2322248805,"Name":"joint4_$AssimpFbx$_Translation","Static":0,"ActiveInHierarchy":1,"ActiveSelf":1,"isBoneRoot":0,"baseState":[1.0,0.0,0.0,0.0,0.0,1.0,0.0,0.0,0.0,0.0,1.0,0.0,0.0,0.0,0.0,1.0],"Navigable":0,"No Walkable":0,"openInHierarchy":1,"Components":[{"Type":0,"Enabled":1,"Position":[25.23313331604004,-1.0658141036401503e-14,1.0575072515264274e-14],"Rotation":[0.0,0.0,0.0,1.0],"Euler":[-0.0,0.0,-0.0],"Scale":[1.0,1.0,1.0],"Global":[0.0014538946561515332,0.0035676336847245695,-0.9999927878379822,17.352008819580079,-0.6032894849777222,0.7975196242332459,0.0019681472331285478,-222.08045959472657,0.7975208163261414,0.6032823920249939,0.0033118287101387979,-3.3554840087890627,0.0,0.0,0.0,1.0]}]},{"UID":2951673032,"ParentUID":4013299559,"Name":"joint4_$AssimpFbx$_PreRotation","Static":0,"ActiveInHierarchy":1,"ActiveSelf":1,"isBoneRoot":0,"baseState":[1.0,0.0,0.0,0.0,0.0,1.0,0.0,0.0,0.0,0.0,1.0,0.0,0.0,0.0,0.0,1.0],"Navigable":0,"No Walkable":0,"openInHierarchy":1,"Components":[{"Type":0,"Enabled":1,"Position":[0.0,0.0,0.0],"Rotation":[0.0,0.0,0.2963099777698517,0.9550918340682983],"Euler":[-0.0,0.0,34.47221374511719],"Scale":[1.0,1.0,1.0],"Global":[0.0032178957480937244,0.002118246164172888,-0.9999927878379822,17.352008819580079,-0.04595106840133667,0.9989416003227234,0.0019681472331285478,-222.08045959472657,0.9989385604858398,0.045944541692733768,0.0033118287101387979,-3.3554840087890627,0.0,0.0,0.0,1.0]}]},{"UID":1834808471,"ParentUID":2951673032,"Name":"joint4_$AssimpFbx$_Rotation","Static":0,"ActiveInHierarchy":1,"ActiveSelf":1,"isBoneRoot":0,"baseState":[1.0,0.0,0.0,0.0,0.0,1.0,0.0,0.0,0.0,0.0,1.0,0.0,0.0,0.0,0.0,1.0],"Navigable":0,"No Walkable":0,"openInHierarchy":1,"Components":[{"Type":0,"Enabled":1,"Position":[0.0,0.0,0.0],"Rotation":[0.0,0.0,0.0038750923704355957,0.9999924898147583],"Euler":[-0.0,0.0,0.44405397772789],"Scale":[1.0,1.0,1.0],"Global":[0.0032342157792299988,0.0020932434126734735,-0.9999927878379822,17.352008819580079,-0.0382077619433403,0.9992677569389343,0.0019681472331285478,-222.08045959472657,0.999264657497406,0.038201265037059787,0.0033118287101387979,-3.3554840087890627,0.0,0.0,0.0,1.0]}]},{"UID":751910845,"ParentUID":1834808471,"Name":"joint4","Static":0,"ActiveInHierarchy":1,"ActiveSelf":1,"isBoneRoot":0,"baseState":[1.0,0.0,0.0,0.0,0.0,1.0,0.0,0.0,0.0,0.0,1.0,0.0,0.0,0.0,0.0,1.0],"Navigable":0,"No Walkable":0,"openInHierarchy":1,"Components":[{"Type":0,"Enabled":1,"Position":[0.0,0.0,0.0],"Rotation":[0.0,0.0,0.0,1.0],"Euler":[-0.0,0.0,-0.0],"Scale":[1.0,1.0,1.0],"Global":[0.0032342157792299988,0.0020932434126734735,-0.9999927878379822,17.352008819580079,-0.0382077619433403,0.9992677569389343,0.0019681472331285478,-222.08045959472657,0.999264657497406,0.038201265037059787,0.0033118287101387979,-3.3554840087890627,0.0,0.0,0.0,1.0]}]},{"UID":2512628996,"ParentUID":751910845,"Name":"joint5_$AssimpFbx$_Translation","Static":0,"ActiveInHierarchy":1,"ActiveSelf":1,"isBoneRoot":0,"baseState":[1.0,0.0,0.0,0.0,0.0,1.0,0.0,0.0,0.0,0.0,1.0,0.0,0.0,0.0,0.0,1.0],"Navigable":0,"No Walkable":0,"openInHierarchy":1,"Components":[{"Type":0,"Enabled":1,"Position":[22.9755802154541,-6.764227239853919e-15,1.558594833056537e-14],"Rotation":[0.0,0.0,0.0,1.0],"Euler":[-0.0,0.0,-0.0],"Scale":[1.0,1.0,1.0],"Global":[0.0032342157792299988,0.0020932434126734735,-0.9999927878379822,17.42631721496582,-0.0382077619433403,0.9992677569389343,0.0019681472331285478,-222.9582977294922,0.999264657497406,0.038201265037059787,0.0033118287101387979,19.603200912475587,0.0,0.0,0.0,1.0]}]},{"UID":2726338736,"ParentUID":2512628996,"Name":"joint5_$AssimpFbx$_PreRotation","Static":0,"ActiveInHierarchy":1,"ActiveSelf":1,"isBoneRoot":0,"baseState":[1.0,0.0,0.0,0.0,0.0,1.0,0.0,0.0,0.0,0.0,1.0,0.0,0.0,0.0,0.0,1.0],"Navigable":0,"No Walkable":0,"openInHierarchy":1,"Components":[{"Type":0,"Enabled":1,"Position":[0.0,0.0,0.0],"Rotation":[0.0,0.7071068286895752,0.0,0.7071068286895752],"Euler":[0.0,90.0,0.0],"Scale":[1.0,1.0,1.0],"Global":[0.9999929070472717,0.0020932434126734735,0.0032343354541808368,17.42631721496582,-0.0019681428093463184,0.9992677569389343,-0.0382077656686306,-222.9582977294922,-0.003311948385089636,0.038201265037059787,0.9992647767066956,19.603200912475587,0.0,0.0,0.0,1.0]}]},{"UID":750910156,"ParentUID":2726338736,"Name":"joint5_$AssimpFbx$_Rotation","Static":0,"ActiveInHierarchy":1,"ActiveSelf":1,"isBoneRoot":0,"baseState":[1.0,0.0,0.0,0.0,0.0,1.0,0.0,0.0,0.0,0.0,1.0,0.0,0.0,0.0,0.0,1.0],"Navigable":0,"No Walkable":0,"openInHierarchy":1,"Components":[{"Type":0,"Enabled":1,"Position":[0.0,0.0,0.0],"Rotation":[0.0,0.0,0.0,1.0],"Euler":[-0.0,0.0,-0.0],"Scale":[1.0,1.0,1.0],"Global":[0.9999929070472717,0.0020932434126734735,0.0032343354541808368,17.42631721496582,-0.0019681428093463184,0.9992677569389343,-0.0382077656686306,-222.9582977294922,-0.003311948385089636,0.038201265037059787,0.9992647767066956,19.603200912475587,0.0,0.0,0.0,1.0]}]},{"UID":3819762646,"ParentUID":750910156,"Name":"joint5","Static":0,"ActiveInHierarchy":1,"ActiveSelf":1,"isBoneRoot":0,"baseState":[1.0,0.0,0.0,0.0,0.0,1.0,0.0,0.0,0.0,0.0,1.0,0.0,0.0,0.0,0.0,1.0],"Navigable":0,"No Walkable":0,"openInHierarchy":1,"Components":[{"Type":0,"Enabled":1,"Position":[0.0,0.0,0.0],"Rotation":[0.0,0.0,0.0,1.0],"Euler":[-0.0,0.0,-0.0],"Scale":[1.0,1.0,1.0],"Global":[0.9999929070472717,0.0020932434126734735,0.0032343354541808368,17.42631721496582,-0.0019681428093463184,0.9992677569389343,-0.0382077656686306,-222.9582977294922,-0.003311948385089636,0.038201265037059787,0.9992647767066956,19.603200912475587,0.0,0.0,0.0,1.0]}]},{"UID":2259592600,"ParentUID":1119462774,"Name":"joint12_$AssimpFbx$_Translation","Static":0,"ActiveInHierarchy":1,"ActiveSelf":1,"isBoneRoot":0,"baseState":[1.0,0.0,0.0,0.0,0.0,1.0,0.0,0.0,0.0,0.0,1.0,0.0,0.0,0.0,0.0,1.0],"Navigable":0,"No Walkable":0,"openInHierarchy":1,"Components":[{"Type":0,"Enabled":1,"Position":[13.157940864562989,4.440892098500626e-15,-1.4608248904494069e-15],"Rotation":[0.0,0.0,0.0,1.0],"Euler":[-0.0,0.0,-0.0],"Scale":[1.0,1.0,1.0],"Global":[-0.006870180834084749,0.019629089161753656,0.9997836947441101,-0.1590903103351593,0.9438583254814148,0.33035027980804446,3.725290298461914e-9,-99.95479583740235,-0.33027884364128115,0.9436542391777039,-0.020796645432710649,-29.728952407836915,0.0,0.0,0.0,1.0]}]},{"UID":2586915606,"ParentUID":2259592600,"Name":"joint12_$AssimpFbx$_PreRotation","Static":0,"ActiveInHierarchy":1,"ActiveSelf":1,"isBoneRoot":0,"baseState":[1.0,0.0,0.0,0.0,0.0,1.0,0.0,0.0,0.0,0.0,1.0,0.0,0.0,0.0,0.0,1.0],"Navigable":0,"No Walkable":0,"openInHierarchy":1,"Components":[{"Type":0,"Enabled":1,"Position":[0.0,0.0,0.0],"Rotation":[0.0,0.0,0.09518697112798691,0.9954594373703003],"Euler":[-0.0,0.0,10.924161911010743],"Scale":[0.9999999403953552,0.9999999403953552,1.0],"Global":[-0.003025785554200411,0.020575352013111116,0.9997836947441101,-0.1590903103351593,0.9893590211868286,0.14549380540847779,3.725290298461914e-9,-99.95479583740235,-0.14546231925487519,0.989145040512085,-0.020796645432710649,-29.728952407836915,0.0,0.0,0.0,1.0]}]},{"UID":1163175504,"ParentUID":2586915606,"Name":"joint12","Static":0,"ActiveInHierarchy":1,"ActiveSelf":1,"isBoneRoot":0,"baseState":[1.0,0.0,0.0,0.0,0.0,1.0,0.0,0.0,0.0,0.0,1.0,0.0,0.0,0.0,0.0,1.0],"Navigable":0,"No Walkable":0,"openInHierarchy":1,"Components":[{"Type":0,"Enabled":1,"Position":[0.0,0.0,0.0],"Rotation":[0.0,0.0,0.0,1.0],"Euler":[-0.0,0.0,-0.0],"Scale":[1.0,1.0,1.0],"Global":[-0.003025785554200411,0.020575352013111116,0.9997836947441101,-0.1590903103351593,0.9893590211868286,0.14549380540847779,3.725290298461914e-9,-99.95479583740235,-0.14546231925487519,0.989145040512085,-0.020796645432710649,-29.728952407836915,0.0,0.0,0.0,1.0]}]},{"UID":3135785792,"ParentUID":1163175504,"Name":"joint13_$AssimpFbx$_Translation","Static":0,"ActiveInHierarchy":1,"ActiveSelf":1,"isBoneRoot":0,"baseState":[1.0,0.0,0.0,0.0,0.0,1.0,0.0,0.0,0.0,0.0,1.0,0.0,0.0,0.0,0.0,1.0],"Navigable":0,"No Walkable":0,"openInHierarchy":1,"Components":[{"Type":0,"Enabled":1,"Position":[10.66988468170166,-1.9539925233402756e-14,-7.216449660063518e-16],"Rotation":[0.0,0.0,0.0,1.0],"Euler":[-0.0,0.0,-0.0],"Scale":[1.0,1.0,1.0],"Global":[-0.003025785554200411,0.020575352013111116,0.9997836947441101,-0.19137509167194367,0.9893590211868286,0.1454938054084