{"navigationScene":{"navDataSize":0},"GameObjects":[{"UID":3578813283,"ParentUID":0,"Name":"AnimatedMetalDoor","Static":0,"ActiveInHierarchy":1,"ActiveSelf":1,"isBoneRoot":1,"baseState":[1.0,0.0,0.0,0.0,0.0,1.0,0.0,0.0,0.0,0.0,1.0,0.0,0.0,0.0,0.0,1.0],"Navigable":0,"No Walkable":0,"openInHierarchy":1,"Components":[{"Type":0,"Enabled":1,"Position":[0.0,0.0,0.0],"Rotation":[0.0,0.0,0.0,1.0],"Euler":[-0.0,0.0,-0.0],"Scale":[1.0,1.0,1.0],"Global":[1.0,0.0,0.0,0.0,0.0,1.0,0.0,0.0,0.0,0.0,1.0,0.0,0.0,0.0,0.0,1.0]},{"Type":4,"Enabled":1,"animUID":4137684060,"stateMachineUID":2946608758},{"Type":9,"Enabled":1,"script":"DoorScript","scriptInfo":{}}]},{"UID":422962888,"ParentUID":3578813283,"Name":"joint1_$AssimpFbx$_Translation","Static":0,"ActiveInHierarchy":1,"ActiveSelf":1,"isBoneRoot":0,"baseState":[1.0,0.0,0.0,0.0,0.0,1.0,0.0,0.0,0.0,0.0,1.0,0.0,0.0,0.0,0.0,1.0],"Navigable":0,"No Walkable":0,"openInHierarchy":0,"Components":[{"Type":0,"Enabled":1,"Position":[448.5560607910156,372.6526794433594,-9.78317643784976e-7],"Rotation":[0.0,0.0,0.0,1.0],"Euler":[-0.0,0.0,-0.0],"Scale":[1.0,1.0,1.0],"Global":[1.0,0.0,0.0,448.5560607910156,0.0,1.0,0.0,372.6526794433594,0.0,0.0,1.0,-9.78317643784976e-7,0.0,0.0,0.0,1.0]}]},{"UID":3359930930,"ParentUID":422962888,"Name":"joint1_$AssimpFbx$_PreRotation","Static":0,"ActiveInHierarchy":1,"ActiveSelf":1,"isBoneRoot":0,"baseState":[1.0,0.0,0.0,0.0,0.0,1.0,0.0,0.0,0.0,0.0,1.0,0.0,0.0,0.0,0.0,1.0],"Navigable":0,"No Walkable":0,"openInHierarchy":1,"Components":[{"Type":0,"Enabled":1,"Position":[0.0,0.0,0.0],"Rotation":[0.0010917939944192768,0.9999994039535523,-4.371136341774218e-8,-4.7723828361379009e-11],"Euler":[179.99998474121095,-1.0937490024787167e-8,-179.8748779296875],"Scale":[1.0,1.0,1.0],"Global":[-0.999997615814209,0.0021835865918546917,-1.9089521630100138e-10,448.5560607910156,0.0021835865918546917,0.999997615814209,-8.742257051608249e-8,372.6526794433594,-6.938893903907229e-18,-8.742278367890322e-8,-1.0,-9.78317643784976e-7,0.0,0.0,0.0,1.0]}]},{"UID":1077801886,"ParentUID":3359930930,"Name":"joint1_$AssimpFbx$_Rotation","Static":0,"ActiveInHierarchy":1,"ActiveSelf":1,"isBoneRoot":0,"baseState":[1.0,0.0,0.0,0.0,0.0,1.0,0.0,0.0,0.0,0.0,1.0,0.0,0.0,0.0,0.0,1.0],"Navigable":0,"No Walkable":0,"openInHierarchy":1,"Components":[{"Type":0,"Enabled":1,"Position":[0.0,0.0,0.0],"Rotation":[0.0009394357330165803,0.4302615821361542,-8.060183076530336e-11,0.9027037620544434],"Euler":[0.15431103110313416,50.96828079223633,-0.07355022430419922],"Scale":[1.0,1.0,1.0],"Global":[-0.629746675491333,0.0013751781079918147,-0.7767993211746216,448.5560607910156,0.002183585660532117,0.999997615814209,8.906796011842744e-8,372.6526794433594,0.7767974734306336,-0.0016961516812443734,-0.6297482252120972,-9.78317643784976e-7,0.0,0.0,0.0,1.0]}]},{"UID":985727362,"ParentUID":1077801886,"Name":"joint1","Static":0,"ActiveInHierarchy":1,"ActiveSelf":1,"isBoneRoot":0,"baseState":[1.0,0.0,0.0,0.0,0.0,1.0,0.0,0.0,0.0,0.0,1.0,0.0,0.0,0.0,0.0,1.0],"Navigable":0,"No Walkable":0,"openInHierarchy":1,"Components":[{"Type":0,"Enabled":1,"Position":[0.0,0.0,0.0],"Rotation":[0.0,0.0,0.0,1.0],"Euler":[-0.0,0.0,-0.0],"Scale":[1.0,1.0,1.0],"Global":[-0.629746675491333,0.0013751781079918147,-0.7767993211746216,448.5560607910156,0.002183585660532117,0.999997615814209,8.906796011842744e-8,372.6526794433594,0.7767974734306336,-0.0016961516812443734,-0.6297482252120972,-9.78317643784976e-7,0.0,0.0,0.0,1.0]}]},{"UID":3049198331,"ParentUID":985727362,"Name":"joint2_$AssimpFbx$_Translation","Static":0,"ActiveInHierarchy":1,"ActiveSelf":1,"isBoneRoot":0,"baseState":[1.0,0.0,0.0,0.0,0.0,1.0,0.0,0.0,0.0,0.0,1.0,0.0,0.0,0.0,0.0,1.0],"Navigable":0,"No Walkable":0,"openInHierarchy":1,"Components":[{"Type":0,"Enabled":1,"Position":[360.3044128417969,0.4625205099582672,444.43597412109377],"Rotation":[0.0,0.0,0.0,1.0],"Euler":[-0.0,0.0,-0.0],"Scale":[1.0,1.0,1.0],"Global":[-0.629746675491333,0.0013751781079918147,-0.7767993211746216,-123.58139038085938,0.002183585660532117,0.999997615814209,8.906796011842744e-8,373.9020080566406,0.7767974734306336,-0.0016961516812443734,-0.6297482252120972,-9.78317643784976e-7,0.0,0.0,0.0,1.0]}]},{"UID":1390918116,"ParentUID":3049198331,"Name":"joint2_$AssimpFbx$_PreRotation","Static":0,"ActiveInHierarchy":1,"ActiveSelf":1,"isBoneRoot":0,"baseState":[1.0,0.0,0.0,0.0,0.0,1.0,0.0,0.0,0.0,0.0,1.0,0.0,0.0,0.0,0.0,1.0],"Navigable":0,"No Walkable":0,"openInHierarchy":1,"Components":[{"Type":0,"Enabled":1,"Position":[0.0,0.0,0.0],"Rotation":[0.0010917939944192768,0.9999994039535523,-4.371136341774218e-8,-4.7723828361379009e-11],"Euler":[179.99998474121095,-1.0937490024787167e-8,-179.8748779296875],"Scale":[1.0,1.0,1.0],"Global":[0.6297481656074524,1.3636216067425267e-7,0.7767993211746216,-123.58139038085938,9.313225746154786e-10,1.0,-1.7649074379733066e-7,373.9020080566406,-0.7767993211746216,1.1198143567980878e-7,0.6297482252120972,-9.78317643784976e-7,0.0,0.0,0.0,1.0]}]},{"UID":2590018239,"ParentUID":1390918116,"Name":"joint2_$AssimpFbx$_Rotation","Static":0,"ActiveInHierarchy":1,"ActiveSelf":1,"isBoneRoot":0,"baseState":[1.0,0.0,0.0,0.0,0.0,1.0,0.0,0.0,0.0,0.0,1.0,0.0,0.0,0.0,0.0,1.0],"Navigable":0,"No Walkable":0,"openInHierarchy":1,"Components":[{"Type":0,"Enabled":1,"Position":[0.0,0.0,0.0],"Rotation":[0.0,-0.8373525738716126,0.0,0.5466632843017578],"Euler":[180.0,-66.27680206298828,180.0],"Scale":[1.0,1.0,1.0],"Global":[0.4578001797199249,1.3636216067425267e-7,-0.8890552520751953,-123.58139038085938,-1.6195193097701122e-7,1.0,7.015290748313419e-8,373.9020080566406,0.8890552520751953,1.1198143567980878e-7,0.45780014991760256,-9.78317643784976e-7,0.0,0.0,0.0,1.0]}]},{"UID":2576757162,"ParentUID":2590018239,"Name":"joint2","Static":0,"ActiveInHierarchy":1,"ActiveSelf":1,"isBoneRoot":0,"baseState":[1.0,0.0,0.0,0.0,0.0,1.0,0.0,0.0,0.0,0.0,1.0,0.0,0.0,0.0,0.0,1.0],"Navigable":0,"No Walkable":0,"openInHierarchy":1,"Components":[{"Type":0,"Enabled":1,"Position":[0.0,0.0,0.0],"Rotation":[0.0,0.0,0.0,1.0],"Euler":[-0.0,0.0,-0.0],"Scale":[1.0,1.0,1.0],"Global":[0.4578001797199249,1.3636216067425267e-7,-0.8890552520751953,-123.58139038085938,-1.6195193097701122e-7,1.0,7.015290748313419e-8,373.9020080566406,0.8890552520751953,1.1198143567980878e-7,0.45780014991760256,-9.78317643784976e-7,0.0,0.0,0.0,1.0]}]},{"UID":3349212929,"ParentUID":3578813283,"Name":"E01_valla1_metalPuerta1_$AssimpFbx$_RotationPivot","Static":0,"ActiveInHierarchy":1,"ActiveSelf":1,"isBoneRoot":0,"baseState":[1.0,0.0,0.0,0.0,0.0,1.0,0.0,0.0,0.0,0.0,1.0,0.0,0.0,0.0,0.0,1.0],"Navigable":0,"No Walkable":0,"openInHierarchy":0,"Components":[{"Type":0,"Enabled":1,"Position":[334.76678466796877,300.2297058105469,0.0],"Rotation":[0.0,0.0,0.0,1.0],"Euler":[-0.0,0.0,-0.0],"Scale":[1.0,1.0,1.0],"Global":[1.0,0.0,0.0,334.76678466796877,0.0,1.0,0.0,300.2297058105469,0.0,0.0,1.0,0.0,0.0,0.0,0.0,1.0]}]},{"UID":2122963121,"ParentUID":3349212929,"Name":"E01_valla1_metalPuerta1_$AssimpFbx$_RotationPivotInverse","Static":0,"ActiveInHierarchy":1,"ActiveSelf":1,"isBoneRoot":0,"baseState":[1.0,0.0,0.0,0.0,0.0,1.0,0.0,0.0,0.0,0.0,1.0,0.0,0.0,0.0,0.0,1.0],"Navigable":0,"No Walkable":0,"openInHierarchy":1,"Components":[{"Type":0,"Enabled":1,"Position":[-334.76678466796877,-300.2297058105469,-0.0],"Rotation":[0.0,0.0,0.0,1.0],"Euler":[-0.0,0.0,-0.0],"Scale":[1.0,1.0,1.0],"Global":[1.0,0.0,0.0,0.0,0.0,1.0,0.0,0.0,0.0,0.0,1.0,0.0,0.0,0.0,0.0,1.0]}]},{"UID":2054898545,"ParentUID":2122963121,"Name":"E01_valla1_metalPuerta1_$AssimpFbx$_ScalingPivot","Static":0,"ActiveInHierarchy":1,"ActiveSelf":1,"isBoneRoot":0,"baseState":[1.0,0.0,0.0,0.0,0.0,1.0,0.0,0.0,0.0,0.0,1.0,0.0,0.0,0.0,0.0,1.0],"Navigable":0,"No Walkable":0,"openInHierarchy":1,"Components":[{"Type":0,"Enabled":1,"Position":[334.76678466796877,300.2297058105469,0.0],"Rotation":[0.0,0.0,0.0,1.0],"Euler":[-0.0,0.0,-0.0],"Scale":[1.0,1.0,1.0],"Global":[1.0,0.0,0.0,334.76678466796877,0.0,1.0,0.0,300.2297058105469,0.0,0.0,1.0,0.0,0.0,0.0,0.0,1.0]}]},{"UID":724004140,"ParentUID":2054898545,"Name":"E01_valla1_metalPuerta1_$AssimpFbx$_ScalingPivotInverse","Static":0,"ActiveInHierarchy":1,"ActiveSelf":1,"isBoneRoot":0,"baseState":[1.0,0.0,0.0,0.0,0.0,1.0,0.0,0.0,0.0,0.0,1.0,0.0,0.0,0.0,0.0,1.0],"Navigable":0,"No Walkable":0,"openInHierarchy":1,"Components":[{"Type":0,"Enabled":1,"Position":[-334.76678466796877,-300.2297058105469,-0.0],"Rotation":[0.0,0.0,0.0,1.0],"Euler":[-0.0,0.0,-0.0],"Scale":[1.0,1.0,1.0],"Global":[1.0,0.0,0.0,0.0,0.0,1.0,0.0,0.0,0.0,0.0,1.0,0.0,0.0,0.0,0.0,1.0]}]},{"UID":3964851001,"ParentUID":724004140,"Name":"E01_valla1_metalPuerta1","Static":0,"ActiveInHierarchy":1,"ActiveSelf":1,"isBoneRoot":0,"baseState":[1.0,0.0,0.0,0.0,0.0,1.0,0.0,0.0,0.0,0.0,1.0,0.0,0.0,0.0,0.0,1.0],"Navigable":0,"No Walkable":0,"openInHierarchy":1,"Components":[{"Type":0,"Enabled":1,"Position":[0.0,0.0,0.0],"Rotation":[0.0,0.0,0.0,1.0],"Euler":[-0.0,0.0,-0.0],"Scale":[1.0,1.0,1.0],"Global":[1.0,0.0,0.0,0.0,0.0,1.0,0.0,0.0,0.0,0.0,1.0,0.0,0.0,0.0,0.0,1.0]}]},{"UID":4012037441,"ParentUID":3578813283,"Name":"DoorMesh1","Static":0,"ActiveInHierarchy":1,"ActiveSelf":1,"isBoneRoot":0,"baseState":[1.0,0.0,0.0,0.0,0.0,1.0,0.0,0.0,0.0,0.0,1.0,0.0,0.0,0.0,0.0,1.0],"Navigable":0,"No Walkable":0,"openInHierarchy":1,"Components":[{"Type":1,"Enabled":1,"meshUID":4128395257,"materialUID":2505547090,"castShadows":0,"useAlpha":0,"highlighted":0,"highlightColor":[1.0,1.0,1.0]},{"Type":0,"Enabled":1,"Position":[0.0,0.0,0.0],"Rotation":[0.0,0.0,0.0,1.0],"Euler":[-0.0,0.0,-0.0],"Scale":[1.0,1.0,1.0],"Global":[1.0,0.0,0.0,0.0,0.0,1.0,0.0,0.0,0.0,0.0,1.0,0.0,0.0,0.0,0.0,1.0]}]},{"UID":3894014909,"ParentUID":3578813283,"Name":"E01_valla1_metalPuerta_$AssimpFbx$_Translation","Static":0,"ActiveInHierarchy":1,"ActiveSelf":1,"isBoneRoot":0,"baseState":[1.0,0.0,0.0,0.0,0.0,1.0,0.0,0.0,0.0,0.0,1.0,0.0,0.0,0.0,0.0,1.0],"Navigable":0,"No Walkable":0,"openInHierarchy":0,"Components":[{"Type":0,"Enabled":1,"Position":[-17.395896911621095,0.0,0.0],"Rotation":[0.0,0.0,0.0,1.0],"Euler":[-0.0,0.0,-0.0],"Scale":[1.0,1.0,1.0],"Global":[1.0,0.0,0.0,-17.395896911621095,0.0,1.0,0.0,0.0,0.0,0.0,1.0,0.0,0.0,0.0,0.0,1.0]}]},{"UID":275291655,"ParentUID":3894014909,"Name":"E01_valla1_metalPuerta_$AssimpFbx$_RotationPivot","Static":0,"ActiveInHierarchy":1,"ActiveSelf":1,"isBoneRoot":0,"baseState":[1.0,0.0,0.0,0.0,0.0,1.0,0.0,0.0,0.0,0.0,1.0,0.0,0.0,0.0,0.0,1.0],"Navigable":0,"No Walkable":0,"openInHierarchy":1,"Components":[{"Type":0,"Enabled":1,"Position":[0.0,300.2297058105469,0.0],"Rotation":[0.0,0.0,0.0,1.0],"Euler":[-0.0,0.0,-0.0],"Scale":[1.0,1.0,1.0],"Global":[1.0,0.0,0.0,-17.395896911621095,0.0,1.0,0.0,300.2297058105469,0.0,0.0,1.0,0.0,0.0,0.0,0.0,1.0]}]},{"UID":660354184,"ParentUID":275291655,"Name":"E01_valla1_metalPuerta_$AssimpFbx$_RotationPivotInverse","Static":0,"ActiveInHierarchy":1,"ActiveSelf":1,"isBoneRoot":0,"baseState":[1.0,0.0,0.0,0.0,0.0,1.0,0.0,0.0,0.0,0.0,1.0,0.0,0.0,0.0,0.0,1.0],"Navigable":0,"No Walkable":0,"openInHierarchy":1,"Components":[{"Type":0,"Enabled":1,"Position":[-0.0,-300.2297058105469,-0.0],"Rotation":[0.0,0.0,0.0,1.0],"Euler":[-0.0,0.0,-0.0],"Scale":[1.0,1.0,1.0],"Global":[1.0,0.0,0.0,-17.395896911621095,0.0,1.0,0.0,0.0,0.0,0.0,1.0,0.0,0.0,0.0,0.0,1.0]}]},{"UID":2972616662,"ParentUID":660354184,"Name":"E01_valla1_metalPuerta_$AssimpFbx$_ScalingPivot","Static":0,"ActiveInHierarchy":1,"ActiveSelf":1,"isBoneRoot":0,"baseState":[1.0,0.0,0.0,0.0,0.0,1.0,0.0,0.0,0.0,0.0,1.0,0.0,0.0,0.0,0.0,1.0],"Navigable":0,"No Walkable":0,"openInHierarchy":1,"Components":[{"Type":0,"Enabled":1,"Position":[0.0,300.2297058105469,0.0],"Rotation":[0.0,0.0,0.0,1.0],"Euler":[-0.0,0.0,-0.0],"Scale":[1.0,1.0,1.0],"Global":[1.0,0.0,0.0,-17.395896911621095,0.0,1.0,0.0,300.2297058105469,0.0,0.0,1.0,0.0,0.0,0.0,0.0,1.0]}]},{"UID":2503924808,"ParentUID":2972616662,"Name":"E01_valla1_metalPuerta_$AssimpFbx$_ScalingPivotInverse","Static":0,"ActiveInHierarchy":1,"ActiveSelf":1,"isBoneRoot":0,"baseState":[1.0,0.0,0.0,0.0,0.0,1.0,0.0,0.0,0.0,0.0,1.0,0.0,0.0,0.0,0.0,1.0],"Navigable":0,"No Walkable":0,"openInHierarchy":1,"Components":[{"Type":0,"Enabled":1,"Position":[-0.0,-300.2297058105469,-0.0],"Rotation":[0.0,0.0,0.0,1.0],"Euler":[-0.0,0.0,-0.0],"Scale":[1.0,1.0,1.0],"Global":[1.0,0.0,0.0,-17.395896911621095,0.0,1.0,0.0,0.0,0.0,0.0,1.0,0.0,0.0,0.0,0.0,1.0]}]},{"UID":2079084824,"ParentUID":2503924808,"Name":"E01_valla1_metalPuerta","Static":0,"ActiveInHierarchy":1,"ActiveSelf":1,"isBoneRoot":0,"baseState":[1.0,0.0,0.0,0.0,0.0,1.0,0.0,0.0,0.0,0.0,1.0,0.0,0.0,0.0,0.0,1.0],"Navigable":0,"No Walkable":0,"openInHierarchy":1,"Components":[{"Type":0,"Enabled":1,"Position":[0.0,0.0,0.0],"Rotation":[0.0,0.0,0.0,1.0],"Euler":[-0.0,0.0,-0.0],"Scale":[1.0,1.0,1.0],"Global":[1.0,0.0,0.0,-17.395896911621095,0.0,1.0,0.0,0.0,0.0,0.0,1.0,0.0,0.0,0.0,0.0,1.0]}]},{"UID":4151235144,"ParentUID":3578813283,"Name":"DoorMesh2","Static":0,"ActiveInHierarchy":1,"ActiveSelf":1,"isBoneRoot":0,"baseState":[1.0,0.0,0.0,0.0,0.0,1.0,0.0,0.0,0.0,0.0,1.0,0.0,0.0,0.0,0.0,1.0],"Navigable":0,"No Walkable":0,"openInHierarchy":1,"Components":[{"Type":1,"Enabled":1,"meshUID":3496335317,"materialUID":2505547090,"castShadows":0,"useAlpha":0,"highlighted":0,"highlightColor":[1.0,1.0,1.0]},{"Type":0,"Enabled":1,"Position":[-17.395896911621095,0.0,0.0],"Rotation":[0.0,0.0,0.0,1.0],"Euler":[-0.0,0.0,-0.0],"Scale":[1.0,1.0,1.0],"Global":[1.0,0.0,0.0,-17.395896911621095,0.0,1.0,0.0,0.0,0.0,0.0,1.0,0.0,0.0,0.0,0.0,1.0]}]},{"UID":1257240557,"ParentUID":0,"Name":"Player","Static":0,"ActiveInHierarchy":1,"ActiveSelf":1,"isBoneRoot":0,"baseState":[1.0,0.0,0.0,0.0,0.0,1.0,0.0,0.0,0.0,0.0,1.0,0.0,0.0,0.0,0.0,1.0],"Navigable":0,"No Walkable":0,"openInHierarchy":1,"Components":[{"Type":0,"Enabled":1,"Position":[0.0,0.0,0.0],"Rotation":[0.0,0.0,0.0,1.0],"Euler":[-0.0,0.0,-0.0],"Scale":[1.0,1.0,1.0],"Global":[1.0,0.0,0.0,0.0,0.0,1.0,0.0,0.0,0.0,0.0,1.0,0.0,0.0,0.0,0.0,1.0]}]},{"UID":3606229954,"ParentUID":1257240557,"Name":"Dollhouse","Static":0,"ActiveInHierarchy":1,"ActiveSelf":1,"isBoneRoot":0,"baseState":[1.0,0.0,0.0,0.0,0.0,1.0,0.0,0.0,0.0,0.0,1.0,0.0,0.0,0.0,0.0,1.0],"Navigable":0,"No Walkable":0,"openInHierarchy":1,"Components":[{"Type":0,"Enabled":1,"Position":[0.0,0.0,0.0],"Rotation":[0.0,0.0,0.0,1.0],"Euler":[-0.0,0.0,-0.0],"Scale":[1.0,1.0,1.0],"Global":[1.0,0.0,0.0,0.0,0.0,1.0,0.0,0.0,0.0,0.0,1.0,0.0,0.0,0.0,0.0,1.0]}]},{"UID":1227593690,"ParentUID":1257240557,"Name":"PlayerMesh","Static":0,"ActiveInHierarchy":1,"ActiveSelf":1,"isBoneRoot":0,"baseState":[1.0,0.0,0.0,0.0,0.0,1.0,0.0,0.0,0.0,0.0,1.0,0.0,0.0,0.0,0.0,1.0],"Navigable":0,"No Walkable":0,"openInHierarchy":1,"Components":[{"Type":1,"Enabled":1,"meshUID":3530591418,"materialUID":735767494,"castShadows":0,"useAlpha":0,"highlighted":0,"highlightColor":[1.0,1.0,1.0]},{"Type":0,"Enabled":1,"Position":[-697.1469116210938,0.0,-112.1810302734375],"Rotation":[0.0,0.0,0.0,1.0],"Euler":[-0.0,0.0,-0.0],"Scale":[0.10000000149011612,0.10000000149011612,0.10000000149011612],"Global":[0.10000000149011612,0.0,0.0,-697.1469116210938,0.0,0.10000000149011612,0.0,0.0,0.0,0.0,0.10000000149011612,-112.1810302734375,0.0,0.0,0.0,1.0]}]}]}