{"navigationScene":{"navDataSize":0},"GameObjects":[{"UID":1817885764,"ParentUID":0,"Name":"AnimatedMetalDoor","Static":0,"ActiveInHierarchy":1,"ActiveSelf":1,"isBoneRoot":1,"baseState":[1.0,0.0,0.0,0.0,0.0,1.0,0.0,0.0,0.0,0.0,1.0,0.0,0.0,0.0,0.0,1.0],"Navigable":0,"No Walkable":0,"openInHierarchy":1,"Components":[{"Type":0,"Enabled":1,"Position":[0.0,0.0,0.0],"Rotation":[0.0,0.0,0.0,1.0],"Euler":[-0.0,0.0,-0.0],"Scale":[1.0,1.0,1.0],"Global":[1.0,0.0,0.0,0.0,0.0,1.0,0.0,0.0,0.0,0.0,1.0,0.0,0.0,0.0,0.0,1.0]},{"Type":4,"Enabled":1,"animUID":4137684060,"stateMachineUID":2946608758}]},{"UID":2194397165,"ParentUID":1817885764,"Name":"joint1_$AssimpFbx$_Translation","Static":0,"ActiveInHierarchy":1,"ActiveSelf":1,"isBoneRoot":0,"baseState":[1.0,0.0,0.0,0.0,0.0,1.0,0.0,0.0,0.0,0.0,1.0,0.0,0.0,0.0,0.0,1.0],"Navigable":0,"No Walkable":0,"openInHierarchy":0,"Components":[{"Type":0,"Enabled":1,"Position":[448.5560607910156,372.6526794433594,-9.78317643784976e-7],"Rotation":[0.0,0.0,0.0,1.0],"Euler":[-0.0,0.0,-0.0],"Scale":[1.0,1.0,1.0],"Global":[1.0,0.0,0.0,448.5560607910156,0.0,1.0,0.0,372.6526794433594,0.0,0.0,1.0,-9.78317643784976e-7,0.0,0.0,0.0,1.0]}]},{"UID":349025549,"ParentUID":2194397165,"Name":"joint1_$AssimpFbx$_PreRotation","Static":0,"ActiveInHierarchy":1,"ActiveSelf":1,"isBoneRoot":0,"baseState":[1.0,0.0,0.0,0.0,0.0,1.0,0.0,0.0,0.0,0.0,1.0,0.0,0.0,0.0,0.0,1.0],"Navigable":0,"No Walkable":0,"openInHierarchy":1,"Components":[{"Type":0,"Enabled":1,"Position":[0.0,0.0,0.0],"Rotation":[0.0010917939944192768,0.9999994039535523,-4.371136341774218e-8,-4.7723828361379009e-11],"Euler":[179.99998474121095,-1.0937490024787167e-8,-179.8748779296875],"Scale":[1.0,1.0,1.0],"Global":[-0.999997615814209,0.0021835865918546917,-1.9089521630100138e-10,448.5560607910156,0.0021835865918546917,0.999997615814209,-8.742257051608249e-8,372.6526794433594,-6.938893903907229e-18,-8.742278367890322e-8,-1.0,-9.78317643784976e-7,0.0,0.0,0.0,1.0]}]},{"UID":902870291,"ParentUID":349025549,"Name":"joint1_$AssimpFbx$_Rotation","Static":0,"ActiveInHierarchy":1,"ActiveSelf":1,"isBoneRoot":0,"baseState":[1.0,0.0,0.0,0.0,0.0,1.0,0.0,0.0,0.0,0.0,1.0,0.0,0.0,0.0,0.0,1.0],"Navigable":0,"No Walkable":0,"openInHierarchy":1,"Components":[{"Type":0,"Enabled":1,"Position":[0.0,0.0,0.0],"Rotation":[0.0009394357330165803,0.4302615821361542,-8.060183076530336e-11,0.9027037620544434],"Euler":[0.15431103110313416,50.96828079223633,-0.07355022430419922],"Scale":[1.0,1.0,1.0],"Global":[-0.629746675491333,0.0013751781079918147,-0.7767993211746216,448.5560607910156,0.002183585660532117,0.999997615814209,8.906796011842744e-8,372.6526794433594,0.7767974734306336,-0.0016961516812443734,-0.6297482252120972,-9.78317643784976e-7,0.0,0.0,0.0,1.0]}]},{"UID":645175690,"ParentUID":902870291,"Name":"joint1","Static":0,"ActiveInHierarchy":1,"ActiveSelf":1,"isBoneRoot":0,"baseState":[1.0,0.0,0.0,0.0,0.0,1.0,0.0,0.0,0.0,0.0,1.0,0.0,0.0,0.0,0.0,1.0],"Navigable":0,"No Walkable":0,"openInHierarchy":1,"Components":[{"Type":0,"Enabled":1,"Position":[0.0,0.0,0.0],"Rotation":[0.0,0.0,0.0,1.0],"Euler":[-0.0,0.0,-0.0],"Scale":[1.0,1.0,1.0],"Global":[-0.629746675491333,0.0013751781079918147,-0.7767993211746216,448.5560607910156,0.002183585660532117,0.999997615814209,8.906796011842744e-8,372.6526794433594,0.7767974734306336,-0.0016961516812443734,-0.6297482252120972,-9.78317643784976e-7,0.0,0.0,0.0,1.0]}]},{"UID":2993403965,"ParentUID":645175690,"Name":"joint2_$AssimpFbx$_Translation","Static":0,"ActiveInHierarchy":1,"ActiveSelf":1,"isBoneRoot":0,"baseState":[1.0,0.0,0.0,0.0,0.0,1.0,0.0,0.0,0.0,0.0,1.0,0.0,0.0,0.0,0.0,1.0],"Navigable":0,"No Walkable":0,"openInHierarchy":1,"Components":[{"Type":0,"Enabled":1,"Position":[360.3044128417969,0.4625205099582672,444.43597412109377],"Rotation":[0.0,0.0,0.0,1.0],"Euler":[-0.0,0.0,-0.0],"Scale":[1.0,1.0,1.0],"Global":[-0.629746675491333,0.0013751781079918147,-0.7767993211746216,-123.58139038085938,0.002183585660532117,0.999997615814209,8.906796011842744e-8,373.9020080566406,0.7767974734306336,-0.0016961516812443734,-0.6297482252120972,-9.78317643784976e-7,0.0,0.0,0.0,1.0]}]},{"UID":236158426,"ParentUID":2993403965,"Name":"joint2_$AssimpFbx$_PreRotation","Static":0,"ActiveInHierarchy":1,"ActiveSelf":1,"isBoneRoot":0,"baseState":[1.0,0.0,0.0,0.0,0.0,1.0,0.0,0.0,0.0,0.0,1.0,0.0,0.0,0.0,0.0,1.0],"Navigable":0,"No Walkable":0,"openInHierarchy":1,"Components":[{"Type":0,"Enabled":1,"Position":[0.0,0.0,0.0],"Rotation":[0.0010917939944192768,0.9999994039535523,-4.371136341774218e-8,-4.7723828361379009e-11],"Euler":[179.99998474121095,-1.0937490024787167e-8,-179.8748779296875],"Scale":[1.0,1.0,1.0],"Global":[0.6297481656074524,1.3636216067425267e-7,0.7767993211746216,-123.58139038085938,9.313225746154786e-10,1.0,-1.7649074379733066e-7,373.9020080566406,-0.7767993211746216,1.1198143567980878e-7,0.6297482252120972,-9.78317643784976e-7,0.0,0.0,0.0,1.0]}]},{"UID":3829417276,"ParentUID":236158426,"Name":"joint2_$AssimpFbx$_Rotation","Static":0,"ActiveInHierarchy":1,"ActiveSelf":1,"isBoneRoot":0,"baseState":[1.0,0.0,0.0,0.0,0.0,1.0,0.0,0.0,0.0,0.0,1.0,0.0,0.0,0.0,0.0,1.0],"Navigable":0,"No Walkable":0,"openInHierarchy":1,"Components":[{"Type":0,"Enabled":1,"Position":[0.0,0.0,0.0],"Rotation":[0.0,-0.8373525738716126,0.0,0.5466632843017578],"Euler":[180.0,-66.27680206298828,180.0],"Scale":[1.0,1.0,1.0],"Global":[0.4578001797199249,1.3636216067425267e-7,-0.8890552520751953,-123.58139038085938,-1.6195193097701122e-7,1.0,7.015290748313419e-8,373.9020080566406,0.8890552520751953,1.1198143567980878e-7,0.45780014991760256,-9.78317643784976e-7,0.0,0.0,0.0,1.0]}]},{"UID":3923064051,"ParentUID":3829417276,"Name":"joint2","Static":0,"ActiveInHierarchy":1,"ActiveSelf":1,"isBoneRoot":0,"baseState":[1.0,0.0,0.0,0.0,0.0,1.0,0.0,0.0,0.0,0.0,1.0,0.0,0.0,0.0,0.0,1.0],"Navigable":0,"No Walkable":0,"openInHierarchy":1,"Components":[{"Type":0,"Enabled":1,"Position":[0.0,0.0,0.0],"Rotation":[0.0,0.0,0.0,1.0],"Euler":[-0.0,0.0,-0.0],"Scale":[1.0,1.0,1.0],"Global":[0.4578001797199249,1.3636216067425267e-7,-0.8890552520751953,-123.58139038085938,-1.6195193097701122e-7,1.0,7.015290748313419e-8,373.9020080566406,0.8890552520751953,1.1198143567980878e-7,0.45780014991760256,-9.78317643784976e-7,0.0,0.0,0.0,1.0]}]},{"UID":3123968601,"ParentUID":1817885764,"Name":"E01_valla1_metalPuerta1_$AssimpFbx$_RotationPivot","Static":0,"ActiveInHierarchy":1,"ActiveSelf":1,"isBoneRoot":0,"baseState":[1.0,0.0,0.0,0.0,0.0,1.0,0.0,0.0,0.0,0.0,1.0,0.0,0.0,0.0,0.0,1.0],"Navigable":0,"No Walkable":0,"openInHierarchy":0,"Components":[{"Type":0,"Enabled":1,"Position":[334.76678466796877,300.2297058105469,0.0],"Rotation":[0.0,0.0,0.0,1.0],"Euler":[-0.0,0.0,-0.0],"Scale":[1.0,1.0,1.0],"Global":[1.0,0.0,0.0,334.76678466796877,0.0,1.0,0.0,300.2297058105469,0.0,0.0,1.0,0.0,0.0,0.0,0.0,1.0]}]},{"UID":3915890109,"ParentUID":3123968601,"Name":"E01_valla1_metalPuerta1_$AssimpFbx$_RotationPivotInverse","Static":0,"ActiveInHierarchy":1,"ActiveSelf":1,"isBoneRoot":0,"baseState":[1.0,0.0,0.0,0.0,0.0,1.0,0.0,0.0,0.0,0.0,1.0,0.0,0.0,0.0,0.0,1.0],"Navigable":0,"No Walkable":0,"openInHierarchy":1,"Components":[{"Type":0,"Enabled":1,"Position":[-334.76678466796877,-300.2297058105469,-0.0],"Rotation":[0.0,0.0,0.0,1.0],"Euler":[-0.0,0.0,-0.0],"Scale":[1.0,1.0,1.0],"Global":[1.0,0.0,0.0,0.0,0.0,1.0,0.0,0.0,0.0,0.0,1.0,0.0,0.0,0.0,0.0,1.0]}]},{"UID":3280924381,"ParentUID":3915890109,"Name":"E01_valla1_metalPuerta1_$AssimpFbx$_ScalingPivot","Static":0,"ActiveInHierarchy":1,"ActiveSelf":1,"isBoneRoot":0,"baseState":[1.0,0.0,0.0,0.0,0.0,1.0,0.0,0.0,0.0,0.0,1.0,0.0,0.0,0.0,0.0,1.0],"Navigable":0,"No Walkable":0,"openInHierarchy":1,"Components":[{"Type":0,"Enabled":1,"Position":[334.76678466796877,300.2297058105469,0.0],"Rotation":[0.0,0.0,0.0,1.0],"Euler":[-0.0,0.0,-0.0],"Scale":[1.0,1.0,1.0],"Global":[1.0,0.0,0.0,334.76678466796877,0.0,1.0,0.0,300.2297058105469,0.0,0.0,1.0,0.0,0.0,0.0,0.0,1.0]}]},{"UID":494748203,"ParentUID":3280924381,"Name":"E01_valla1_metalPuerta1_$AssimpFbx$_ScalingPivotInverse","Static":0,"ActiveInHierarchy":1,"ActiveSelf":1,"isBoneRoot":0,"baseState":[1.0,0.0,0.0,0.0,0.0,1.0,0.0,0.0,0.0,0.0,1.0,0.0,0.0,0.0,0.0,1.0],"Navigable":0,"No Walkable":0,"openInHierarchy":1,"Components":[{"Type":0,"Enabled":1,"Position":[-334.76678466796877,-300.2297058105469,-0.0],"Rotation":[0.0,0.0,0.0,1.0],"Euler":[-0.0,0.0,-0.0],"Scale":[1.0,1.0,1.0],"Global":[1.0,0.0,0.0,0.0,0.0,1.0,0.0,0.0,0.0,0.0,1.0,0.0,0.0,0.0,0.0,1.0]}]},{"UID":1029260267,"ParentUID":494748203,"Name":"E01_valla1_metalPuerta1","Static":0,"ActiveInHierarchy":1,"ActiveSelf":1,"isBoneRoot":0,"baseState":[1.0,0.0,0.0,0.0,0.0,1.0,0.0,0.0,0.0,0.0,1.0,0.0,0.0,0.0,0.0,1.0],"Navigable":0,"No Walkable":0,"openInHierarchy":1,"Components":[{"Type":0,"Enabled":1,"Position":[0.0,0.0,0.0],"Rotation":[0.0,0.0,0.0,1.0],"Euler":[-0.0,0.0,-0.0],"Scale":[1.0,1.0,1.0],"Global":[1.0,0.0,0.0,0.0,0.0,1.0,0.0,0.0,0.0,0.0,1.0,0.0,0.0,0.0,0.0,1.0]}]},{"UID":2513820493,"ParentUID":1817885764,"Name":"mesh","Static":0,"ActiveInHierarchy":1,"ActiveSelf":1,"isBoneRoot":0,"baseState":[1.0,0.0,0.0,0.0,0.0,1.0,0.0,0.0,0.0,0.0,1.0,0.0,0.0,0.0,0.0,1.0],"Navigable":0,"No Walkable":0,"openInHierarchy":1,"Components":[{"Type":1,"Enabled":1,"meshUID":4128395257,"materialUID":2505547090,"castShadows":0,"useAlpha":0,"highlighted":0,"highlightColor":[1.0,1.0,1.0]},{"Type":0,"Enabled":1,"Position":[0.0,0.0,0.0],"Rotation":[0.0,0.0,0.0,1.0],"Euler":[-0.0,0.0,-0.0],"Scale":[1.0,1.0,1.0],"Global":[1.0,0.0,0.0,0.0,0.0,1.0,0.0,0.0,0.0,0.0,1.0,0.0,0.0,0.0,0.0,1.0]}]},{"UID":2512937527,"ParentUID":1817885764,"Name":"E01_valla1_metalPuerta_$AssimpFbx$_Translation","Static":0,"ActiveInHierarchy":1,"ActiveSelf":1,"isBoneRoot":0,"baseState":[1.0,0.0,0.0,0.0,0.0,1.0,0.0,0.0,0.0,0.0,1.0,0.0,0.0,0.0,0.0,1.0],"Navigable":0,"No Walkable":0,"openInHierarchy":0,"Components":[{"Type":0,"Enabled":1,"Position":[-17.395896911621095,0.0,0.0],"Rotation":[0.0,0.0,0.0,1.0],"Euler":[-0.0,0.0,-0.0],"Scale":[1.0,1.0,1.0],"Global":[1.0,0.0,0.0,-17.395896911621095,0.0,1.0,0.0,0.0,0.0,0.0,1.0,0.0,0.0,0.0,0.0,1.0]}]},{"UID":300825716,"ParentUID":2512937527,"Name":"E01_valla1_metalPuerta_$AssimpFbx$_RotationPivot","Static":0,"ActiveInHierarchy":1,"ActiveSelf":1,"isBoneRoot":0,"baseState":[1.0,0.0,0.0,0.0,0.0,1.0,0.0,0.0,0.0,0.0,1.0,0.0,0.0,0.0,0.0,1.0],"Navigable":0,"No Walkable":0,"openInHierarchy":1,"Components":[{"Type":0,"Enabled":1,"Position":[0.0,300.2297058105469,0.0],"Rotation":[0.0,0.0,0.0,1.0],"Euler":[-0.0,0.0,-0.0],"Scale":[1.0,1.0,1.0],"Global":[1.0,0.0,0.0,-17.395896911621095,0.0,1.0,0.0,300.2297058105469,0.0,0.0,1.0,0.0,0.0,0.0,0.0,1.0]}]},{"UID":223717153,"ParentUID":300825716,"Name":"E01_valla1_metalPuerta_$AssimpFbx$_RotationPivotInverse","Static":0,"ActiveInHierarchy":1,"ActiveSelf":1,"isBoneRoot":0,"baseState":[1.0,0.0,0.0,0.0,0.0,1.0,0.0,0.0,0.0,0.0,1.0,0.0,0.0,0.0,0.0,1.0],"Navigable":0,"No Walkable":0,"openInHierarchy":1,"Components":[{"Type":0,"Enabled":1,"Position":[-0.0,-300.2297058105469,-0.0],"Rotation":[0.0,0.0,0.0,1.0],"Euler":[-0.0,0.0,-0.0],"Scale":[1.0,1.0,1.0],"Global":[1.0,0.0,0.0,-17.395896911621095,0.0,1.0,0.0,0.0,0.0,0.0,1.0,0.0,0.0,0.0,0.0,1.0]}]},{"UID":1020854948,"ParentUID":223717153,"Name":"E01_valla1_metalPuerta_$AssimpFbx$_ScalingPivot","Static":0,"ActiveInHierarchy":1,"ActiveSelf":1,"isBoneRoot":0,"baseState":[1.0,0.0,0.0,0.0,0.0,1.0,0.0,0.0,0.0,0.0,1.0,0.0,0.0,0.0,0.0,1.0],"Navigable":0,"No Walkable":0,"openInHierarchy":1,"Components":[{"Type":0,"Enabled":1,"Position":[0.0,300.2297058105469,0.0],"Rotation":[0.0,0.0,0.0,1.0],"Euler":[-0.0,0.0,-0.0],"Scale":[1.0,1.0,1.0],"Global":[1.0,0.0,0.0,-17.395896911621095,0.0,1.0,0.0,300.2297058105469,0.0,0.0,1.0,0.0,0.0,0.0,0.0,1.0]}]},{"UID":4033934028,"ParentUID":1020854948,"Name":"E01_valla1_metalPuerta_$AssimpFbx$_ScalingPivotInverse","Static":0,"ActiveInHierarchy":1,"ActiveSelf":1,"isBoneRoot":0,"baseState":[1.0,0.0,0.0,0.0,0.0,1.0,0.0,0.0,0.0,0.0,1.0,0.0,0.0,0.0,0.0,1.0],"Navigable":0,"No Walkable":0,"openInHierarchy":1,"Components":[{"Type":0,"Enabled":1,"Position":[-0.0,-300.2297058105469,-0.0],"Rotation":[0.0,0.0,0.0,1.0],"Euler":[-0.0,0.0,-0.0],"Scale":[1.0,1.0,1.0],"Global":[1.0,0.0,0.0,-17.395896911621095,0.0,1.0,0.0,0.0,0.0,0.0,1.0,0.0,0.0,0.0,0.0,1.0]}]},{"UID":3867151791,"ParentUID":4033934028,"Name":"E01_valla1_metalPuerta","Static":0,"ActiveInHierarchy":1,"ActiveSelf":1,"isBoneRoot":0,"baseState":[1.0,0.0,0.0,0.0,0.0,1.0,0.0,0.0,0.0,0.0,1.0,0.0,0.0,0.0,0.0,1.0],"Navigable":0,"No Walkable":0,"openInHierarchy":1,"Components":[{"Type":0,"Enabled":1,"Position":[0.0,0.0,0.0],"Rotation":[0.0,0.0,0.0,1.0],"Euler":[-0.0,0.0,-0.0],"Scale":[1.0,1.0,1.0],"Global":[1.0,0.0,0.0,-17.395896911621095,0.0,1.0,0.0,0.0,0.0,0.0,1.0,0.0,0.0,0.0,0.0,1.0]}]},{"UID":1774871372,"ParentUID":1817885764,"Name":"mesh","Static":0,"ActiveInHierarchy":1,"ActiveSelf":1,"isBoneRoot":0,"baseState":[1.0,0.0,0.0,0.0,0.0,1.0,0.0,0.0,0.0,0.0,1.0,0.0,0.0,0.0,0.0,1.0],"Navigable":0,"No Walkable":0,"openInHierarchy":1,"Components":[{"Type":1,"Enabled":1,"meshUID":3496335317,"materialUID":2505547090,"castShadows":0,"useAlpha":0,"highlighted":0,"highlightColor":[1.0,1.0,1.0]},{"Type":0,"Enabled":1,"Position":[-17.395896911621095,0.0,0.0],"Rotation":[0.0,0.0,0.0,1.0],"Euler":[-0.0,0.0,-0.0],"Scale":[1.0,1.0,1.0],"Global":[1.0,0.0,0.0,-17.395896911621095,0.0,1.0,0.0,0.0,0.0,0.0,1.0,0.0,0.0,0.0,0.0,1.0]}]}]}