{"GameObjects":[{"UID":2938145022,"ParentUID":0,"Name":"Scene","Static":0,"ActiveInHierarchy":1,"ActiveSelf":1,"isBoneRoot":1,"baseState":[1.0,0.0,0.0,0.0,0.0,1.0,0.0,0.0,0.0,0.0,1.0,0.0,0.0,0.0,0.0,1.0],"Navigable":0,"Walkable":0,"No Walkable":0,"Components":[{"Type":0,"Enabled":1,"Position":[0.0,0.0,0.0],"Rotation":[0.0,0.0,0.0,1.0],"Euler":[-0.0,0.0,-0.0],"Scale":[1.0,1.0,1.0],"Global":[1.0,0.0,0.0,0.0,0.0,1.0,0.0,0.0,0.0,0.0,1.0,0.0,0.0,0.0,0.0,1.0]},{"Type":4,"Enabled":1,"animUID":523341132,"stateMachineUID":0}]},{"UID":953771295,"ParentUID":2938145022,"Name":"Player_$AssimpFbx$_Translation","Static":0,"ActiveInHierarchy":1,"ActiveSelf":1,"isBoneRoot":0,"baseState":[1.0,0.0,0.0,0.0,0.0,1.0,0.0,0.0,0.0,0.0,1.0,0.0,0.0,0.0,0.0,1.0],"Navigable":0,"Walkable":0,"No Walkable":0,"Components":[{"Type":0,"Enabled":1,"Position":[0.0,0.028208956122398378,0.0],"Rotation":[0.0,0.0,0.0,1.0],"Euler":[-0.0,0.0,-0.0],"Scale":[1.0,1.0,1.0],"Global":[1.0,0.0,0.0,0.0,0.0,1.0,0.0,0.028208956122398378,0.0,0.0,1.0,0.0,0.0,0.0,0.0,1.0]}]},{"UID":1557002270,"ParentUID":953771295,"Name":"Player_$AssimpFbx$_RotationPivot","Static":0,"ActiveInHierarchy":1,"ActiveSelf":1,"isBoneRoot":0,"baseState":[1.0,0.0,0.0,0.0,0.0,1.0,0.0,0.0,0.0,0.0,1.0,0.0,0.0,0.0,0.0,1.0],"Navigable":0,"Walkable":0,"No Walkable":0,"Components":[{"Type":0,"Enabled":1,"Position":[0.0,-0.02884424477815628,0.0],"Rotation":[0.0,0.0,0.0,1.0],"Euler":[-0.0,0.0,-0.0],"Scale":[1.0,1.0,1.0],"Global":[1.0,0.0,0.0,0.0,0.0,1.0,0.0,-0.000635288655757904,0.0,0.0,1.0,0.0,0.0,0.0,0.0,1.0]}]},{"UID":4121359755,"ParentUID":1557002270,"Name":"Player_$AssimpFbx$_RotationPivotInverse","Static":0,"ActiveInHierarchy":1,"ActiveSelf":1,"isBoneRoot":0,"baseState":[1.0,0.0,0.0,0.0,0.0,1.0,0.0,0.0,0.0,0.0,1.0,0.0,0.0,0.0,0.0,1.0],"Navigable":0,"Walkable":0,"No Walkable":0,"Components":[{"Type":0,"Enabled":1,"Position":[-0.0,0.02884424477815628,-0.0],"Rotation":[0.0,0.0,0.0,1.0],"Euler":[-0.0,0.0,-0.0],"Scale":[1.0,1.0,1.0],"Global":[1.0,0.0,0.0,0.0,0.0,1.0,0.0,0.028208956122398378,0.0,0.0,1.0,0.0,0.0,0.0,0.0,1.0]}]},{"UID":824011343,"ParentUID":4121359755,"Name":"Player_$AssimpFbx$_ScalingPivot","Static":0,"ActiveInHierarchy":1,"ActiveSelf":1,"isBoneRoot":0,"baseState":[1.0,0.0,0.0,0.0,0.0,1.0,0.0,0.0,0.0,0.0,1.0,0.0,0.0,0.0,0.0,1.0],"Navigable":0,"Walkable":0,"No Walkable":0,"Components":[{"Type":0,"Enabled":1,"Position":[0.0,-0.02884424477815628,0.0],"Rotation":[0.0,0.0,0.0,1.0],"Euler":[-0.0,0.0,-0.0],"Scale":[1.0,1.0,1.0],"Global":[1.0,0.0,0.0,0.0,0.0,1.0,0.0,-0.000635288655757904,0.0,0.0,1.0,0.0,0.0,0.0,0.0,1.0]}]},{"UID":2284621580,"ParentUID":824011343,"Name":"Player_$AssimpFbx$_ScalingPivotInverse","Static":0,"ActiveInHierarchy":1,"ActiveSelf":1,"isBoneRoot":0,"baseState":[1.0,0.0,0.0,0.0,0.0,1.0,0.0,0.0,0.0,0.0,1.0,0.0,0.0,0.0,0.0,1.0],"Navigable":0,"Walkable":0,"No Walkable":0,"Components":[{"Type":0,"Enabled":1,"Position":[-0.0,0.02884424477815628,-0.0],"Rotation":[0.0,0.0,0.0,1.0],"Euler":[-0.0,0.0,-0.0],"Scale":[1.0,1.0,1.0],"Global":[1.0,0.0,0.0,0.0,0.0,1.0,0.0,0.028208956122398378,0.0,0.0,1.0,0.0,0.0,0.0,0.0,1.0]}]},{"UID":2447377819,"ParentUID":2284621580,"Name":"Player","Static":0,"ActiveInHierarchy":1,"ActiveSelf":1,"isBoneRoot":0,"baseState":[1.0,0.0,0.0,0.0,0.0,1.0,0.0,0.0,0.0,0.0,1.0,0.0,0.0,0.0,0.0,1.0],"Navigable":0,"Walkable":0,"No Walkable":0,"Components":[{"Type":0,"Enabled":1,"Position":[0.0,0.0,0.0],"Rotation":[0.0,0.0,0.0,1.0],"Euler":[-0.0,0.0,-0.0],"Scale":[1.0,1.0,1.0],"Global":[1.0,0.0,0.0,0.0,0.0,1.0,0.0,0.028208956122398378,0.0,0.0,1.0,0.0,0.0,0.0,0.0,1.0]}]},{"UID":3542760787,"ParentUID":2938145022,"Name":"mesh","Static":0,"ActiveInHierarchy":1,"ActiveSelf":1,"isBoneRoot":0,"baseState":[1.0,0.0,0.0,0.0,0.0,1.0,0.0,0.0,0.0,0.0,1.0,0.0,0.0,0.0,0.0,1.0],"Navigable":0,"Walkable":0,"No Walkable":0,"Components":[{"Type":1,"Enabled":1,"meshUID":3010146849,"materialFile":"Default","castShadows":0,"useAlpha":0},{"Type":0,"Enabled":1,"Position":[0.0,0.028208956122398378,0.0],"Rotation":[0.0,0.0,0.0,1.0],"Euler":[-0.0,0.0,-0.0],"Scale":[1.0,1.0,1.0],"Global":[1.0,0.0,0.0,0.0,0.0,1.0,0.0,0.0,0.0,0.0,1.0,0.0,0.0,0.0,0.0,1.0]}]},{"UID":2091006739,"ParentUID":2938145022,"Name":"PlayerCtrl_$AssimpFbx$_RotationPivot","Static":0,"ActiveInHierarchy":1,"ActiveSelf":1,"isBoneRoot":0,"baseState":[1.0,0.0,0.0,0.0,0.0,1.0,0.0,0.0,0.0,0.0,1.0,0.0,0.0,0.0,0.0,1.0],"Navigable":0,"Walkable":0,"No Walkable":0,"Components":[{"Type":0,"Enabled":1,"Position":[-2.0,0.0,0.0],"Rotation":[0.0,0.0,0.0,1.0],"Euler":[-0.0,0.0,-0.0],"Scale":[1.0,1.0,1.0],"Global":[1.0,0.0,0.0,-2.0,0.0,1.0,0.0,0.0,0.0,0.0,1.0,0.0,0.0,0.0,0.0,1.0]}]},{"UID":78232224,"ParentUID":2091006739,"Name":"PlayerCtrl_$AssimpFbx$_RotationPivotInverse","Static":0,"ActiveInHierarchy":1,"ActiveSelf":1,"isBoneRoot":0,"baseState":[1.0,0.0,0.0,0.0,0.0,1.0,0.0,0.0,0.0,0.0,1.0,0.0,0.0,0.0,0.0,1.0],"Navigable":0,"Walkable":0,"No Walkable":0,"Components":[{"Type":0,"Enabled":1,"Position":[2.0,-0.0,-0.0],"Rotation":[0.0,0.0,0.0,1.0],"Euler":[-0.0,0.0,-0.0],"Scale":[1.0,1.0,1.0],"Global":[1.0,0.0,0.0,0.0,0.0,1.0,0.0,0.0,0.0,0.0,1.0,0.0,0.0,0.0,0.0,1.0]}]},{"UID":4139440172,"ParentUID":78232224,"Name":"PlayerCtrl_$AssimpFbx$_ScalingPivot","Static":0,"ActiveInHierarchy":1,"ActiveSelf":1,"isBoneRoot":0,"baseState":[1.0,0.0,0.0,0.0,0.0,1.0,0.0,0.0,0.0,0.0,1.0,0.0,0.0,0.0,0.0,1.0],"Navigable":0,"Walkable":0,"No Walkable":0,"Components":[{"Type":0,"Enabled":1,"Position":[-2.0,0.0,0.0],"Rotation":[0.0,0.0,0.0,1.0],"Euler":[-0.0,0.0,-0.0],"Scale":[1.0,1.0,1.0],"Global":[1.0,0.0,0.0,-2.0,0.0,1.0,0.0,0.0,0.0,0.0,1.0,0.0,0.0,0.0,0.0,1.0]}]},{"UID":1714013241,"ParentUID":4139440172,"Name":"PlayerCtrl_$AssimpFbx$_ScalingPivotInverse","Static":0,"ActiveInHierarchy":1,"ActiveSelf":1,"isBoneRoot":0,"baseState":[1.0,0.0,0.0,0.0,0.0,1.0,0.0,0.0,0.0,0.0,1.0,0.0,0.0,0.0,0.0,1.0],"Navigable":0,"Walkable":0,"No Walkable":0,"Components":[{"Type":0,"Enabled":1,"Position":[2.0,-0.0,-0.0],"Rotation":[0.0,0.0,0.0,1.0],"Euler":[-0.0,0.0,-0.0],"Scale":[1.0,1.0,1.0],"Global":[1.0,0.0,0.0,0.0,0.0,1.0,0.0,0.0,0.0,0.0,1.0,0.0,0.0,0.0,0.0,1.0]}]},{"UID":539345937,"ParentUID":1714013241,"Name":"PlayerCtrl","Static":0,"ActiveInHierarchy":1,"ActiveSelf":1,"isBoneRoot":0,"baseState":[1.0,0.0,0.0,0.0,0.0,1.0,0.0,0.0,0.0,0.0,1.0,0.0,0.0,0.0,0.0,1.0],"Navigable":0,"Walkable":0,"No Walkable":0,"Components":[{"Type":0,"Enabled":1,"Position":[0.0,0.0,0.0],"Rotation":[0.0,0.0,0.0,1.0],"Euler":[-0.0,0.0,-0.0],"Scale":[1.0,1.0,1.0],"Global":[1.0,0.0,0.0,0.0,0.0,1.0,0.0,0.0,0.0,0.0,1.0,0.0,0.0,0.0,0.0,1.0]}]},{"UID":457059319,"ParentUID":539345937,"Name":"Ctrl_Grp","Static":0,"ActiveInHierarchy":1,"ActiveSelf":1,"isBoneRoot":0,"baseState":[1.0,0.0,0.0,0.0,0.0,1.0,0.0,0.0,0.0,0.0,1.0,0.0,0.0,0.0,0.0,1.0],"Navigable":0,"Walkable":0,"No Walkable":0,"Components":[{"Type":0,"Enabled":1,"Position":[0.0,0.0,0.0],"Rotation":[0.0,0.0,0.0,1.0],"Euler":[-0.0,0.0,-0.0],"Scale":[1.0,1.0,1.0],"Global":[1.0,0.0,0.0,0.0,0.0,1.0,0.0,0.0,0.0,0.0,1.0,0.0,0.0,0.0,0.0,1.0]}]},{"UID":1544926688,"ParentUID":457059319,"Name":"Gun_$AssimpFbx$_Translation","Static":0,"ActiveInHierarchy":1,"ActiveSelf":1,"isBoneRoot":0,"baseState":[1.0,0.0,0.0,0.0,0.0,1.0,0.0,0.0,0.0,0.0,1.0,0.0,0.0,0.0,0.0,1.0],"Navigable":0,"Walkable":0,"No Walkable":0,"Components":[{"Type":0,"Enabled":1,"Position":[-40.25261688232422,26.91025733947754,-18.04804039001465],"Rotation":[0.0,0.0,0.0,1.0],"Euler":[-0.0,0.0,-0.0],"Scale":[1.0,1.0,1.0],"Global":[1.0,0.0,0.0,-40.25261688232422,0.0,1.0,0.0,26.91025733947754,0.0,0.0,1.0,-18.04804039001465,0.0,0.0,0.0,1.0]}]},{"UID":2857537353,"ParentUID":1544926688,"Name":"Gun_$AssimpFbx$_PreRotation","Static":0,"ActiveInHierarchy":1,"ActiveSelf":1,"isBoneRoot":0,"baseState":[1.0,0.0,0.0,0.0,0.0,1.0,0.0,0.0,0.0,0.0,1.0,0.0,0.0,0.0,0.0,1.0],"Navigable":0,"Walkable":0,"No Walkable":0,"Components":[{"Type":0,"Enabled":1,"Position":[0.0,0.0,0.0],"Rotation":[0.4482978880405426,-0.4482978582382202,0.5468354821205139,0.5468354225158691],"Euler":[78.6900634765625,0.000005122641596244648,90.0],"Scale":[1.0,1.0,1.0],"Global":[-8.572506260406954e-9,-1.0,4.2862541960175807e-8,-40.25261688232422,0.19611608982086183,-4.371138828673793e-8,-0.9805806875228882,26.91025733947754,0.9805806875228882,0.0,0.19611608982086183,-18.04804039001465,0.0,0.0,0.0,1.0]}]},{"UID":695750710,"ParentUID":2857537353,"Name":"Gun_$AssimpFbx$_Rotation","Static":0,"ActiveInHierarchy":1,"ActiveSelf":1,"isBoneRoot":0,"baseState":[1.0,0.0,0.0,0.0,0.0,1.0,0.0,0.0,0.0,0.0,1.0,0.0,0.0,0.0,0.0,1.0],"Navigable":0,"Walkable":0,"No Walkable":0,"Components":[{"Type":0,"Enabled":1,"Position":[0.0,0.0,0.0],"Rotation":[0.0,0.0,0.0,1.0],"Euler":[-0.0,0.0,-0.0],"Scale":[1.0,1.0,1.0],"Global":[-8.572506260406954e-9,-1.0,4.2862541960175807e-8,-40.25261688232422,0.19611608982086183,-4.371138828673793e-8,-0.9805806875228882,26.91025733947754,0.9805806875228882,0.0,0.19611608982086183,-18.04804039001465,0.0,0.0,0.0,1.0]}]},{"UID":433907811,"ParentUID":695750710,"Name":"Gun","Static":0,"ActiveInHierarchy":1,"ActiveSelf":1,"isBoneRoot":0,"baseState":[1.0,0.0,0.0,0.0,0.0,1.0,0.0,0.0,0.0,0.0,1.0,0.0,0.0,0.0,0.0,1.0],"Navigable":0,"Walkable":0,"No Walkable":0,"Components":[{"Type":0,"Enabled":1,"Position":[0.0,0.0,0.0],"Rotation":[0.0,0.0,0.0,1.0],"Euler":[-0.0,0.0,-0.0],"Scale":[1.0,1.0,1.0],"Global":[-8.572506260406954e-9,-1.0,4.2862541960175807e-8,-40.25261688232422,0.19611608982086183,-4.371138828673793e-8,-0.9805806875228882,26.91025733947754,0.9805806875228882,0.0,0.19611608982086183,-18.04804039001465,0.0,0.0,0.0,1.0]}]},{"UID":2679676105,"ParentUID":433907811,"Name":"GunBarrelStretch_$AssimpFbx$_Translation","Static":0,"ActiveInHierarchy":1,"ActiveSelf":1,"isBoneRoot":0,"baseState":[1.0,0.0,0.0,0.0,0.0,1.0,0.0,0.0,0.0,0.0,1.0,0.0,0.0,0.0,0.0,1.0],"Navigable":0,"Walkable":0,"No Walkable":0,"Components":[{"Type":0,"Enabled":1,"Position":[29.340702056884767,-0.0000019073459043283947,2.0117011070251467],"Rotation":[0.0,0.0,0.0,1.0],"Euler":[-0.0,0.0,-0.0],"Scale":[1.0,1.0,1.0],"Global":[-8.572506260406954e-9,-1.0,4.2862541960175807e-8,-40.25261688232422,0.19611608982086183,-4.371138828673793e-8,-0.9805806875228882,30.69180679321289,0.9805806875228882,0.0,0.19611608982086183,11.117412567138672,0.0,0.0,0.0,1.0]}]},{"UID":1861727479,"ParentUID":2679676105,"Name":"GunBarrelStretch_$AssimpFbx$_PreRotation","Static":0,"ActiveInHierarchy":1,"ActiveSelf":1,"isBoneRoot":0,"baseState":[1.0,0.0,0.0,0.0,0.0,1.0,0.0,0.0,0.0,0.0,1.0,0.0,0.0,0.0,0.0,1.0],"Navigable":0,"Walkable":0,"No Walkable":0,"Components":[{"Type":0,"Enabled":1,"Position":[0.0,0.0,0.0],"Rotation":[0.0,0.6339218616485596,0.0,0.7733970880508423],"Euler":[-0.0,78.68013000488281,-0.0],"Scale":[1.0,1.0,1.0],"Global":[-4.371138828673793e-8,-1.0,7.582379168979969e-12,-40.25261688232422,1.0,-4.371138828673793e-8,-0.00017344951629638672,30.69180679321289,0.00017344951629638672,0.0,1.0,11.117412567138672,0.0,0.0,0.0,1.0]}]},{"UID":209048655,"ParentUID":1861727479,"Name":"GunBarrelStretch_$AssimpFbx$_Rotation","Static":0,"ActiveInHierarchy":1,"ActiveSelf":1,"isBoneRoot":0,"baseState":[1.0,0.0,0.0,0.0,0.0,1.0,0.0,0.0,0.0,0.0,1.0,0.0,0.0,0.0,0.0,1.0],"Navigable":0,"Walkable":0,"No Walkable":0,"Components":[{"Type":0,"Enabled":1,"Position":[0.0,0.0,0.0],"Rotation":[0.0,0.0,0.0,1.0],"Euler":[-0.0,0.0,-0.0],"Scale":[1.0,1.0,1.0],"Global":[-4.371138828673793e-8,-1.0,7.582379168979969e-12,-40.25261688232422,1.0,-4.371138828673793e-8,-0.00017344951629638672,30.69180679321289,0.00017344951629638672,0.0,1.0,11.117412567138672,0.0,0.0,0.0,1.0]}]},{"UID":2077604961,"ParentUID":209048655,"Name":"GunBarrelStretch","Static":0,"ActiveInHierarchy":1,"ActiveSelf":1,"isBoneRoot":0,"baseState":[1.0,0.0,0.0,0.0,0.0,1.0,0.0,0.0,0.0,0.0,1.0,0.0,0.0,0.0,0.0,1.0],"Navigable":0,"Walkable":0,"No Walkable":0,"Components":[{"Type":0,"Enabled":1,"Position":[0.0,0.0,0.0],"Rotation":[0.0,0.0,0.0,1.0],"Euler":[-0.0,0.0,-0.0],"Scale":[1.0,1.0,1.0],"Global":[-4.371138828673793e-8,-1.0,7.582379168979969e-12,-40.25261688232422,1.0,-4.371138828673793e-8,-0.00017344951629638672,30.69180679321289,0.00017344951629638672,0.0,1.0,11.117412567138672,0.0,0.0,0.0,1.0]}]},{"UID":2751016675,"ParentUID":2077604961,"Name":"GunBarrelEnd_$AssimpFbx$_Translation","Static":0,"ActiveInHierarchy":1,"ActiveSelf":1,"isBoneRoot":0,"baseState":[1.0,0.0,0.0,0.0,0.0,1.0,0.0,0.0,0.0,0.0,1.0,0.0,0.0,0.0,0.0,1.0],"Navigable":0,"Walkable":0,"No Walkable":0,"Components":[{"Type":0,"Enabled":1,"Position":[2.1316282072803007e-14,-2.7817748105007922e-12,63.14011001586914],"Rotation":[0.0,0.0,0.0,1.0],"Euler":[-0.0,0.0,-0.0],"Scale":[1.0,1.0,1.0],"Global":[-4.371138828673793e-8,-1.0,7.582379168979969e-12,-40.25261688232422,1.0,-4.371138828673793e-8,-0.00017344951629638672,30.68085479736328,0.00017344951629638672,0.0,1.0,74.25752258300781,0.0,0.0,0.0,1.0]}]},{"UID":3633300510,"ParentUID":2751016675,"Name":"GunBarrelEnd_$AssimpFbx$_PreRotation","Static":0,"ActiveInHierarchy":1,"ActiveSelf":1,"isBoneRoot":0,"baseState":[1.0,0.0,0.0,0.0,0.0,1.0,0.0,0.0,0.0,0.0,1.0,0.0,0.0,0.0,0.0,1.0],"Navigable":0,"Walkable":0,"No Walkable":0,"Components":[{"Type":0,"Enabled":1,"Position":[0.0,0.0,0.0],"Rotation":[-0.00006129914982011542,0.00006129915709607303,-0.7071068286895752,0.7071068286895752],"Euler":[4.168816403193887e-10,0.009933952242136002,-90.00000762939453],"Scale":[1.0,1.0,1.0],"Global":[1.0,-1.3146342035333663e-15,7.582379168979969e-12,-40.25261688232422,0.0,1.0,-6.933987606316805e-8,30.68085479736328,-7.58171910669736e-12,6.933987606316805e-8,1.0,74.25752258300781,0.0,0.0,0.0,1.0]}]},{"UID":2423959549,"ParentUID":3633300510,"Name":"GunBarrelEnd","Static":0,"ActiveInHierarchy":1,"ActiveSelf":1,"isBoneRoot":0,"baseState":[1.0,0.0,0.0,0.0,0.0,1.0,0.0,0.0,0.0,0.0,1.0,0.0,0.0,0.0,0.0,1.0],"Navigable":0,"Walkable":0,"No Walkable":0,"Components":[{"Type":0,"Enabled":1,"Position":[0.0,0.0,0.0],"Rotation":[0.0,0.0,0.0,1.0],"Euler":[-0.0,0.0,-0.0],"Scale":[1.0,1.0,1.0],"Global":[1.0,-1.3146342035333663e-15,7.582379168979969e-12,-40.25261688232422,0.0,1.0,-6.933987606316805e-8,30.68085479736328,-7.58171910669736e-12,6.933987606316805e-8,1.0,74.25752258300781,0.0,0.0,0.0,1.0]}]},{"UID":1846719531,"ParentUID":539345937,"Name":"Root","Static":0,"ActiveInHierarchy":1,"ActiveSelf":1,"isBoneRoot":0,"baseState":[1.0,0.0,0.0,0.0,0.0,1.0,0.0,0.0,0.0,0.0,1.0,0.0,0.0,0.0,0.0,1.0],"Navigable":0,"Walkable":0,"No Walkable":0,"Components":[{"Type":0,"Enabled":1,"Position":[0.0,0.0,0.0],"Rotation":[0.0,0.0,0.0,1.0],"Euler":[-0.0,0.0,-0.0],"Scale":[1.0,1.0,1.0],"Global":[1.0,0.0,0.0,0.0,0.0,1.0,0.0,0.0,0.0,0.0,1.0,0.0,0.0,0.0,0.0,1.0]}]},{"UID":2297915970,"ParentUID":1846719531,"Name":"Hips_$AssimpFbx$_Translation","Static":0,"ActiveInHierarchy":1,"ActiveSelf":1,"isBoneRoot":0,"baseState":[1.0,0.0,0.0,0.0,0.0,1.0,0.0,0.0,0.0,0.0,1.0,0.0,0.0,0.0,0.0,1.0],"Navigable":0,"Walkable":0,"No Walkable":0,"Components":[{"Type":0,"Enabled":1,"Position":[-13.460859298706055,16.36138153076172,-4.540376663208008],"Rotation":[0.0,0.0,0.0,1.0],"Euler":[-0.0,0.0,-0.0],"Scale":[1.0,1.0,1.0],"Global":[1.0,0.0,0.0,-13.460859298706055,0.0,1.0,0.0,16.36138153076172,0.0,0.0,1.0,-4.540376663208008,0.0,0.0,0.0,1.0]}]},{"UID":506404232,"ParentUID":2297915970,"Name":"Hips_$AssimpFbx$_PreRotation","Static":0,"ActiveInHierarchy":1,"ActiveSelf":1,"isBoneRoot":0,"baseState":[1.0,0.0,0.0,0.0,0.0,1.0,0.0,0.0,0.0,0.0,1.0,0.0,0.0,0.0,0.0,1.0],"Navigable":0,"Walkable":0,"No Walkable":0,"Components":[{"Type":0,"Enabled":1,"Position":[0.0,0.0,0.0],"Rotation":[-0.6859511137008667,0.0,0.0,0.7276476621627808],"Euler":[-86.62089538574219,0.0,0.0],"Scale":[1.0,1.0,1.0],"Global":[1.0,0.0,0.0,-13.460859298706055,0.0,0.05894230306148529,0.9982613921165466,16.36138153076172,0.0,-0.9982613921165466,0.05894230306148529,-4.540376663208008,0.0,0.0,0.0,1.0]}]},{"UID":1209423146,"ParentUID":506404232,"Name":"Hips_$AssimpFbx$_Rotation","Static":0,"ActiveInHierarchy":1,"ActiveSelf":1,"isBoneRoot":0,"baseState":[1.0,0.0,0.0,0.0,0.0,1.0,0.0,0.0,0.0,0.0,1.0,0.0,0.0,0.0,0.0,1.0],"Navigable":0,"Walkable":0,"No Walkable":0,"Components":[{"Type":0,"Enabled":1,"Position":[0.0,0.0,0.0],"Rotation":[0.0,0.0,0.0,1.0],"Euler":[-0.0,0.0,-0.0],"Scale":[1.0,1.0,1.0],"Global":[1.0,0.0,0.0,-13.460859298706055,0.0,0.05894230306148529,0.9982613921165466,16.36138153076172,0.0,-0.9982613921165466,0.05894230306148529,-4.540376663208008,0.0,0.0,0.0,1.0]}]},{"UID":2920744486,"ParentUID":1209423146,"Name":"Hips","Static":0,"ActiveInHierarchy":1,"ActiveSelf":1,"isBoneRoot":0,"baseState":[1.0,0.0,0.0,0.0,0.0,1.0,0.0,0.0,0.0,0.0,1.0,0.0,0.0,0.0,0.0,1.0],"Navigable":0,"Walkable":0,"No Walkable":0,"Components":[{"Type":0,"Enabled":1,"Position":[0.0,0.0,0.0],"Rotation":[0.0,0.0,0.0,1.0],"Euler":[-0.0,0.0,-0.0],"Scale":[1.0,1.0,1.0],"Global":[1.0,0.0,0.0,-13.460859298706055,0.0,0.05894230306148529,0.9982613921165466,16.36138153076172,0.0,-0.9982613921165466,0.05894230306148529,-4.540376663208008,0.0,0.0,0.0,1.0]}]},{"UID":571705001,"ParentUID":2920744486,"Name":"Tail1_$AssimpFbx$_Translation","Static":0,"ActiveInHierarchy":1,"ActiveSelf":1,"isBoneRoot":0,"baseState":[1.0,0.0,0.0,0.0,0.0,1.0,0.0,0.0,0.0,0.0,1.0,0.0,0.0,0.0,0.0,1.0],"Navigable":0,"Walkable":0,"No Walkable":0,"Components":[{"Type":0,"Enabled":1,"Position":[0.09591574221849442,13.50897216796875,3.4315316677093508],"Rotation":[0.0,0.0,0.0,1.0],"Euler":[-0.0,0.0,-0.0],"Scale":[1.0,1.0,1.0],"Global":[1.0,0.0,0.0,-13.364943504333496,0.0,0.05894230306148529,0.9982613921165466,20.58319664001465,0.0,-0.9982613921165466,0.05894230306148529,-17.82360076904297,0.0,0.0,0.0,1.0]}]},{"UID":3002640957,"ParentUID":571705001,"Name":"Tail1_$AssimpFbx$_PreRotation","Static":0,"ActiveInHierarchy":1,"ActiveSelf":1,"isBoneRoot":0,"baseState":[1.0,0.0,0.0,0.0,0.0,1.0,0.0,0.0,0.0,0.0,1.0,0.0,0.0,0.0,0.0,1.0],"Navigable":0,"Walkable":0,"No Walkable":0,"Components":[{"Type":0,"Enabled":1,"Position":[0.0,0.0,0.0],"Rotation":[0.90977543592453,0.0017177591798827053,-0.003764995140954852,-0.4150802195072174],"Euler":[-130.9508056640625,-0.47422054409980776,-1.3340670790285003e-8],"Scale":[1.0,0.9999999403953552,0.9999999403953552],"Global":[0.9999657273292542,9.313225746154786e-10,-0.008276615291833878,-13.364943504333496,-0.005046698730438948,-0.7925906777381897,-0.6097331047058106,20.58319664001465,-0.006559968926012516,0.6097539663314819,-0.7925635576248169,-17.82360076904297,0.0,0.0,0.0,1.0]}]},{"UID":3559922813,"ParentUID":3002640957,"Name":"Tail1_$AssimpFbx$_Rotation","Static":0,"ActiveInHierarchy":1,"ActiveSelf":1,"isBoneRoot":0,"baseState":[1.0,0.0,0.0,0.0,0.0,1.0,0.0,0.0,0.0,0.0,1.0,0.0,0.0,0.0,0.0,1.0],"Navigable":0,"Walkable":0,"No Walkable":0,"Components":[{"Type":0,"Enabled":1,"Position":[0.0,0.0,0.0],"Rotation":[0.1715678572654724,0.0020388246048241855,0.0010709846392273903,0.9851696491241455],"Euler":[19.757854461669923,0.2512238025665283,0.08082278072834015],"Scale":[0.9999999403953552,0.9999999403953552,1.0],"Global":[0.9999853372573853,-0.004208480007946491,-0.00340477516874671,-13.364943504333496,-0.005048331338912249,-0.9520421624183655,-0.3059251606464386,20.58319664001465,-0.0019540097564458849,0.30593785643577578,-0.9520493745803833,-17.82360076904297,0.0,0.0,0.0,1.0]}]},{"UID":2234474807,"ParentUID":3559922813,"Name":"Tail1","Static":0,"ActiveInHierarchy":1,"ActiveSelf":1,"isBoneRoot":0,"baseState":[1.0,0.0,0.0,0.0,0.0,1.0,0.0,0.0,0.0,0.0,1.0,0.0,0.0,0.0,0.0,1.0],"Navigable":0,"Walkable":0,"No Walkable":0,"Components":[{"Type":0,"Enabled":1,"Position":[0.0,0.0,0.0],"Rotation":[0.0,0.0,0.0,1.0],"Euler":[-0.0,0.0,-0.0],"Scale":[1.0,1.0,1.0],"Global":[0.9999853372573853,-0.004208480007946491,-0.00340477516874671,-13.364943504333496,-0.005048331338912249,-0.9520421624183655,-0.3059251606464386,20.58319664001465,-0.0019540097564458849,0.30593785643577578,-0.9520493745803833,-17.82360076904297,0.0,0.0,0.0,1.0]}]},{"UID":3403735909,"ParentUID":2234474807,"Name":"Tail2_$AssimpFbx$_Translation","Static":0,"ActiveInHierarchy":1,"ActiveSelf":1,"isBoneRoot":0,"baseState":[1.0,0.0,0.0,0.0,0.0,1.0,0.0,0.0,0.0,0.0,1.0,0.0,0.0,0.0,0.0,1.0],"Navigable":0,"Walkable":0,"No Walkable":0,"Components":[{"Type":0,"Enabled":1,"Position":[-2.2032933235168459,10.826773643493653,7.460284233093262],"Rotation":[0.0,0.0,0.0,1.0],"Euler":[-0.0,0.0,-0.0],"Scale":[1.0,1.0,1.0],"Global":[0.9999853372573853,-0.004208480007946491,-0.00340477516874671,-15.639169692993164,-0.005048331338912249,-0.9520421624183655,-0.3059251606464386,8.004486083984375,-0.0019540097564458849,0.30593785643577578,-0.9520493745803833,-21.609535217285158,0.0,0.0,0.0,1.0]}]},{"UID":2383268546,"ParentUID":3403735909,"Name":"Tail2_$AssimpFbx$_PreRotation","Static":0,"ActiveInHierarchy":1,"ActiveSelf":1,"isBoneRoot":0,"baseState":[1.0,0.0,0.0,0.0,0.0,1.0,0.0,0.0,0.0,0.0,1.0,0.0,0.0,0.0,0.0,1.0],"Navigable":0,"Walkable":0,"No Walkable":0,"Components":[{"Type":0,"Enabled":1,"Position":[0.0,0.0,0.0],"Rotation":[0.27228251099586489,0.0039819832891225819,-0.0011268079979345203,0.9622084498405457],"Euler":[31.601423263549806,0.4039027988910675,-0.24849286675453187],"Scale":[0.9999999403953552,1.0,0.9999999403953552],"Global":[0.9999792575836182,-0.0010316427797079087,0.006354666780680418,-15.639169692993164,-0.0025161332450807096,-0.9711945056915283,0.23827454447746278,8.004486083984375,0.005925803445279598,-0.23828554153442384,-0.9711769223213196,-21.609535217285158,0.0,0.0,0.0,1.0]}]},{"UID":2480343464,"ParentUID":2383268546,"Name":"Tail2_$AssimpFbx$_Rotation","Static":0,"ActiveInHierarchy":1,"ActiveSelf":1,"isBoneRoot":0,"baseState":[1.0,0.0,0.0,0.0,0.0,1.0,0.0,0.0,0.0,0.0,1.0,0.0,0.0,0.0,0.0,1.0],"Navigable":0,"Walkable":0,"No Walkable":0,"Components":[{"Type":0,"Enabled":1,"Position":[0.0,0.0,0.0],"Rotation":[-0.27229100465774538,-0.004526485223323107,-0.0010878689354285598,0.9622036814689636],"Euler":[-31.602689743041993,-0.465153306722641,-0.2611949145793915],"Scale":[1.0,1.0,1.0],"Global":[0.999994695186615,0.000350011745467782,-0.003246682696044445,-15.639169692993164,-0.000660137040540576,-0.9520435929298401,-0.305961549282074,8.004486083984375,-0.003198071848601103,0.30596214532852175,-0.9520382285118103,-21.609535217285158,0.0,0.0,0.0,1.0]}]},{"UID":807831978,"ParentUID":2480343464,"Name":"Tail2","Static":0,"ActiveInHierarchy":1,"ActiveSelf":1,"isBoneRoot":0,"baseState":[1.0,0.0,0.0,0.0,0.0,1.0,0.0,0.0,0.0,0.0,1.0,0.0,0.0,0.0,0.0,1.0],"Navigable":0,"Walkable":0,"No Walkable":0,"Components":[{"Type":0,"Enabled":1,"Position":[0.0,0.0,0.0],"Rotation":[0.0,0.0,0.0,1.0],"Euler":[-0.0,0.0,-0.0],"Scale":[1.0,1.0,1.0],"Global":[0.999994695186615,0.000350011745467782,-0.003246682696044445,-15.639169692993164,-0.000660137040540576,-0.9520435929298401,-0.305961549282074,8.004486083984375,-0.003198071848601103,0.30596214532852175,-0.9520382285118103,-21.609535217285158,0.0,0.0,0.0,1.0]}]},{"UID":3450468865,"ParentUID":807831978,"Name":"Tail3_$AssimpFbx$_Translation","Static":0,"ActiveInHierarchy":1,"ActiveSelf":1,"isBoneRoot":0,"baseState":[1.0,0.0,0.0,0.0,0.0,1.0,0.0,0.0,0.0,0.0,1.0,0.0,0.0,0.0,0.0,1.0],"Navigable":0,"Walkable":0,"No Walkable":0,"Components":[{"Type":0,"Enabled":1,"Position":[5.15371979033924e-13,1.6431300764452318e-14,17.295822143554689],"Rotation":[0.0,0.0,0.0,1.0],"Euler":[-0.0,0.0,-0.0],"Scale":[1.0,1.0,1.0],"Global":[0.999994695186615,0.000350011745467782,-0.003246682696044445,-15.695323944091797,-0.000660137040540576,-0.9520435929298401,-0.305961549282074,2.7126293182373049,-0.003198071848601103,0.30596214532852175,-0.9520382285118103,-38.07582092285156,0.0,0.0,0.0,1.0]}]},{"UID":1955345556,"ParentUID":3450468865,"Name":"Tail3_$AssimpFbx$_PreRotation","Static":0,"ActiveInHierarchy":1,"ActiveSelf":1,"isBoneRoot":0,"baseState":[1.0,0.0,0.0,0.0,0.0,1.0,0.0,0.0,0.0,0.0,1.0,0.0,0.0,0.0,0.0,1.0],"Navigable":0,"Walkable":0,"No Walkable":0,"Components":[{"Type":0,"Enabled":1,"Position":[0.0,0.0,0.0],"Rotation":[0.9986426830291748,0.0,0.0,-0.052084781229496],"Euler":[-174.02880859375,0.0,-0.0],"Scale":[1.0,1.0,1.0],"Global":[0.999994695186615,-0.000010366231435909868,0.003265478415414691,-15.695323944091797,-0.000660137040540576,0.9787067770957947,0.20526213943958283,2.7126293182373049,-0.003198071848601103,-0.20526328682899476,0.9787015318870544,-38.07582092285156,0.0,0.0,0.0,1.0]}]},{"UID":2084799368,"ParentUID":1955345556,"Name":"Tail3","Static":0,"ActiveInHierarchy":1,"ActiveSelf":1,"isBoneRoot":0,"baseState":[1.0,0.0,0.0,0.0,0.0,1.0,0.0,0.0,0.0,0.0,1.0,0.0,0.0,0.0,0.0,1.0],"Navigable":0,"Walkable":0,"No Walkable":0,"Components":[{"Type":0,"Enabled":1,"Position":[0.0,0.0,0.0],"Rotation":[0.0,0.0,0.0,1.0],"Euler":[-0.0,0.0,-0.0],"Scale":[1.0,1.0,1.0],"Global":[0.999994695186615,-0.000010366231435909868,0.003265478415414691,-15.695323944091797,-0.000660137040540576,0.9787067770957947,0.20526213943958283,2.7126293182373049,-0.003198071848601103,-0.20526328682899476,0.9787015318870544,-38.07582092285156,0.0,0.0,0.0,1.0]}]},{"UID":3618806751,"ParentUID":2920744486,"Name":"HipSway_$AssimpFbx$_PreRotation","Static":0,"ActiveInHierarchy":1,"ActiveSelf":1,"isBoneRoot":0,"baseState":[1.0,0.0,0.0,0.0,0.0,1.0,0.0,0.0,0.0,0.0,1.0,0.0,0.0,0.0,0.0,1.0],"Navigable":0,"Walkable":0,"No Walkable":0,"Components":[{"Type":0,"Enabled":1,"Position":[0.0,0.0,0.0],"Rotation":[0.686904788017273,0.0017144732410088182,0.0013568312861025334,0.7267441749572754],"Euler":[86.77149200439453,0.24958088994026185,-0.021957170218229295],"Scale":[1.0,1.0,0.9999999403953552],"Global":[0.9999904632568359,0.0003832210204564035,0.004355994518846273,-13.460859298706055,-0.0003717740473803133,0.9999964833259583,-0.0026283711194992067,16.36138153076172,-0.004356986377388239,0.002626728266477585,0.9999870657920837,-4.540376663208008,0.0,0.0,0.0,1.0]}]},{"UID":95097027,"ParentUID":3618806751,"Name":"HipSway_$AssimpFbx$_Rotation","Static":0,"ActiveInHierarchy":1,"ActiveSelf":1,"isBoneRoot":0,"baseState":[1.0,0.0,0.0,0.0,0.0,1.0,0.0,0.0,0.0,0.0,1.0,0.0,0.0,0.0,0.0,1.0],"Navigable":0,"Walkable":0,"No Walkable":0,"Components":[{"Type":0,"Enabled":1,"Position":[0.0,0.0,0.0],"Rotation":[0.015434717759490013,-0.10364553332328797,0.11929430067539215,0.9873137474060059],"Euler":[3.23069429397583,-11.594200134277344,14.107060432434082],"Scale":[1.0,1.0,1.0],"Global":[0.951040506362915,-0.23836177587509156,-0.1967376321554184,-13.460859298706055,0.23146066069602967,0.9711315035820007,-0.05770218372344971,16.36138153076172,0.20481210947036744,0.00934009812772274,0.9787567257881165,-4.540376663208008,0.0,0.0,0.0,1.0]}]},{"UID":850509763,"ParentUID":95097027,"Name":"HipSway","Static":0,"ActiveInHierarchy":1,"ActiveSelf":1,"isBoneRoot":0,"baseState":[1.0,0.0,0.0,0.0,0.0,1.0,0.0,0.0,0.0,0.0,1.0,0.0,0.0,0.0,0.0,1.0],"Navigable":0,"Walkable":0,"No Walkable":0,"Components":[{"Type":0,"Enabled":1,"Position":[0.0,0.0,0.0],"Rotation":[0.0,0.0,0.0,1.0],"Euler":[-0.0,0.0,-0.0],"Scale":[1.0,1.0,1.0],"Global":[0.951040506362915,-0.23836177587509156,-0.1967376321554184,-13.460859298706055,0.23146066069602967,0.9711315035820007,-0.05770218372344971,16.36138153076172,0.20481210947036744,0.00934009812772274,0.9787567257881165,-4.540376663208008,0.0,0.0,0.0,1.0]}]},{"UID":3378131679,"ParentUID":850509763,"Name":"RightLeg_$AssimpFbx$_Translation","Static":0,"ActiveInHierarchy":1,"ActiveSelf":1,"isBoneRoot":0,"baseState":[1.0,0.0,0.0,0.0,0.0,1.0,0.0,0.0,0.0,0.0,1.0,0.0,0.0,0.0,0.0,1.0],"Navigable":0,"Walkable":0,"No Walkable":0,"Components":[{"Type":0,"Enabled":1,"Position":[-16.864547729492189,-1.2364217042922974,14.716957092285157],"Rotation":[0.0,0.0,0.0,1.0],"Euler":[-0.0,0.0,-0.0],"Scale":[1.0,1.0,1.0],"Global":[0.951040506362915,-0.23836177587509156,-0.1967376321554184,-32.10039138793945,0.23146066069602967,0.9711315035820007,-0.05770218372344971,10.407973289489746,0.20481210947036744,0.00934009812772274,0.9787567257881165,6.398332595825195,0.0,0.0,0.0,1.0]}]},{"UID":2939344885,"ParentUID":3378131679,"Name":"RightLeg_$AssimpFbx$_PreRotation","Static":0,"ActiveInHierarchy":1,"ActiveSelf":1,"isBoneRoot":0,"baseState":[1.0,0.0,0.0,0.0,0.0,1.0,0.0,0.0,0.0,0.0,1.0,0.0,0.0,0.0,0.0,1.0],"Navigable":0,"Walkable":0,"No Walkable":0,"Components":[{"Type":0,"Enabled":1,"Position":[0.0,0.0,0.0],"Rotation":[-0.08715205639600754,-0.6052075028419495,0.7886784076690674,0.06414765119552612],"Euler":[75.03054809570313,-12.422283172607422,-179.74732971191407],"Scale":[0.9999999403953552,0.9999999403953552,1.0],"Global":[-0.9662597179412842,0.2558943033218384,-0.029329977929592134,-32.10039138793945,-0.021880172193050386,-0.19500881433486939,-0.9805574417114258,10.407973289489746,-0.25663864612579348,-0.9468313455581665,0.19402813911437989,6.398332595825195,0.0,0.0,0.0,1.0]}]},{"UID":937165147,"ParentUID":2939344885,"Name":"RightLeg_$AssimpFbx$_Rotation","Static":0,"ActiveInHierarchy":1,"ActiveSelf":1,"isBoneRoot":0,"baseState":[1.0,0.0,0.0,0.0,0.0,1.0,0.0,0.0,0.0,0.0,1.0,0.0,0.0,0.0,0.0,1.0],"Navigable":0,"Walkable":0,"No Walkable":0,"Components":[{"Type":0,"Enabled":1,"Position":[0.0,0.0,0.0],"Rotation":[0.0,0.0,0.0,1.0],"Euler":[-0.0,0.0,-0.0],"Scale":[1.0,1.0,1.0],"Global":[-0.9662597179412842,0.2558943033218384,-0.029329977929592134,-32.10039138793945,-0.021880172193050386,-0.19500881433486939,-0.9805574417114258,10.407973289489746,-0.25663864612579348,-0.9468313455581665,0.19402813911437989,6.398332595825195,0.0,0.0,0.0,1.0]}]},{"UID":1999493747,"ParentUID":937165147,"Name":"RightLeg","Static":0,"ActiveInHierarchy":1,"ActiveSelf":1,"isBoneRoot":0,"baseState":[1.0,0.0,0.0,0.0,0.0,1.0,0.0,0.0,0.0,0.0,1.0,0.0,0.0,0.0,0.0,1.0],"Navigable":0,"Walkable":0,"No Walkable":0,"Components":[{"Type":0,"Enabled":1,"Position":[0.0,0.0,0.0],"Rotation":[0.0,0.0,0.0,1.0],"Euler":[-0.0,0.0,-0.0],"Scale":[1.0,1.0,1.0],"Global":[-0.9662597179412842,0.2558943033218384,-0.029329977929592134,-32.10039138793945,-0.021880172193050386,-0.19500881433486939,-0.9805574417114258,10.407973289489746,-0.25663864612579348,-0.9468313455581665,0.19402813911437989,6.398332595825195,0.0,0.0,0.0,1.0]}]},{"UID":924753674,"ParentUID":1999493747,"Name":"RightToe_$AssimpFbx$_Translation","Static":0,"ActiveInHierarchy":1,"ActiveSelf":1,"isBoneRoot":0,"baseState":[1.0,0.0,0.0,0.0,0.0,1.0,0.0,0.0,0.0,0.0,1.0,0.0,0.0,0.0,0.0,1.0],"Navigable":0,"Walkable":0,"No Walkable":0,"Components":[{"Type":0,"Enabled":1,"Position":[3.552713678800501e-15,-1.0658141036401503e-14,12.343774795532227],"Rotation":[0.0,0.0,0.0,1.0],"Euler":[-0.0,0.0,-0.0],"Scale":[1.0,1.0,1.0],"Global":[-0.9662597179412842,0.2558943033218384,-0.029329977929592134,-32.462432861328128,-0.021880172193050386,-0.19500881433486939,-0.9805574417114258,-1.6958065032958985,-0.25663864612579348,-0.9468313455581665,0.19402813911437989,8.79337215423584,0.0,0.0,0.0,1.0]}]},{"UID":1146388880,"ParentUID":924753674,"Name":"RightToe_$AssimpFbx$_PreRotation","Static":0,"ActiveInHierarchy":1,"ActiveSelf":1,"isBoneRoot":0,"baseState":[1.0,0.0,0.0,0.0,0.0,1.0,0.0,0.0,0.0,0.0,1.0,0.0,0.0,0.0,0.0,1.0],"Navigable":0,"Walkable":0,"No Walkable":0,"Components":[{"Type":0,"Enabled":1,"Position":[0.0,0.0,0.0],"Rotation":[-0.08250369876623154,-0.6058343052864075,0.7883738279342651,-0.06800469011068344],"Euler":[75.36837768554688,-2.7333786487579347,-168.0282440185547],"Scale":[1.0,1.0,1.0],"Global":[0.9485427737236023,-0.23819737136363984,-0.20863501727581025,-32.462432861328128,0.23115088045597077,0.9711937308311462,-0.05789679288864136,-1.6958065032958985,0.2164158821105957,0.006691426038742065,0.9762783050537109,8.79337215423584,0.0,0.0,0.0,1.0]}]},{"UID":1253150236,"ParentUID":1146388880,"Name":"RightToe","Static":0,"ActiveInHierarchy":1,"ActiveSelf":1,"isBoneRoot":0,"baseState":[1.0,0.0,0.0,0.0,0.0,1.0,0.0,0.0,0.0,0.0,1.0,0.0,0.0,0.0,0.0,1.0],"Navigable":0,"Walkable":0,"No Walkable":0,"Components":[{"Type":0,"Enabled":1,"Position":[0.0,0.0,0.0],"Rotation":[0.0,0.0,0.0,1.0],"Euler":[-0.0,0.0,-0.0],"Scale":[1.0,1.0,1.0],"Global":[0.9485427737236023,-0.23819737136363984,-0.20863501727581025,-32.462432861328128,0.23115088045597077,0.9711937308311462,-0.05789679288864136,-1.6958065032958985,0.2164158821105957,0.006691426038742065,0.9762783050537109,8.79337215423584,0.0,0.0,0.0,1.0]}]},{"UID":1567082730,"ParentUID":850509763,"Name":"LeftLeg_$AssimpFbx$_Translation","Static":0,"ActiveInHierarchy":1,"ActiveSelf":1,"isBoneRoot":0,"baseState":[1.0,0.0,0.0,0.0,0.0,1.0,0.0,0.0,0.0,0.0,1.0,0.0,0.0,0.0,0.0,1.0],"Navigable":0,"Walkable":0,"No Walkable":0,"Components":[{"Type":0,"Enabled":1,"Position":[16.592044830322267,3.806708574295044,15.226323127746582],"Rotation":[0.0,0.0,0.0,1.0],"Euler":[-0.0,0.0,-0.0],"Scale":[1.0,1.0,1.0],"Global":[0.951040506362915,-0.23836177587509156,-0.1967376321554184,-1.584115982055664,0.23146066069602967,0.9711315035820007,-0.05770218372344971,23.020009994506837,0.20481210947036744,0.00934009812772274,0.9787567257881165,13.796297073364258,0.0,0.0,0.0,1.0]}]},{"UID":1143004844,"ParentUID":1567082730,"Name":"LeftLeg_$AssimpFbx$_PreRotation","Static":0,"ActiveInHierarchy":1,"ActiveSelf":1,"isBoneRoot":0,"baseState":[1.0,0.0,0.0,0.0,0.0,1.0,0.0,0.0,0.0,0.0,1.0,0.0,0.0,0.0,0.0,1.0],"Navigable":0,"Walkable":0,"No Walkable":0,"Components":[{"Type":0,"Enabled":1,"Position":[0.0,0.0,0.0],"Rotation":[0.08394765853881836,-0.6048887372016907,0.7890259623527527,-0.06708554923534394],"Euler":[74.92221069335938,12.335301399230957,-179.74742126464845],"Scale":[1.0,1.0,1.0],"Global":[-0.8897299766540527,0.25589436292648318,0.37801963090896609,-1.584115982055664,-0.4305104911327362,-0.19500890374183656,-0.8812674880027771,23.020009994506837,-0.1517941653728485,-0.9468314051628113,0.28367042541503909,13.796297073364258,0.0,0.0,0.0,1.0]}]},{"UID":3899428613,"ParentUID":1143004844,"Name":"LeftLeg_$AssimpFbx$_Rotation","Static":0,"ActiveInHierarchy":1,"ActiveSelf":1,"isBoneRoot":0,"baseState":[1.0,0.0,0.0,0.0,0.0,1.0,0.0,0.0,0.0,0.0,1.0,0.0,0.0,0.0,0.0,1.0],"Navigable":0,"Walkable":0,"No Walkable":0,"Components":[{"Type":0,"Enabled":1,"Position":[0.0,0.0,0.0],"Rotation":[0.0,0.0,0.0,1.0],"Euler":[-0.0,0.0,-0.0],"Scale":[1.0,1.0,1.0],"Global":[-0.8897299766540527,0.25589436292648318,0.37801963090896609,-1.584115982055664,-0.4305104911327362,-0.19500890374183656,-0.8812674880027771,23.020009994506837,-0.1517941653728485,-0.9468314051628113,0.28367042541503909,13.796297073364258,0.0,0.0,0.0,1.0]}]},{"UID":837450233,"ParentUID":3899428613,"Name":"LeftLeg","Static":0,"ActiveInHierarchy":1,"ActiveSelf":1,"isBoneRoot":0,"baseState":[1.0,0.0,0.0,0.0,0.0,1.0,0.0,0.0,0.0,0.0,1.0,0.0,0.0,0.0,0.0,1.0],"Navigable":0,"Walkable":0,"No Walkable":0,"Components":[{"Type":0,"Enabled":1,"Position":[0.0,0.0,0.0],"Rotation":[0.0,0.0,0.0,1.0],"Euler":[-0.0,0.0,-0.0],"Scale":[1.0,1.0,1.0],"Global":[-0.8897299766540527,0.25589436292648318,0.37801963090896609,-1.584115982055664,-0.4305104911327362,-0.19500890374183656,-0.8812674880027771,23.020009994506837,-0.1517941653728485,-0.9468314051628113,0.28367042541503909,13.796297073364258,0.0,0.0,0.0,1.0]}]},{"UID":847086298,"ParentUID":837450233,"Name":"LeftToe_$AssimpFbx$_Translation","Static":0,"ActiveInHierarchy":1,"ActiveSelf":1,"isBoneRoot":0,"baseState":[1.0,0.0,0.0,0.0,0.0,1.0,0.0,0.0,0.0,0.0,1.0,0.0,0.0,0.0,0.0,1.0],"Navigable":0,"Walkable":0,"No Walkable":0,"Components":[{"Type":0,"Enabled":1,"Position":[-7.105427357601002e-15,-2.3092638912203257e-14,12.343774795532227],"Rotation":[0.0,0.0,0.0,1.0],"Euler":[-0.0,0.0,-0.0],"Scale":[1.0,1.0,1.0],"Global":[-0.8897299766540527,0.25589436292648318,0.37801963090896609,3.082073211669922,-0.4305104911327362,-0.19500890374183656,-0.8812674880027771,12.14184284210205,-0.1517941653728485,-0.9468314051628113,0.28367042541503909,17.297861099243165,0.0,0.0,0.0,1.0]}]},{"UID":4248390939,"ParentUID":847086298,"Name":"LeftToe_$AssimpFbx$_PreRotation","Static":0,"ActiveInHierarchy":1,"ActiveSelf":1,"isBoneRoot":0,"baseState":[1.0,0.0,0.0,0.0,0.0,1.0,0.0,0.0,0.0,0.0,1.0,0.0,0.0,0.0,0.0,1.0],"Navigable":0,"Walkable":0,"No Walkable":0,"Components":[{"Type":0,"Enabled":1,"Position":[0.0,0.0,0.0],"Rotation":[0.08250369876623154,-0.6058343052864075,0.7883738279342651,0.06800469011068344],"Euler":[75.36837768554688,2.7333786487579347,168.0282440185547],"Scale":[1.0,1.0,1.0],"Global":[0.9515697956085205,-0.2381974458694458,-0.19436341524124146,3.082073211669922,0.23199458420276643,0.9711937308311462,-0.05441804230213165,12.14184284210205,0.2017267495393753,0.006691306829452515,0.9794190526008606,17.297861099243165,0.0,0.0,0.0,1.0]}]},{"UID":2297006195,"ParentUID":4248390939,"Name":"LeftToe","Static":0,"ActiveInHierarchy":1,"ActiveSelf":1,"isBoneRoot":0,"baseState":[1.0,0.0,0.0,0.0,0.0,1.0,0.0,0.0,0.0,0.0,1.0,0.0,0.0,0.0,0.0,1.0],"Navigable":0,"Walkable":0,"No Walkable":0,"Components":[{"Type":0,"Enabled":1,"Position":[0.0,0.0,0.0],"Rotation":[0.0,0.0,0.0,1.0],"Euler":[-0.0,0.0,-0.0],"Scale":[1.0,1.0,1.0],"Global":[0.9515697956085205,-0.2381974458694458,-0.19436341524124146,3.082073211669922,0.23199458420276643,0.9711937308311462,-0.05441804230213165,12.14184284210205,0.2017267495393753,0.006691306829452515,0.9794190526008606,17.297861099243165,0.0,0.0,0.0,1.0]}]},{"UID":3368849598,"ParentUID":2920744486,"Name":"Spine_$AssimpFbx$_Translation","Static":0,"ActiveInHierarchy":1,"ActiveSelf":1,"isBoneRoot":0,"baseState":[1.0,0.0,0.0,0.0,0.0,1.0,0.0,0.0,0.0,0.0,1.0,0.0,0.0,0.0,0.0,1.0],"Navigable":0,"Walkable":0,"No Walkable":0,"Components":[{"Type":0,"Enabled":1,"Position":[2.742750883102417,6.53713321685791,14.960992813110352],"Rotation":[0.0,0.0,0.0,1.0],"Euler":[-0.0,0.0,-0.0],"Scale":[1.0,1.0,1.0],"Global":[1.0,0.0,0.0,-10.718108177185059,0.0,0.05894230306148529,0.9982613921165466,31.681676864624025,0.0,-0.9982613921165466,0.05894230306148529,-10.184309005737305,0.0,0.0,0.0,1.0]}]},{"UID":1698477311,"ParentUID":3368849598,"Name":"Spine_$AssimpFbx$_PreRotation","Static":0,"ActiveInHierarchy":1,"ActiveSelf":1,"isBoneRoot":0,"baseState":[1.0,0.0,0.0,0.0,0.0,1.0,0.0,0.0,0.0,0.0,1.0,0.0,0.0,0.0,0.0,1.0],"Navigable":0,"Walkable":0,"No Walkable":0,"Components":[{"Type":0,"Enabled":1,"Position":[0.0,0.0,0.0],"Rotation":[0.12456781417131424,0.0,0.0,0.992211103439331],"Euler":[14.311595916748047,0.0,-0.0],"Scale":[1.0,1.0,1.0],"Global":[1.0,0.0,0.0,-10.718108177185059,0.0,0.30387842655181887,0.9527108073234558,31.681676864624025,0.0,-0.9527108073234558,0.30387842655181887,-10.184309005737305,0.0,0.0,0.0,1.0]}]},{"UID":2778477688,"ParentUID":1698477311,"Name":"Spine_$AssimpFbx$_Rotation","Static":0,"ActiveInHierarchy":1,"ActiveSelf":1,"isBoneRoot":0,"baseState":[1.0,0.0,0.0,0.0,0.0,1.0,0.0,0.0,0.0,0.0,1.0,0.0,0.0,0.0,0.0,1.0],"Navigable":0,"Walkable":0,"No Walkable":0,"Components":[{"Type":0,"Enabled":1,"Position":[0.0,0.0,0.0],"Rotation":[0.10407944023609162,-0.30596598982810976,-0.4930318295955658,0.8077573776245117],"Euler":[-9.582730293273926,-36.64973068237305,-65.977783203125],"Scale":[0.9999999403953552,0.9999999403953552,1.0],"Global":[0.3266089856624603,0.7328105568885803,-0.596921443939209,-10.718108177185059,0.11174905300140381,0.5971863269805908,0.794279932975769,31.681676864624025,0.9385300874710083,-0.326124370098114,0.11315551400184632,-10.184309005737305,0.0,0.0,0.0,1.0]}]},{"UID":3290525103,"ParentUID":2778477688,"Name":"Spine","Static":0,"ActiveInHierarchy":1,"ActiveSelf":1,"isBoneRoot":0,"baseState":[1.0,0.0,0.0,0.0,0.0,1.0,0.0,0.0,0.0,0.0,1.0,0.0,0.0,0.0,0.0,1.0],"Navigable":0,"Walkable":0,"No Walkable":0,"Components":[{"Type":0,"Enabled":1,"Position":[0.0,0.0,0.0],"Rotation":[0.0,0.0,0.0,1.0],"Euler":[-0.0,0.0,-0.0],"Scale":[1.0,1.0,1.0],"Global":[0.3266089856624603,0.7328105568885803,-0.596921443939209,-10.718108177185059,0.11174905300140381,0.5971863269805908,0.794279932975769,31.681676864624025,0.9385300874710083,-0.326124370098114,0.11315551400184632,-10.184309005737305,0.0,0.0,0.0,1.0]}]},{"UID":1427605597,"ParentUID":3290525103,"Name":"RightShoulder_$AssimpFbx$_Translation","Static":0,"ActiveInHierarchy":1,"ActiveSelf":1,"isBoneRoot":0,"baseState":[1.0,0.0,0.0,0.0,0.0,1.0,0.0,0.0,0.0,0.0,1.0,0.0,0.0,0.0,0.0,1.0],"Navigable":0,"Walkable"