{"GameObjects":[{"UID":398199223,"ParentUID":0,"Name":"Scene","isStatic":0,"isBoneRoot":1,"baseState":[1.0,0.0,0.0,0.0,0.0,1.0,0.0,0.0,0.0,0.0,1.0,0.0,0.0,0.0,0.0,1.0],"Components":[{"Type":0,"Enabled":1,"Position":[0.0,0.0,0.0],"Rotation":[0.0,0.0,0.0,1.0],"Euler":[-0.0,0.0,-0.0],"Scale":[1.0,1.0,1.0],"Global":[1.0,0.0,0.0,0.0,0.0,1.0,0.0,0.0,0.0,0.0,1.0,0.0,0.0,0.0,0.0,1.0],"isLocked":0},{"Type":4,"Enabled":1,"animUID":91915582}]},{"UID":3188041712,"ParentUID":398199223,"Name":"Player_$AssimpFbx$_Translation","isStatic":0,"isBoneRoot":0,"baseState":[1.0,0.0,0.0,0.0,0.0,1.0,0.0,0.0,0.0,0.0,1.0,0.0,0.0,0.0,0.0,1.0],"Components":[{"Type":0,"Enabled":1,"Position":[0.0,0.028208956122398378,0.0],"Rotation":[0.0,0.0,0.0,1.0],"Euler":[-0.0,0.0,-0.0],"Scale":[1.0,1.0,1.0],"Global":[1.0,0.0,0.0,0.0,0.0,1.0,0.0,0.028208956122398378,0.0,0.0,1.0,0.0,0.0,0.0,0.0,1.0],"isLocked":0}]},{"UID":1214489619,"ParentUID":3188041712,"Name":"Player_$AssimpFbx$_RotationPivot","isStatic":0,"isBoneRoot":0,"baseState":[1.0,0.0,0.0,0.0,0.0,1.0,0.0,0.0,0.0,0.0,1.0,0.0,0.0,0.0,0.0,1.0],"Components":[{"Type":0,"Enabled":1,"Position":[0.0,-0.02884424477815628,0.0],"Rotation":[0.0,0.0,0.0,1.0],"Euler":[-0.0,0.0,-0.0],"Scale":[1.0,1.0,1.0],"Global":[1.0,0.0,0.0,0.0,0.0,1.0,0.0,-0.000635288655757904,0.0,0.0,1.0,0.0,0.0,0.0,0.0,1.0],"isLocked":0}]},{"UID":338651111,"ParentUID":1214489619,"Name":"Player_$AssimpFbx$_RotationPivotInverse","isStatic":0,"isBoneRoot":0,"baseState":[1.0,0.0,0.0,0.0,0.0,1.0,0.0,0.0,0.0,0.0,1.0,0.0,0.0,0.0,0.0,1.0],"Components":[{"Type":0,"Enabled":1,"Position":[-0.0,0.02884424477815628,-0.0],"Rotation":[0.0,0.0,0.0,1.0],"Euler":[-0.0,0.0,-0.0],"Scale":[1.0,1.0,1.0],"Global":[1.0,0.0,0.0,0.0,0.0,1.0,0.0,0.028208956122398378,0.0,0.0,1.0,0.0,0.0,0.0,0.0,1.0],"isLocked":0}]},{"UID":587361821,"ParentUID":338651111,"Name":"Player_$AssimpFbx$_ScalingPivot","isStatic":0,"isBoneRoot":0,"baseState":[1.0,0.0,0.0,0.0,0.0,1.0,0.0,0.0,0.0,0.0,1.0,0.0,0.0,0.0,0.0,1.0],"Components":[{"Type":0,"Enabled":1,"Position":[0.0,-0.02884424477815628,0.0],"Rotation":[0.0,0.0,0.0,1.0],"Euler":[-0.0,0.0,-0.0],"Scale":[1.0,1.0,1.0],"Global":[1.0,0.0,0.0,0.0,0.0,1.0,0.0,-0.000635288655757904,0.0,0.0,1.0,0.0,0.0,0.0,0.0,1.0],"isLocked":0}]},{"UID":2237847589,"ParentUID":587361821,"Name":"Player_$AssimpFbx$_ScalingPivotInverse","isStatic":0,"isBoneRoot":0,"baseState":[1.0,0.0,0.0,0.0,0.0,1.0,0.0,0.0,0.0,0.0,1.0,0.0,0.0,0.0,0.0,1.0],"Components":[{"Type":0,"Enabled":1,"Position":[-0.0,0.02884424477815628,-0.0],"Rotation":[0.0,0.0,0.0,1.0],"Euler":[-0.0,0.0,-0.0],"Scale":[1.0,1.0,1.0],"Global":[1.0,0.0,0.0,0.0,0.0,1.0,0.0,0.028208956122398378,0.0,0.0,1.0,0.0,0.0,0.0,0.0,1.0],"isLocked":0}]},{"UID":1908814997,"ParentUID":2237847589,"Name":"Player","isStatic":0,"isBoneRoot":0,"baseState":[1.0,0.0,0.0,0.0,0.0,1.0,0.0,0.0,0.0,0.0,1.0,0.0,0.0,0.0,0.0,1.0],"Components":[{"Type":0,"Enabled":1,"Position":[0.0,0.0,0.0],"Rotation":[0.0,0.0,0.0,1.0],"Euler":[-0.0,0.0,-0.0],"Scale":[1.0,1.0,1.0],"Global":[1.0,0.0,0.0,0.0,0.0,1.0,0.0,0.028208956122398378,0.0,0.0,1.0,0.0,0.0,0.0,0.0,1.0],"isLocked":0}]},{"UID":0,"ParentUID":1908814997,"Name":"Mesh","isStatic":0,"isBoneRoot":0,"baseState":[1.0,0.0,0.0,0.0,0.0,1.0,0.0,0.0,0.0,0.0,1.0,0.0,0.0,0.0,0.0,1.0],"Components":[{"Type":1,"Enabled":1,"meshUID":2689018702,"materialFile":"Default"},{"Type":0,"Enabled":1,"Position":[0.0,0.0,0.0],"Rotation":[0.0,0.0,0.0,1.0],"Euler":[-0.0,0.0,-0.0],"Scale":[1.0,1.0,1.0],"Global":[1.0,0.0,0.0,0.0,0.0,1.0,0.0,0.028208956122398378,0.0,0.0,1.0,0.0,0.0,0.0,0.0,1.0],"isLocked":0}]},{"UID":2268146711,"ParentUID":398199223,"Name":"PlayerCtrl_$AssimpFbx$_RotationPivot","isStatic":0,"isBoneRoot":0,"baseState":[1.0,0.0,0.0,0.0,0.0,1.0,0.0,0.0,0.0,0.0,1.0,0.0,0.0,0.0,0.0,1.0],"Components":[{"Type":0,"Enabled":1,"Position":[-2.0,0.0,0.0],"Rotation":[0.0,0.0,0.0,1.0],"Euler":[-0.0,0.0,-0.0],"Scale":[1.0,1.0,1.0],"Global":[1.0,0.0,0.0,-2.0,0.0,1.0,0.0,0.0,0.0,0.0,1.0,0.0,0.0,0.0,0.0,1.0],"isLocked":0}]},{"UID":1080778989,"ParentUID":2268146711,"Name":"PlayerCtrl_$AssimpFbx$_RotationPivotInverse","isStatic":0,"isBoneRoot":0,"baseState":[1.0,0.0,0.0,0.0,0.0,1.0,0.0,0.0,0.0,0.0,1.0,0.0,0.0,0.0,0.0,1.0],"Components":[{"Type":0,"Enabled":1,"Position":[2.0,-0.0,-0.0],"Rotation":[0.0,0.0,0.0,1.0],"Euler":[-0.0,0.0,-0.0],"Scale":[1.0,1.0,1.0],"Global":[1.0,0.0,0.0,0.0,0.0,1.0,0.0,0.0,0.0,0.0,1.0,0.0,0.0,0.0,0.0,1.0],"isLocked":0}]},{"UID":2357277703,"ParentUID":1080778989,"Name":"PlayerCtrl_$AssimpFbx$_ScalingPivot","isStatic":0,"isBoneRoot":0,"baseState":[1.0,0.0,0.0,0.0,0.0,1.0,0.0,0.0,0.0,0.0,1.0,0.0,0.0,0.0,0.0,1.0],"Components":[{"Type":0,"Enabled":1,"Position":[-2.0,0.0,0.0],"Rotation":[0.0,0.0,0.0,1.0],"Euler":[-0.0,0.0,-0.0],"Scale":[1.0,1.0,1.0],"Global":[1.0,0.0,0.0,-2.0,0.0,1.0,0.0,0.0,0.0,0.0,1.0,0.0,0.0,0.0,0.0,1.0],"isLocked":0}]},{"UID":563344324,"ParentUID":2357277703,"Name":"PlayerCtrl_$AssimpFbx$_ScalingPivotInverse","isStatic":0,"isBoneRoot":0,"baseState":[1.0,0.0,0.0,0.0,0.0,1.0,0.0,0.0,0.0,0.0,1.0,0.0,0.0,0.0,0.0,1.0],"Components":[{"Type":0,"Enabled":1,"Position":[2.0,-0.0,-0.0],"Rotation":[0.0,0.0,0.0,1.0],"Euler":[-0.0,0.0,-0.0],"Scale":[1.0,1.0,1.0],"Global":[1.0,0.0,0.0,0.0,0.0,1.0,0.0,0.0,0.0,0.0,1.0,0.0,0.0,0.0,0.0,1.0],"isLocked":0}]},{"UID":1712389808,"ParentUID":563344324,"Name":"PlayerCtrl","isStatic":0,"isBoneRoot":0,"baseState":[1.0,0.0,0.0,0.0,0.0,1.0,0.0,0.0,0.0,0.0,1.0,0.0,0.0,0.0,0.0,1.0],"Components":[{"Type":0,"Enabled":1,"Position":[0.0,0.0,0.0],"Rotation":[0.0,0.0,0.0,1.0],"Euler":[-0.0,0.0,-0.0],"Scale":[1.0,1.0,1.0],"Global":[1.0,0.0,0.0,0.0,0.0,1.0,0.0,0.0,0.0,0.0,1.0,0.0,0.0,0.0,0.0,1.0],"isLocked":0}]},{"UID":478457853,"ParentUID":1712389808,"Name":"Ctrl_Grp","isStatic":0,"isBoneRoot":0,"baseState":[1.0,0.0,0.0,0.0,0.0,1.0,0.0,0.0,0.0,0.0,1.0,0.0,0.0,0.0,0.0,1.0],"Components":[{"Type":0,"Enabled":1,"Position":[0.0,0.0,0.0],"Rotation":[0.0,0.0,0.0,1.0],"Euler":[-0.0,0.0,-0.0],"Scale":[1.0,1.0,1.0],"Global":[1.0,0.0,0.0,0.0,0.0,1.0,0.0,0.0,0.0,0.0,1.0,0.0,0.0,0.0,0.0,1.0],"isLocked":0}]},{"UID":1489688193,"ParentUID":478457853,"Name":"Gun_$AssimpFbx$_Translation","isStatic":0,"isBoneRoot":0,"baseState":[1.0,0.0,0.0,0.0,0.0,1.0,0.0,0.0,0.0,0.0,1.0,0.0,0.0,0.0,0.0,1.0],"Components":[{"Type":0,"Enabled":1,"Position":[-40.25261688232422,26.91025733947754,-18.04804039001465],"Rotation":[0.0,0.0,0.0,1.0],"Euler":[-0.0,0.0,-0.0],"Scale":[1.0,1.0,1.0],"Global":[1.0,0.0,0.0,-40.25261688232422,0.0,1.0,0.0,26.91025733947754,0.0,0.0,1.0,-18.04804039001465,0.0,0.0,0.0,1.0],"isLocked":0}]},{"UID":2283310822,"ParentUID":1489688193,"Name":"Gun_$AssimpFbx$_PreRotation","isStatic":0,"isBoneRoot":0,"baseState":[1.0,0.0,0.0,0.0,0.0,1.0,0.0,0.0,0.0,0.0,1.0,0.0,0.0,0.0,0.0,1.0],"Components":[{"Type":0,"Enabled":1,"Position":[0.0,0.0,0.0],"Rotation":[0.4482978880405426,-0.4482978582382202,0.5468354821205139,0.5468354225158691],"Euler":[78.6900634765625,0.000005122641596244648,90.0],"Scale":[1.0,1.0,1.0],"Global":[0.0,-1.0,8.940696716308594e-8,-40.25261688232422,0.19611608982086183,-1.1920928955078126e-7,-0.9805806875228882,26.91025733947754,0.9805806875228882,0.0,0.19611608982086183,-18.04804039001465,0.0,0.0,0.0,1.0],"isLocked":0}]},{"UID":3391278922,"ParentUID":2283310822,"Name":"Gun_$AssimpFbx$_Rotation","isStatic":0,"isBoneRoot":0,"baseState":[1.0,0.0,0.0,0.0,0.0,1.0,0.0,0.0,0.0,0.0,1.0,0.0,0.0,0.0,0.0,1.0],"Components":[{"Type":0,"Enabled":1,"Position":[0.0,0.0,0.0],"Rotation":[0.0,0.0,0.0,1.0],"Euler":[-0.0,0.0,-0.0],"Scale":[1.0,1.0,1.0],"Global":[0.0,-1.0,8.940696716308594e-8,-40.25261688232422,0.19611608982086183,-1.1920928955078126e-7,-0.9805806875228882,26.91025733947754,0.9805806875228882,0.0,0.19611608982086183,-18.04804039001465,0.0,0.0,0.0,1.0],"isLocked":0}]},{"UID":694354018,"ParentUID":3391278922,"Name":"Gun","isStatic":0,"isBoneRoot":0,"baseState":[1.0,0.0,0.0,0.0,0.0,1.0,0.0,0.0,0.0,0.0,1.0,0.0,0.0,0.0,0.0,1.0],"Components":[{"Type":0,"Enabled":1,"Position":[0.0,0.0,0.0],"Rotation":[0.0,0.0,0.0,1.0],"Euler":[-0.0,0.0,-0.0],"Scale":[1.0,1.0,1.0],"Global":[0.0,-1.0,8.940696716308594e-8,-40.25261688232422,0.19611608982086183,-1.1920928955078126e-7,-0.9805806875228882,26.91025733947754,0.9805806875228882,0.0,0.19611608982086183,-18.04804039001465,0.0,0.0,0.0,1.0],"isLocked":0}]},{"UID":1924193707,"ParentUID":694354018,"Name":"GunBarrelStretch_$AssimpFbx$_Translation","isStatic":0,"isBoneRoot":0,"baseState":[1.0,0.0,0.0,0.0,0.0,1.0,0.0,0.0,0.0,0.0,1.0,0.0,0.0,0.0,0.0,1.0],"Components":[{"Type":0,"Enabled":1,"Position":[29.340702056884767,-0.0000019073459043283947,2.0117011070251467],"Rotation":[0.0,0.0,0.0,1.0],"Euler":[-0.0,0.0,-0.0],"Scale":[1.0,1.0,1.0],"Global":[0.0,-1.0,8.940696716308594e-8,-40.25261306762695,0.19611608982086183,-1.1920928955078126e-7,-0.9805806875228882,30.69180679321289,0.9805806875228882,0.0,0.19611608982086183,11.117412567138672,0.0,0.0,0.0,1.0],"isLocked":0}]},{"UID":2078891027,"ParentUID":1924193707,"Name":"GunBarrelStretch_$AssimpFbx$_PreRotation","isStatic":0,"isBoneRoot":0,"baseState":[1.0,0.0,0.0,0.0,0.0,1.0,0.0,0.0,0.0,0.0,1.0,0.0,0.0,0.0,0.0,1.0],"Components":[{"Type":0,"Enabled":1,"Position":[0.0,0.0,0.0],"Rotation":[0.0,0.6339218616485596,0.0,0.7733970880508423],"Euler":[-0.0,78.68013000488281,-0.0],"Scale":[1.0,1.0,1.0],"Global":[-8.766770065449237e-8,-1.0,1.754934864095503e-8,-40.25261306762695,1.0,-1.1920928955078126e-7,-0.00017341971397399902,30.69180679321289,0.00017341971397399902,0.0,1.0,11.117412567138672,0.0,0.0,0.0,1.0],"isLocked":0}]},{"UID":3286257209,"ParentUID":2078891027,"Name":"GunBarrelStretch_$AssimpFbx$_Rotation","isStatic":0,"isBoneRoot":0,"baseState":[1.0,0.0,0.0,0.0,0.0,1.0,0.0,0.0,0.0,0.0,1.0,0.0,0.0,0.0,0.0,1.0],"Components":[{"Type":0,"Enabled":1,"Position":[0.0,0.0,0.0],"Rotation":[0.0,0.0,0.0,1.0],"Euler":[-0.0,0.0,-0.0],"Scale":[1.0,1.0,1.0],"Global":[-8.766770065449237e-8,-1.0,1.754934864095503e-8,-40.25261306762695,1.0,-1.1920928955078126e-7,-0.00017341971397399902,30.69180679321289,0.00017341971397399902,0.0,1.0,11.117412567138672,0.0,0.0,0.0,1.0],"isLocked":0}]},{"UID":449197414,"ParentUID":3286257209,"Name":"GunBarrelStretch","isStatic":0,"isBoneRoot":0,"baseState":[1.0,0.0,0.0,0.0,0.0,1.0,0.0,0.0,0.0,0.0,1.0,0.0,0.0,0.0,0.0,1.0],"Components":[{"Type":0,"Enabled":1,"Position":[0.0,0.0,0.0],"Rotation":[0.0,0.0,0.0,1.0],"Euler":[-0.0,0.0,-0.0],"Scale":[1.0,1.0,1.0],"Global":[-8.766770065449237e-8,-1.0,1.754934864095503e-8,-40.25261306762695,1.0,-1.1920928955078126e-7,-0.00017341971397399902,30.69180679321289,0.00017341971397399902,0.0,1.0,11.117412567138672,0.0,0.0,0.0,1.0],"isLocked":0}]},{"UID":29394647,"ParentUID":449197414,"Name":"GunBarrelEnd_$AssimpFbx$_Translation","isStatic":0,"isBoneRoot":0,"baseState":[1.0,0.0,0.0,0.0,0.0,1.0,0.0,0.0,0.0,0.0,1.0,0.0,0.0,0.0,0.0,1.0],"Components":[{"Type":0,"Enabled":1,"Position":[2.1316282072803007e-14,-2.7817748105007922e-12,63.14011001586914],"Rotation":[0.0,0.0,0.0,1.0],"Euler":[-0.0,0.0,-0.0],"Scale":[1.0,1.0,1.0],"Global":[-8.766770065449237e-8,-1.0,1.754934864095503e-8,-40.25261306762695,1.0,-1.1920928955078126e-7,-0.00017341971397399902,30.680856704711915,0.00017341971397399902,0.0,1.0,74.25752258300781,0.0,0.0,0.0,1.0],"isLocked":0}]},{"UID":3915390143,"ParentUID":29394647,"Name":"GunBarrelEnd_$AssimpFbx$_PreRotation","isStatic":0,"isBoneRoot":0,"baseState":[1.0,0.0,0.0,0.0,0.0,1.0,0.0,0.0,0.0,0.0,1.0,0.0,0.0,0.0,0.0,1.0],"Components":[{"Type":0,"Enabled":1,"Position":[0.0,0.0,0.0],"Rotation":[-0.00006129914982011542,0.00006129915709607303,-0.7071068286895752,0.7071068286895752],"Euler":[4.168816403193887e-10,0.009933952242136002,-90.00000762939453],"Scale":[1.0,1.0,1.0],"Global":[1.0000001192092896,3.1538540667952478e-8,1.7541424313094468e-8,-40.25261306762695,1.5472649203540635e-14,1.0000001192092896,-3.952300176024437e-8,30.680856704711915,-2.794919851112354e-11,3.9537553675472739e-8,1.0,74.25752258300781,0.0,0.0,0.0,1.0],"isLocked":0}]},{"UID":321227015,"ParentUID":3915390143,"Name":"GunBarrelEnd","isStatic":0,"isBoneRoot":0,"baseState":[1.0,0.0,0.0,0.0,0.0,1.0,0.0,0.0,0.0,0.0,1.0,0.0,0.0,0.0,0.0,1.0],"Components":[{"Type":0,"Enabled":1,"Position":[0.0,0.0,0.0],"Rotation":[0.0,0.0,0.0,1.0],"Euler":[-0.0,0.0,-0.0],"Scale":[1.0,1.0,1.0],"Global":[1.0000001192092896,3.1538540667952478e-8,1.7541424313094468e-8,-40.25261306762695,1.5472649203540635e-14,1.0000001192092896,-3.952300176024437e-8,30.680856704711915,-2.794919851112354e-11,3.9537553675472739e-8,1.0,74.25752258300781,0.0,0.0,0.0,1.0],"isLocked":0}]},{"UID":813877181,"ParentUID":1712389808,"Name":"Root","isStatic":0,"isBoneRoot":0,"baseState":[1.0,0.0,0.0,0.0,0.0,1.0,0.0,0.0,0.0,0.0,1.0,0.0,0.0,0.0,0.0,1.0],"Components":[{"Type":0,"Enabled":1,"Position":[0.0,0.0,0.0],"Rotation":[0.0,0.0,0.0,1.0],"Euler":[-0.0,0.0,-0.0],"Scale":[1.0,1.0,1.0],"Global":[1.0,0.0,0.0,0.0,0.0,1.0,0.0,0.0,0.0,0.0,1.0,0.0,0.0,0.0,0.0,1.0],"isLocked":0}]},{"UID":1046820408,"ParentUID":813877181,"Name":"Hips_$AssimpFbx$_Translation","isStatic":0,"isBoneRoot":0,"baseState":[1.0,0.0,0.0,0.0,0.0,1.0,0.0,0.0,0.0,0.0,1.0,0.0,0.0,0.0,0.0,1.0],"Components":[{"Type":0,"Enabled":1,"Position":[-13.460859298706055,16.36138153076172,-4.540376663208008],"Rotation":[0.0,0.0,0.0,1.0],"Euler":[-0.0,0.0,-0.0],"Scale":[1.0,1.0,1.0],"Global":[1.0,0.0,0.0,-13.460859298706055,0.0,1.0,0.0,16.36138153076172,0.0,0.0,1.0,-4.540376663208008,0.0,0.0,0.0,1.0],"isLocked":0}]},{"UID":2351625802,"ParentUID":1046820408,"Name":"Hips_$AssimpFbx$_PreRotation","isStatic":0,"isBoneRoot":0,"baseState":[1.0,0.0,0.0,0.0,0.0,1.0,0.0,0.0,0.0,0.0,1.0,0.0,0.0,0.0,0.0,1.0],"Components":[{"Type":0,"Enabled":1,"Position":[0.0,0.0,0.0],"Rotation":[-0.6859511137008667,0.0,0.0,0.7276476621627808],"Euler":[-86.62089538574219,0.0,0.0],"Scale":[1.0,1.0,1.0],"Global":[1.0,0.0,0.0,-13.460859298706055,0.0,0.05894213914871216,0.9982614517211914,16.36138153076172,0.0,-0.9982614517211914,0.05894213914871216,-4.540376663208008,0.0,0.0,0.0,1.0],"isLocked":0}]},{"UID":3271226321,"ParentUID":2351625802,"Name":"Hips_$AssimpFbx$_Rotation","isStatic":0,"isBoneRoot":0,"baseState":[1.0,0.0,0.0,0.0,0.0,1.0,0.0,0.0,0.0,0.0,1.0,0.0,0.0,0.0,0.0,1.0],"Components":[{"Type":0,"Enabled":1,"Position":[0.0,0.0,0.0],"Rotation":[0.0,0.0,0.0,1.0],"Euler":[-0.0,0.0,-0.0],"Scale":[1.0,1.0,1.0],"Global":[1.0,0.0,0.0,-13.460859298706055,0.0,0.05894213914871216,0.9982614517211914,16.36138153076172,0.0,-0.9982614517211914,0.05894213914871216,-4.540376663208008,0.0,0.0,0.0,1.0],"isLocked":0}]},{"UID":2314792732,"ParentUID":3271226321,"Name":"Hips","isStatic":0,"isBoneRoot":0,"baseState":[1.0,0.0,0.0,0.0,0.0,1.0,0.0,0.0,0.0,0.0,1.0,0.0,0.0,0.0,0.0,1.0],"Components":[{"Type":0,"Enabled":1,"Position":[0.0,0.0,0.0],"Rotation":[0.0,0.0,0.0,1.0],"Euler":[-0.0,0.0,-0.0],"Scale":[1.0,1.0,1.0],"Global":[1.0,0.0,0.0,-13.460859298706055,0.0,0.05894213914871216,0.9982614517211914,16.36138153076172,0.0,-0.9982614517211914,0.05894213914871216,-4.540376663208008,0.0,0.0,0.0,1.0],"isLocked":0}]},{"UID":2081450162,"ParentUID":2314792732,"Name":"Tail1_$AssimpFbx$_Translation","isStatic":0,"isBoneRoot":0,"baseState":[1.0,0.0,0.0,0.0,0.0,1.0,0.0,0.0,0.0,0.0,1.0,0.0,0.0,0.0,0.0,1.0],"Components":[{"Type":0,"Enabled":1,"Position":[0.09591574221849442,13.50897216796875,3.4315316677093508],"Rotation":[0.0,0.0,0.0,1.0],"Euler":[-0.0,0.0,-0.0],"Scale":[1.0,1.0,1.0],"Global":[1.0,0.0,0.0,-13.364943504333496,0.0,0.05894213914871216,0.9982614517211914,20.583194732666017,0.0,-0.9982614517211914,0.05894213914871216,-17.82360076904297,0.0,0.0,0.0,1.0],"isLocked":0}]},{"UID":581550360,"ParentUID":2081450162,"Name":"Tail1_$AssimpFbx$_PreRotation","isStatic":0,"isBoneRoot":0,"baseState":[1.0,0.0,0.0,0.0,0.0,1.0,0.0,0.0,0.0,0.0,1.0,0.0,0.0,0.0,0.0,1.0],"Components":[{"Type":0,"Enabled":1,"Position":[0.0,0.0,0.0],"Rotation":[0.90977543592453,0.0017177591798827053,-0.003764995140954852,-0.4150802195072174],"Euler":[-130.9508056640625,-0.47422054409980776,-1.3340670790285003e-8],"Scale":[1.0,0.9999999403953552,0.9999999403953552],"Global":[0.9999657273292542,2.3283062977608183e-10,-0.008276615291833878,-13.364943504333496,-0.00504670012742281,-0.7925906777381897,-0.6097332835197449,20.583194732666017,-0.006559968926012516,0.6097540855407715,-0.7925635576248169,-17.82360076904297,0.0,0.0,0.0,1.0],"isLocked":0}]},{"UID":955261589,"ParentUID":581550360,"Name":"Tail1_$AssimpFbx$_Rotation","isStatic":0,"isBoneRoot":0,"baseState":[1.0,0.0,0.0,0.0,0.0,1.0,0.0,0.0,0.0,0.0,1.0,0.0,0.0,0.0,0.0,1.0],"Components":[{"Type":0,"Enabled":1,"Position":[0.0,0.0,0.0],"Rotation":[0.1715678572654724,0.0020388246048241855,0.0010709846392273903,0.9851696491241455],"Euler":[19.757854461669923,0.2512238025665283,0.08082278072834015],"Scale":[0.9999999403953552,0.9999999403953552,1.0],"Global":[0.9999852776527405,-0.004208480939269066,-0.0034047747030854227,-13.364943504333496,-0.005048331804573536,-0.9520421624183655,-0.3059253394603729,20.583194732666017,-0.00195400882512331,0.30593791604042055,-0.9520494341850281,-17.82360076904297,0.0,0.0,0.0,1.0],"isLocked":0}]},{"UID":2274444535,"ParentUID":955261589,"Name":"Tail1","isStatic":0,"isBoneRoot":0,"baseState":[1.0,0.0,0.0,0.0,0.0,1.0,0.0,0.0,0.0,0.0,1.0,0.0,0.0,0.0,0.0,1.0],"Components":[{"Type":0,"Enabled":1,"Position":[0.0,0.0,0.0],"Rotation":[0.0,0.0,0.0,1.0],"Euler":[-0.0,0.0,-0.0],"Scale":[1.0,1.0,1.0],"Global":[0.9999852776527405,-0.004208480939269066,-0.0034047747030854227,-13.364943504333496,-0.005048331804573536,-0.9520421624183655,-0.3059253394603729,20.583194732666017,-0.00195400882512331,0.30593791604042055,-0.9520494341850281,-17.82360076904297,0.0,0.0,0.0,1.0],"isLocked":0}]},{"UID":383563949,"ParentUID":2274444535,"Name":"Tail2_$AssimpFbx$_Translation","isStatic":0,"isBoneRoot":0,"baseState":[1.0,0.0,0.0,0.0,0.0,1.0,0.0,0.0,0.0,0.0,1.0,0.0,0.0,0.0,0.0,1.0],"Components":[{"Type":0,"Enabled":1,"Position":[-2.2032933235168459,10.826773643493653,7.460284233093262],"Rotation":[0.0,0.0,0.0,1.0],"Euler":[-0.0,0.0,-0.0],"Scale":[1.0,1.0,1.0],"Global":[0.9999852776527405,-0.004208480939269066,-0.0034047747030854227,-15.639169692993164,-0.005048331804573536,-0.9520421624183655,-0.3059253394603729,8.00448226928711,-0.00195400882512331,0.30593791604042055,-0.9520494341850281,-21.609535217285158,0.0,0.0,0.0,1.0],"isLocked":0}]},{"UID":486176313,"ParentUID":383563949,"Name":"Tail2_$AssimpFbx$_PreRotation","isStatic":0,"isBoneRoot":0,"baseState":[1.0,0.0,0.0,0.0,0.0,1.0,0.0,0.0,0.0,0.0,1.0,0.0,0.0,0.0,0.0,1.0],"Components":[{"Type":0,"Enabled":1,"Position":[0.0,0.0,0.0],"Rotation":[0.27228251099586489,0.0039819832891225819,-0.0011268079979345203,0.9622084498405457],"Euler":[31.601423263549806,0.4039027988910675,-0.24849286675453187],"Scale":[0.9999999403953552,1.0,0.9999999403953552],"Global":[0.9999791383743286,-0.001031642546877265,0.00635466817766428,-15.639169692993164,-0.002516132779419422,-0.9711946249008179,0.23827442526817323,8.00448226928711,0.0059258053079247479,-0.23828557133674622,-0.9711769819259644,-21.609535217285158,0.0,0.0,0.0,1.0],"isLocked":0}]},{"UID":3506910407,"ParentUID":486176313,"Name":"Tail2_$AssimpFbx$_Rotation","isStatic":0,"isBoneRoot":0,"baseState":[1.0,0.0,0.0,0.0,0.0,1.0,0.0,0.0,0.0,0.0,1.0,0.0,0.0,0.0,0.0,1.0],"Components":[{"Type":0,"Enabled":1,"Position":[0.0,0.0,0.0],"Rotation":[-0.27229100465774538,-0.004526485223323107,-0.0010878689354285598,0.9622036814689636],"Euler":[-31.602689743041993,-0.465153306722641,-0.2611949145793915],"Scale":[1.0,1.0,1.0],"Global":[0.9999945759773254,0.0003500112798064947,-0.003246680833399296,-15.639169692993164,-0.0006601379718631506,-0.9520435333251953,-0.3059617280960083,8.00448226928711,-0.003198071848601103,0.3059621751308441,-0.9520382285118103,-21.609535217285158,0.0,0.0,0.0,1.0],"isLocked":0}]},{"UID":2814809755,"ParentUID":3506910407,"Name":"Tail2","isStatic":0,"isBoneRoot":0,"baseState":[1.0,0.0,0.0,0.0,0.0,1.0,0.0,0.0,0.0,0.0,1.0,0.0,0.0,0.0,0.0,1.0],"Components":[{"Type":0,"Enabled":1,"Position":[0.0,0.0,0.0],"Rotation":[0.0,0.0,0.0,1.0],"Euler":[-0.0,0.0,-0.0],"Scale":[1.0,1.0,1.0],"Global":[0.9999945759773254,0.0003500112798064947,-0.003246680833399296,-15.639169692993164,-0.0006601379718631506,-0.9520435333251953,-0.3059617280960083,8.00448226928711,-0.003198071848601103,0.3059621751308441,-0.9520382285118103,-21.609535217285158,0.0,0.0,0.0,1.0],"isLocked":0}]},{"UID":3445922062,"ParentUID":2814809755,"Name":"Tail3_$AssimpFbx$_Translation","isStatic":0,"isBoneRoot":0,"baseState":[1.0,0.0,0.0,0.0,0.0,1.0,0.0,0.0,0.0,0.0,1.0,0.0,0.0,0.0,0.0,1.0],"Components":[{"Type":0,"Enabled":1,"Position":[5.15371979033924e-13,1.6431300764452318e-14,17.295822143554689],"Rotation":[0.0,0.0,0.0,1.0],"Euler":[-0.0,0.0,-0.0],"Scale":[1.0,1.0,1.0],"Global":[0.9999945759773254,0.0003500112798064947,-0.003246680833399296,-15.695323944091797,-0.0006601379718631506,-0.9520435333251953,-0.3059617280960083,2.71262264251709,-0.003198071848601103,0.3059621751308441,-0.9520382285118103,-38.07582092285156,0.0,0.0,0.0,1.0],"isLocked":0}]},{"UID":1111533956,"ParentUID":3445922062,"Name":"Tail3_$AssimpFbx$_PreRotation","isStatic":0,"isBoneRoot":0,"baseState":[1.0,0.0,0.0,0.0,0.0,1.0,0.0,0.0,0.0,0.0,1.0,0.0,0.0,0.0,0.0,1.0],"Components":[{"Type":0,"Enabled":1,"Position":[0.0,0.0,0.0],"Rotation":[0.9986426830291748,0.0,0.0,-0.052084781229496],"Euler":[-174.02880859375,0.0,-0.0],"Scale":[1.0,1.0,1.0],"Global":[0.9999945759773254,-0.000010365969501435757,0.0032654767856001856,-15.695323944091797,-0.0006601379718631506,0.9787067770957947,0.20526236295700074,2.71262264251709,-0.003198071848601103,-0.20526336133480073,0.9787015914916992,-38.07582092285156,0.0,0.0,0.0,1.0],"isLocked":0}]},{"UID":3905126146,"ParentUID":1111533956,"Name":"Tail3","isStatic":0,"isBoneRoot":0,"baseState":[1.0,0.0,0.0,0.0,0.0,1.0,0.0,0.0,0.0,0.0,1.0,0.0,0.0,0.0,0.0,1.0],"Components":[{"Type":0,"Enabled":1,"Position":[0.0,0.0,0.0],"Rotation":[0.0,0.0,0.0,1.0],"Euler":[-0.0,0.0,-0.0],"Scale":[1.0,1.0,1.0],"Global":[0.9999945759773254,-0.000010365969501435757,0.0032654767856001856,-15.695323944091797,-0.0006601379718631506,0.9787067770957947,0.20526236295700074,2.71262264251709,-0.003198071848601103,-0.20526336133480073,0.9787015914916992,-38.07582092285156,0.0,0.0,0.0,1.0],"isLocked":0}]},{"UID":2870323004,"ParentUID":2314792732,"Name":"HipSway_$AssimpFbx$_PreRotation","isStatic":0,"isBoneRoot":0,"baseState":[1.0,0.0,0.0,0.0,0.0,1.0,0.0,0.0,0.0,0.0,1.0,0.0,0.0,0.0,0.0,1.0],"Components":[{"Type":0,"Enabled":1,"Position":[0.0,0.0,0.0],"Rotation":[0.686904788017273,0.0017144732410088182,0.0013568312861025334,0.7267441749572754],"Euler":[86.77149200439453,0.24958088994026185,-0.021957170218229295],"Scale":[1.0,1.0,0.9999999403953552],"Global":[0.9999904632568359,0.00038322131149470806,0.004355994053184986,-13.460859298706055,-0.0003717752988450229,0.999996542930603,-0.0026281997561454775,16.36138153076172,-0.004356986843049526,0.00262654572725296,0.9999871253967285,-4.540376663208008,0.0,0.0,0.0,1.0],"isLocked":0}]},{"UID":1324069972,"ParentUID":2870323004,"Name":"HipSway_$AssimpFbx$_Rotation","isStatic":0,"isBoneRoot":0,"baseState":[1.0,0.0,0.0,0.0,0.0,1.0,0.0,0.0,0.0,0.0,1.0,0.0,0.0,0.0,0.0,1.0],"Components":[{"Type":0,"Enabled":1,"Position":[0.0,0.0,0.0],"Rotation":[0.015434716828167439,-0.10364552587270737,0.11929429322481156,0.9873136281967163],"Euler":[3.23069429397583,-11.594200134277344,14.107060432434082],"Scale":[1.0,1.0,1.0],"Global":[0.951040506362915,-0.23836177587509156,-0.1967376321554184,-13.460859298706055,0.23146070539951325,0.9711315631866455,-0.05770202353596687,16.36138153076172,0.20481209456920625,0.009339915588498116,0.9787567853927612,-4.540376663208008,0.0,0.0,0.0,1.0],"isLocked":0}]},{"UID":2503646484,"ParentUID":1324069972,"Name":"HipSway","isStatic":0,"isBoneRoot":0,"baseState":[1.0,0.0,0.0,0.0,0.0,1.0,0.0,0.0,0.0,0.0,1.0,0.0,0.0,0.0,0.0,1.0],"Components":[{"Type":0,"Enabled":1,"Position":[0.0,0.0,0.0],"Rotation":[0.0,0.0,0.0,1.0],"Euler":[-0.0,0.0,-0.0],"Scale":[1.0,1.0,1.0],"Global":[0.951040506362915,-0.23836177587509156,-0.1967376321554184,-13.460859298706055,0.23146070539951325,0.9711315631866455,-0.05770202353596687,16.36138153076172,0.20481209456920625,0.009339915588498116,0.9787567853927612,-4.540376663208008,0.0,0.0,0.0,1.0],"isLocked":0}]},{"UID":1430065169,"ParentUID":2503646484,"Name":"RightLeg_$AssimpFbx$_Translation","isStatic":0,"isBoneRoot":0,"baseState":[1.0,0.0,0.0,0.0,0.0,1.0,0.0,0.0,0.0,0.0,1.0,0.0,0.0,0.0,0.0,1.0],"Components":[{"Type":0,"Enabled":1,"Position":[-16.864547729492189,-1.2364217042922974,14.716957092285157],"Rotation":[0.0,0.0,0.0,1.0],"Euler":[-0.0,0.0,-0.0],"Scale":[1.0,1.0,1.0],"Global":[0.951040506362915,-0.23836177587509156,-0.1967376321554184,-32.10039138793945,0.23146070539951325,0.9711315631866455,-0.05770202353596687,10.407975196838379,0.20481209456920625,0.009339915588498116,0.9787567853927612,6.398333549499512,0.0,0.0,0.0,1.0],"isLocked":0}]},{"UID":2692207315,"ParentUID":1430065169,"Name":"RightLeg_$AssimpFbx$_PreRotation","isStatic":0,"isBoneRoot":0,"baseState":[1.0,0.0,0.0,0.0,0.0,1.0,0.0,0.0,0.0,0.0,1.0,0.0,0.0,0.0,0.0,1.0],"Components":[{"Type":0,"Enabled":1,"Position":[0.0,0.0,0.0],"Rotation":[-0.08715205639600754,-0.6052075028419495,0.7886784076690674,0.06414765119552612],"Euler":[75.03054809570313,-12.422283172607422,-179.74732971191407],"Scale":[0.9999999403953552,0.9999999403953552,1.0],"Global":[-0.9662599563598633,0.25589433312416079,-0.029329940676689149,-32.10039138793945,-0.021880226209759713,-0.1950090527534485,-0.9805575609207153,10.407975196838379,-0.25663867592811587,-0.946831464767456,0.19402816891670228,6.398333549499512,0.0,0.0,0.0,1.0],"isLocked":0}]},{"UID":3347179608,"ParentUID":2692207315,"Name":"RightLeg_$AssimpFbx$_Rotation","isStatic":0,"isBoneRoot":0,"baseState":[1.0,0.0,0.0,0.0,0.0,1.0,0.0,0.0,0.0,0.0,1.0,0.0,0.0,0.0,0.0,1.0],"Components":[{"Type":0,"Enabled":1,"Position":[0.0,0.0,0.0],"Rotation":[0.0,0.0,0.0,1.0],"Euler":[-0.0,0.0,-0.0],"Scale":[1.0,1.0,1.0],"Global":[-0.9662599563598633,0.25589433312416079,-0.029329940676689149,-32.10039138793945,-0.021880226209759713,-0.1950090527534485,-0.9805575609207153,10.407975196838379,-0.25663867592811587,-0.946831464767456,0.19402816891670228,6.398333549499512,0.0,0.0,0.0,1.0],"isLocked":0}]},{"UID":3767712715,"ParentUID":3347179608,"Name":"RightLeg","isStatic":0,"isBoneRoot":0,"baseState":[1.0,0.0,0.0,0.0,0.0,1.0,0.0,0.0,0.0,0.0,1.0,0.0,0.0,0.0,0.0,1.0],"Components":[{"Type":0,"Enabled":1,"Position":[0.0,0.0,0.0],"Rotation":[0.0,0.0,0.0,1.0],"Euler":[-0.0,0.0,-0.0],"Scale":[1.0,1.0,1.0],"Global":[-0.9662599563598633,0.25589433312416079,-0.029329940676689149,-32.10039138793945,-0.021880226209759713,-0.1950090527534485,-0.9805575609207153,10.407975196838379,-0.25663867592811587,-0.946831464767456,0.19402816891670228,6.398333549499512,0.0,0.0,0.0,1.0],"isLocked":0}]},{"UID":877896312,"ParentUID":3767712715,"Name":"RightToe_$AssimpFbx$_Translation","isStatic":0,"isBoneRoot":0,"baseState":[1.0,0.0,0.0,0.0,0.0,1.0,0.0,0.0,0.0,0.0,1.0,0.0,0.0,0.0,0.0,1.0],"Components":[{"Type":0,"Enabled":1,"Position":[3.552713678800501e-15,-1.0658141036401503e-14,12.343774795532227],"Rotation":[0.0,0.0,0.0,1.0],"Euler":[-0.0,0.0,-0.0],"Scale":[1.0,1.0,1.0],"Global":[-0.9662599563598633,0.25589433312416079,-0.029329940676689149,-32.462432861328128,-0.021880226209759713,-0.1950090527534485,-0.9805575609207153,-1.6958065032958985,-0.25663867592811587,-0.946831464767456,0.19402816891670228,8.793373107910157,0.0,0.0,0.0,1.0],"isLocked":0}]},{"UID":3656294909,"ParentUID":877896312,"Name":"RightToe_$AssimpFbx$_PreRotation","isStatic":0,"isBoneRoot":0,"baseState":[1.0,0.0,0.0,0.0,0.0,1.0,0.0,0.0,0.0,0.0,1.0,0.0,0.0,0.0,0.0,1.0],"Components":[{"Type":0,"Enabled":1,"Position":[0.0,0.0,0.0],"Rotation":[-0.08250369876623154,-0.6058343052864075,0.7883738279342651,-0.06800469011068344],"Euler":[75.36837768554688,-2.7333786487579347,-168.0282440185547],"Scale":[1.0,1.0,1.0],"Global":[0.9485429525375366,-0.2381974458694458,-0.20863501727581025,-32.462432861328128,0.23115095496177674,0.9711939096450806,-0.05789656937122345,-1.6958065032958985,0.2164158672094345,0.006691351532936096,0.9762784242630005,8.793373107910157,0.0,0.0,0.0,1.0],"isLocked":0}]},{"UID":2404682606,"ParentUID":3656294909,"Name":"RightToe","isStatic":0,"isBoneRoot":0,"baseState":[1.0,0.0,0.0,0.0,0.0,1.0,0.0,0.0,0.0,0.0,1.0,0.0,0.0,0.0,0.0,1.0],"Components":[{"Type":0,"Enabled":1,"Position":[0.0,0.0,0.0],"Rotation":[0.0,0.0,0.0,1.0],"Euler":[-0.0,0.0,-0.0],"Scale":[1.0,1.0,1.0],"Global":[0.9485429525375366,-0.2381974458694458,-0.20863501727581025,-32.462432861328128,0.23115095496177674,0.9711939096450806,-0.05789656937122345,-1.6958065032958985,0.2164158672094345,0.006691351532936096,0.9762784242630005,8.793373107910157,0.0,0.0,0.0,1.0],"isLocked":0}]},{"UID":462677591,"ParentUID":2503646484,"Name":"LeftLeg_$AssimpFbx$_Translation","isStatic":0,"isBoneRoot":0,"baseState":[1.0,0.0,0.0,0.0,0.0,1.0,0.0,0.0,0.0,0.0,1.0,0.0,0.0,0.0,0.0,1.0],"Components":[{"Type":0,"Enabled":1,"Position":[16.592044830322267,3.806708574295044,15.226323127746582],"Rotation":[0.0,0.0,0.0,1.0],"Euler":[-0.0,0.0,-0.0],"Scale":[1.0,1.0,1.0],"Global":[0.951040506362915,-0.23836177587509156,-0.1967376321554184,-1.584115982055664,0.23146070539951325,0.9711315631866455,-0.05770202353596687,23.02001190185547,0.20481209456920625,0.009339915588498116,0.9787567853927612,13.796297073364258,0.0,0.0,0.0,1.0],"isLocked":0}]},{"UID":467213028,"ParentUID":462677591,"Name":"LeftLeg_$AssimpFbx$_PreRotation","isStatic":0,"isBoneRoot":0,"baseState":[1.0,0.0,0.0,0.0,0.0,1.0,0.0,0.0,0.0,0.0,1.0,0.0,0.0,0.0,0.0,1.0],"Components":[{"Type":0,"Enabled":1,"Position":[0.0,0.0,0.0],"Rotation":[0.08394765853881836,-0.6048887372016907,0.7890259623527527,-0.06708554923534394],"Euler":[74.92221069335938,12.335301399230957,-179.74742126464845],"Scale":[1.0,1.0,1.0],"Global":[-0.8897300958633423,0.2558944523334503,0.3780195713043213,-1.584115982055664,-0.430510550737381,-0.1950092613697052,-0.8812674283981323,23.02001190185547,-0.15179415047168733,-0.9468314051628113,0.28367072343826296,13.796297073364258,0.0,0.0,0.0,1.0],"isLocked":0}]},{"UID":3315455798,"ParentUID":467213028,"Name":"LeftLeg_$AssimpFbx$_Rotation","isStatic":0,"isBoneRoot":0,"baseState":[1.0,0.0,0.0,0.0,0.0,1.0,0.0,0.0,0.0,0.0,1.0,0.0,0.0,0.0,0.0,1.0],"Components":[{"Type":0,"Enabled":1,"Position":[0.0,0.0,0.0],"Rotation":[0.0,0.0,0.0,1.0],"Euler":[-0.0,0.0,-0.0],"Scale":[1.0,1.0,1.0],"Global":[-0.8897300958633423,0.2558944523334503,0.3780195713043213,-1.584115982055664,-0.430510550737381,-0.1950092613697052,-0.8812674283981323,23.02001190185547,-0.15179415047168733,-0.9468314051628113,0.28367072343826296,13.796297073364258,0.0,0.0,0.0,1.0],"isLocked":0}]},{"UID":406589973,"ParentUID":3315455798,"Name":"LeftLeg","isStatic":0,"isBoneRoot":0,"baseState":[1.0,0.0,0.0,0.0,0.0,1.0,0.0,0.0,0.0,0.0,1.0,0.0,0.0,0.0,0.0,1.0],"Components":[{"Type":0,"Enabled":1,"Position":[0.0,0.0,0.0],"Rotation":[0.0,0.0,0.0,1.0],"Euler":[-0.0,0.0,-0.0],"Scale":[1.0,1.0,1.0],"Global":[-0.8897300958633423,0.2558944523334503,0.3780195713043213,-1.584115982055664,-0.430510550737381,-0.1950092613697052,-0.8812674283981323,23.02001190185547,-0.15179415047168733,-0.9468314051628113,0.28367072343826296,13.796297073364258,0.0,0.0,0.0,1.0],"isLocked":0}]},{"UID":3045284663,"ParentUID":406589973,"Name":"LeftToe_$AssimpFbx$_Translation","isStatic":0,"isBoneRoot":0,"baseState":[1.0,0.0,0.0,0.0,0.0,1.0,0.0,0.0,0.0,0.0,1.0,0.0,0.0,0.0,0.0,1.0],"Components":[{"Type":0,"Enabled":1,"Position":[-7.105427357601002e-15,-2.3092638912203257e-14,12.343774795532227],"Rotation":[0.0,0.0,0.0,1.0],"Euler":[-0.0,0.0,-0.0],"Scale":[1.0,1.0,1.0],"Global":[-0.8897300958633423,0.2558944523334503,0.3780195713043213,3.0820722579956056,-0.430510550737381,-0.1950092613697052,-0.8812674283981323,12.141845703125,-0.15179415047168733,-0.9468314051628113,0.28367072343826296,17.29786491394043,0.0,0.0,0.0,1.0],"isLocked":0}]},{"UID":3302710577,"ParentUID":3045284663,"Name":"LeftToe_$AssimpFbx$_PreRotation","isStatic":0,"isBoneRoot":0,"baseState":[1.0,0.0,0.0,0.0,0.0,1.0,0.0,0.0,0.0,0.0,1.0,0.0,0.0,0.0,0.0,1.0],"Components":[{"Type":0,"Enabled":1,"Position":[0.0,0.0,0.0],"Rotation":[0.08250369876623154,-0.6058343052864075,0.7883738279342651,0.06800469011068344],"Euler":[75.36837768554688,2.7333786487579347,168.0282440185547],"Scale":[1.0,1.0,1.0],"Global":[0.9515698552131653,-0.23819738626480103,-0.19436350464820863,3.0820722579956056,0.2319946140050888,0.971193790435791,-0.054417684674263,12.141845703125,0.2017267793416977,0.006690949201583862,0.9794191122055054,17.29786491394043,0.0,0.0,0.0,1.0],"isLocked":0}]},{"UID":607949735,"ParentUID":3302710577,"Name":"LeftToe","isStatic":0,"isBoneRoot":0,"baseState":[1.0,0.0,0.0,0.0,0.0,1.0,0.0,0.0,0.0,0.0,1.0,0.0,0.0,0.0,0.0,1.0],"Components":[{"Type":0,"Enabled":1,"Position":[0.0,0.0,0.0],"Rotation":[0.0,0.0,0.0,1.0],"Euler":[-0.0,0.0,-0.0],"Scale":[1.0,1.0,1.0],"Global":[0.9515698552131653,-0.23819738626480103,-0.19436350464820863,3.0820722579956056,0.2319946140050888,0.971193790435791,-0.054417684674263,12.141845703125,0.2017267793416977,0.006690949201583862,0.9794191122055054,17.29786491394043,0.0,0.0,0.0,1.0],"isLocked":0}]},{"UID":3200006396,"ParentUID":2314792732,"Name":"Spine_$AssimpFbx$_Translation","isStatic":0,"isBoneRoot":0,"baseState":[1.0,0.0,0.0,0.0,0.0,1.0,0.0,0.0,0.0,0.0,1.0,0.0,0.0,0.0,0.0,1.0],"Components":[{"Type":0,"Enabled":1,"Position":[2.742750883102417,6.53713321685791,14.960992813110352],"Rotation":[0.0,0.0,0.0,1.0],"Euler":[-0.0,0.0,-0.0],"Scale":[1.0,1.0,1.0],"Global":[1.0,0.0,0.0,-10.718108177185059,0.0,0.05894213914871216,0.9982614517211914,31.681676864624025,0.0,-0.9982614517211914,0.05894213914871216,-10.184311866760254,0.0,0.0,0.0,1.0],"isLocked":0}]},{"UID":3201423410,"ParentUID":3200006396,"Name":"Spine_$AssimpFbx$_PreRotation","isStatic":0,"isBoneRoot":0,"baseState":[1.0,0.0,0.0,0.0,0.0,1.0,0.0,0.0,0.0,0.0,1.0,0.0,0.0,0.0,0.0,1.0],"Components":[{"Type":0,"Enabled":1,"Position":[0.0,0.0,0.0],"Rotation":[0.12456781417131424,0.0,0.0,0.992211103439331],"Euler":[14.311595916748047,0.0,-0.0],"Scale":[1.0,1.0,1.0],"Global":[1.0,0.0,0.0,-10.718108177185059,0.0,0.3038782775402069,0.9527108669281006,31.681676864624025,0.0,-0.9527108669281006,0.3038782775402069,-10.184311866760254,0.0,0.0,0.0,1.0],"isLocked":0}]},{"UID":1364077164,"ParentUID":3201423410,"Name":"Spine_$AssimpFbx$_Rotation","isStatic":0,"isBoneRoot":0,"baseState":[1.0,0.0,0.0,0.0,0.0,1.0,0.0,0.0,0.0,0.0,1.0,0.0,0.0,0.0,0.0,1.0],"Components":[{"Type":0,"Enabled":1,"Position":[0.0,0.0,0.0],"Rotation":[0.10407942533493042,-0.30596593022346499,-0.493031769990921,0.8077573776245117],"Euler":[-9.582730293273926,-36.64973068237305,-65.977783203125],"Scale":[0.9999999403953552,0.9999999403953552,1.0],"Global":[0.3266089856624603,0.7328104972839356,-0.5969213843345642,-10.718108177185059,0.11174917221069336,0.5971862077713013,0.7942799925804138,31.681676864624025,0.9385299682617188,-0.32612448930740359,0.11315545439720154,-10.184311866760254,0.0,0.0,0.0,1.0],"isLocked":0}]},{"UID":882420185,"ParentUID":1364077164,"Name":"Spine","isStatic":0,"isBoneRoot":0,"baseState":[1.0,0.0,0.0,0.0,0.0,1.0,0.0,0.0,0.0,0.0,1.0,0.0,0.0,0.0,0.0,1.0],"Components":[{"Type":0,"Enabled":1,"Position":[0.0,0.0,0.0],"Rotation":[0.0,0.0,0.0,1.0],"Euler":[-0.0,0.0,-0.0],"Scale":[1.0,1.0,1.0],"Global":[0.3266089856624603,0.7328104972839356,-0.5969213843345642,-10.718108177185059,0.11174917221069336,0.5971862077713013,0.7942799925804138,31.681676864624025,0.9385299682617188,-0.32612448930740359,0.11315545439720154,-10.184311866760254,0.0,0.0,0.0,1.0],"isLocked":0}]},{"UID":460997015,"ParentUID":882420185,"Name":"RightShoulder_$AssimpFbx$_Translation","isStatic":0,"isBoneRoot":0,"baseState":[1.0,0.0,0.0,0.0,0.0,1.0,0.0,0.0,0.0,0.0,1.0,0.0,0.0,0.0,0.0,1.0],"Components":[{"Type":0,"Enabled":1,"Position":[-8.406879425048829,2.910036087036133,20.83737564086914],"Rotation":[0.0,0.0,0.0,1.0],"Euler":[-0.0,0.0,-0.0],"Scale":[1.0,1.0,1.0],"Global":[0.3266089856624603,0.7328104972839356,-0.5969213843345642,-23.769641876220704,0.11174917221069336,0.5971862077713013,0.7942799925804138,49.03076171875,0.9385299682617188,-0.32612448930740359,0.11315545439720154,-16.665592193603517,0.0,0.0,0.0,1.0],"isLocked":0}]},{"UID":2548660495,"ParentUID":460997015,"Name":"RightShoulder_$AssimpFbx$_PreRotation","isStatic":0,"isBoneRoot":0,"baseState":[1.0,0.0,0.0,0.0,0.0,1.0,0.0,0.0,0.0,0.0,1.0,0.0,0.0,0.0,0.0,1.0],"Components":[{"Type":0,"Enabled":1,"Position":[0.0,0.0,0.0],"Rotation":[0.6759945154190064,0.0326053649187088,0.7125832438468933,0.18491482734680177],"Euler":[67.58900451660156,77.28140258789063,94.60499572753906],"Scale":[1.0,0.9999999403953552,1.0],"Global":[-0.34822750091552737,-0.9297827482223511,0.11933904886245728,-23.769641876220704,0.937364399433136,-0.34411948919296267,0.054128244519233707,49.03076171875,-0.009260721504688263,0.13071316480636598,0.9913769960403442,-16.665592193603517,0.0,0.0,0.0,1.0],"isLocked":0}]},{"UID":3421001239,"ParentUID":2548660495,"Name":"RightShoulder","isStatic":0,"isBoneRoot":0,"baseState":[1.0,0.0,0.0,0.0,0.0,1.0,0.0,0.0,0.0,0.0,1.0,0.0,0.0,0.0,0.0,1.0],"Components":[{"Type":0,"Enabled":1,"Position":[0.0,0.0,0.0],"Rotation":[0.0,0.0,0.0,1.0],"Euler":[-0.0,0.0,-0.0],"Scale":[1.0,1.0,1.0],"Global":[-0.34822750091552737,-0.9297827482223511,0.11933904886245728,-23.769641876220704,0.937364399433136,-0.34411948919296267,0.054128244519233707,49.03076171875,-0.009260721504688263,0.13071316480636598,0.9913769960403442,-16.665592193603517,0.0,0.0,0.0,1.0],"isLocked":0}]},{"UID":3722476918,"ParentUID":3421001239,"Name":"RightUpperArm_IK_$AssimpFbx$_Translation","isStatic":0,"isBoneRoot":0,"baseState":[1.0,0.0,0.0,0.0,0.0,1.0,0.0,0.0,0.0,0.0,1.0,0.0,0.0,0.0,0.0,1.0],"Components":[{"Type":0,"Enabled":1,"Position":[0.3109820783138275,-0.0007143501425161958,-15.320268630981446],"Rotation":[0.0,0.0,0.0,1.0],"Euler":[-0.0,0.0,-0.0],"Scale":[1.0,1.0,1.0],"Global":[-0.34822750091552737,-0.9297827482223511,0.11933904886245728,-25.705575942993165,0.937364399433136,-0.34411948919296267,0.054128244519233707,48.49325180053711,-0.009260721504688263,0.13071316480636598,0.9913769960403442,-31.856727600097658,0.0,0.0,0.0,1.0],"isLocked":0}]},{"UID":3105701129,"ParentUID":3722476918,"Name":"RightUpperArm_IK_$AssimpFbx$_PreRotation","isStatic":0,"isBoneRoot":0,"baseState":[1.0,0.0,0.0,0.0,0.0,1.0,0.0,0.0,0.0,0.0,1.0,0.0,0.0,0.0,0.0,1.0],"Components":[{"Type":0,"Enabled":1,"Position":[0.0,0.0,0.0],"Rotation":[0.0915522575378418,-0.015432505868375302,0.00023990859335754067,0.9956807494163513],"Euler":[10.509988784790039,-1.7585556507110596,0.18936647474765778],"Scale":[1.0,1.0,0.9999999403953552],"Global":[-0.3422057032585144,-0.8912895321846008,0.29748690128326418,-25.705575942993165,0.9393916726112366,-0.33157941699028017,0.08716967701911926,48.49325180053711,0.02094702236354351,0.3092867136001587,0.9507380723953247,-31.856727600097658,0.0,0.0,0.0,1.0],"isLocked":0}]},{"UID":2385790425,"ParentUID":3105701129,"Name":"RightUpperArm_IK_$AssimpFbx$_Rotation","isStatic":0,"isBoneRoot":0,"baseState":[1.0,0.0,0.0,0.0,0.0,1.0,0.0,0.0,0.0,0.0,1.0,0.0,0.0,0.0,0.0,1.0],"Components":[{"Type":0,"Enabled":1,"Position":[0.0,0.0,0.0],"Rotation":[0.5144366025924683,0.06871165335178375,0.17265136539936067,0.8371530175209045],"Euler":[61.15831756591797,17.018516540527345,13.20149040222168],"Scale":[1.0,0.9999999403953552,0.9999999403953552],"Global":[-0.6206092238426209,-0.02838250994682312,0.7836062908172607,-25.705575942993165,0.7606825828552246,-0.2643006443977356,0.5928805470466614,48.49325180053711,0.19028016924858094,0.9640225768089294,0.1856173276901245,-31.856727600097658,0.0,0.0,0.0,1.0],"isLocked":0}]},{"UID":1045631573,"ParentUID":2385790425,"Name":"RightUpperArm_IK","isStatic":0,"isBoneRoot":0,"baseState":[1.0,0.0,0.0,0.0,0.0,1.0,0.0,0.0,0.0,0.0,1.0,0.0,0.0,0.0,0.0,1.0],"Components":[{"Type":0,"Enabled":1,"Position":[0.0,0.0