{"navigationScene":{"navDataSize":0},"GameObjects":[{"UID":2622237480,"ParentUID":0,"Name":"Camera","Static":0,"ActiveInHierarchy":1,"ActiveSelf":1,"isBoneRoot":0,"baseState":[1.0,0.0,0.0,0.0,0.0,1.0,0.0,0.0,0.0,0.0,1.0,0.0,0.0,0.0,0.0,1.0],"Navigable":0,"No Walkable":0,"openInHierarchy":1,"Components":[{"Type":0,"Enabled":1,"Position":[0.0,2414.60205078125,-452.0521240234375],"Rotation":[0.47671014070510867,0.0,0.0,0.879060685634613],"Euler":[56.94151306152344,0.0,-0.0],"Scale":[1.0,1.0000016689300538,1.0000016689300538],"Global":[1.0,0.0,0.0,0.0,0.0,0.5454958081245422,-0.8381156325340271,2414.60205078125,0.0,0.8381156325340271,0.5454958081245422,-452.0521240234375,0.0,0.0,0.0,1.0]},{"Type":2,"Enabled":1,"MovementSpeed":5.0,"RotationSpeed":200.0,"ZoomSpeed":0.4000000059604645,"Znear":10.0,"Zfar":100000.0,"vFOV":1.0471975803375245,"hFOV":1.3681707382202149,"Position":[0.0,2414.60205078125,-452.0521240234375],"Front":[0.0,-0.8381142616271973,0.5454949140548706],"Up":[0.0,0.5454949140548706,0.8381142616271973],"isMain":1}]},{"UID":2005346350,"ParentUID":0,"Name":"Directional","Static":0,"ActiveInHierarchy":1,"ActiveSelf":1,"isBoneRoot":0,"baseState":[1.0,0.0,0.0,0.0,0.0,1.0,0.0,0.0,0.0,0.0,1.0,0.0,0.0,0.0,0.0,1.0],"Navigable":0,"No Walkable":0,"openInHierarchy":1,"Components":[{"Type":0,"Enabled":1,"Position":[1404.2430419921876,0.0,-433.93023681640627],"Rotation":[0.45346799492836,0.0,0.0,0.8912725448608398],"Euler":[53.93280792236328,0.0,-0.0],"Scale":[1.0,1.000000238418579,1.000000238418579],"Global":[1.0,0.0,0.0,1404.2430419921876,0.0,0.5887336730957031,-0.808327317237854,0.0,0.0,0.808327317237854,0.5887336730957031,-433.93023681640627,0.0,0.0,0.0,1.0]},{"Type":3,"Enabled":1,"Lighttype":0,"color":[1.0,1.0,1.0],"intensity":1.0,"produceShadows":0}]},{"UID":3901583046,"ParentUID":0,"Name":"Empty","Static":0,"ActiveInHierarchy":1,"ActiveSelf":1,"isBoneRoot":0,"baseState":[1.0,0.0,0.0,0.0,0.0,1.0,0.0,0.0,0.0,0.0,1.0,0.0,0.0,0.0,0.0,1.0],"Navigable":0,"No Walkable":0,"openInHierarchy":1,"Components":[{"Type":0,"Enabled":1,"Position":[-5913.03125,-0.000244140625,2940.1259765625],"Rotation":[0.0,0.0,0.0,1.0],"Euler":[-0.0,0.0,-0.0],"Scale":[10.0,10.0,10.0],"Global":[10.0,0.0,0.0,-5913.03125,0.0,10.0,0.0,-0.000244140625,0.0,0.0,10.0,2940.1259765625,0.0,0.0,0.0,1.0]},{"Type":1,"Enabled":1,"meshUID":4294157154,"materialUID":3041164573,"castShadows":0,"useAlpha":0,"highlighted":0,"highlightColor":[1.0,0.9999899864196777,0.9999899864196777]}]},{"UID":1366046497,"ParentUID":0,"Name":"Player","Static":0,"ActiveInHierarchy":1,"ActiveSelf":1,"isBoneRoot":0,"baseState":[1.0,0.0,0.0,0.0,0.0,1.0,0.0,0.0,0.0,0.0,1.0,0.0,0.0,0.0,0.0,1.0],"Navigable":0,"No Walkable":0,"openInHierarchy":1,"Components":[{"Type":0,"Enabled":1,"Position":[976.9725341796875,0.0,0.0],"Rotation":[0.0,0.0,0.0,1.0],"Euler":[-0.0,0.0,-0.0],"Scale":[1.0,1.0,1.0],"Global":[1.0,0.0,0.0,976.9725341796875,0.0,1.0,0.0,0.0,0.0,0.0,1.0,0.0,0.0,0.0,0.0,1.0]},{"Type":9,"Enabled":1,"script":"PlayerMovement","scriptInfo":{"walkingSpeed":100.0,"firstAttackDuration":1.0,"secondAttackDuration":1.0,"thirdAttackDuration":1.0,"uppercutDuration":1.0,"dashDuration":1.0}}]},{"UID":857459334,"ParentUID":1366046497,"Name":"PlayerMesh","Static":0,"ActiveInHierarchy":1,"ActiveSelf":1,"isBoneRoot":0,"baseState":[1.0,0.0,0.0,0.0,0.0,1.0,0.0,0.0,0.0,0.0,1.0,0.0,0.0,0.0,0.0,1.0],"Navigable":0,"No Walkable":0,"openInHierarchy":1,"Components":[{"Type":0,"Enabled":1,"Position":[0.0,0.0,0.0],"Rotation":[0.0,0.0,0.0,1.0],"Euler":[-0.0,0.0,-0.0],"Scale":[0.20000000298023225,0.20000000298023225,0.20000000298023225],"Global":[0.20000000298023225,0.0,0.0,976.9725341796875,0.0,0.20000000298023225,0.0,0.0,0.0,0.0,0.20000000298023225,0.0,0.0,0.0,0.0,1.0]},{"Type":1,"Enabled":1,"meshUID":3530591418,"materialUID":1712150526,"castShadows":0,"useAlpha":0,"highlighted":0,"highlightColor":[1.0,1.0,1.0]}]},{"UID":3505954036,"ParentUID":0,"Name":"RangeEnemy","Static":0,"ActiveInHierarchy":1,"ActiveSelf":1,"isBoneRoot":0,"baseState":[1.0,0.0,0.0,0.0,0.0,1.0,0.0,0.0,0.0,0.0,1.0,0.0,0.0,0.0,0.0,1.0],"Navigable":0,"No Walkable":0,"openInHierarchy":1,"Components":[{"Type":0,"Enabled":1,"Position":[0.0,0.0,0.0],"Rotation":[0.0,0.0,0.0,1.0],"Euler":[-0.0,0.0,-0.0],"Scale":[1.0,1.0,1.0],"Global":[1.0,0.0,0.0,0.0,0.0,1.0,0.0,0.0,0.0,0.0,1.0,0.0,0.0,0.0,0.0,1.0]},{"Type":9,"Enabled":1,"script":"EnemyControllerScript","scriptInfo":{"playerName":"Player","playerBboxName":"PlayerMesh","myBboxName":"RangeEnemyMesh","health":20}},{"Type":9,"Enabled":1,"script":"RangeEnemyAIScript","scriptInfo":{"projectileName":"EnemyProjectile","activationDistance":1000.0,"runSpeed":60.0,"maxAttackDistance":800.0,"minAttackDistance":500.0,"returnSpeed":50.0,"disengageDistance":1500.0,"attackDuration":1.0,"attackDamage":20.0,"cooldownTime":1.0}}]},{"UID":132630999,"ParentUID":3505954036,"Name":"Scene","Static":0,"ActiveInHierarchy":1,"ActiveSelf":1,"isBoneRoot":1,"baseState":[1.0,0.0,0.0,0.0,0.0,1.0,0.0,0.0,0.0,0.0,1.0,0.0,0.0,0.0,0.0,1.0],"Navigable":0,"No Walkable":0,"openInHierarchy":1,"Components":[{"Type":0,"Enabled":1,"Position":[0.0,0.0,0.0],"Rotation":[0.0,0.0,0.0,1.0],"Euler":[-0.0,0.0,-0.0],"Scale":[1.0,1.0,1.0],"Global":[1.0,0.0,0.0,0.0,0.0,1.0,0.0,0.0,0.0,0.0,1.0,0.0,0.0,0.0,0.0,1.0]},{"Type":4,"Enabled":1,"animUID":1001507625,"stateMachineUID":418487297},{"Type":15,"Enabled":1,"pos":[0.0,0.0,0.0],"r":[1.0,1.0,1.0],"is_player":0,"debug_draw":0}]},{"UID":1140362341,"ParentUID":132630999,"Name":"joint11_$AssimpFbx$_Translation","Static":0,"ActiveInHierarchy":1,"ActiveSelf":1,"isBoneRoot":0,"baseState":[1.0,0.0,0.0,0.0,0.0,1.0,0.0,0.0,0.0,0.0,1.0,0.0,0.0,0.0,0.0,1.0],"Navigable":0,"No Walkable":0,"openInHierarchy":0,"Components":[{"Type":0,"Enabled":1,"Position":[-0.0686928853392601,111.61735534667969,-24.5780086517334],"Rotation":[0.0,0.0,0.0,1.0],"Euler":[-0.0,0.0,-0.0],"Scale":[1.0,1.0,1.0],"Global":[1.0,0.0,0.0,-0.0686928853392601,0.0,1.0,0.0,111.61735534667969,0.0,0.0,1.0,-24.5780086517334,0.0,0.0,0.0,1.0]}]},{"UID":193200876,"ParentUID":1140362341,"Name":"joint11_$AssimpFbx$_PreRotation","Static":0,"ActiveInHierarchy":1,"ActiveSelf":1,"isBoneRoot":0,"baseState":[1.0,0.0,0.0,0.0,0.0,1.0,0.0,0.0,0.0,0.0,1.0,0.0,0.0,0.0,0.0,1.0],"Navigable":0,"No Walkable":0,"openInHierarchy":1,"Components":[{"Type":0,"Enabled":1,"Position":[0.0,0.0,0.0],"Rotation":[0.40916064381599429,0.5767040848731995,0.40916064381599429,0.5767040848731995],"Euler":[70.7099609375,90.0,0.0],"Scale":[0.9999999403953552,0.9999999403953552,1.0],"Global":[0.0,0.0,1.0,-0.0686928853392601,0.9438583850860596,0.33035025000572207,0.0,111.61735534667969,-0.3303503096103668,0.9438583850860596,0.0,-24.5780086517334,0.0,0.0,0.0,1.0]}]},{"UID":3087670007,"ParentUID":193200876,"Name":"joint11_$AssimpFbx$_Rotation","Static":0,"ActiveInHierarchy":1,"ActiveSelf":1,"isBoneRoot":0,"baseState":[1.0,0.0,0.0,0.0,0.0,1.0,0.0,0.0,0.0,0.0,1.0,0.0,0.0,0.0,0.0,1.0],"Navigable":0,"No Walkable":0,"openInHierarchy":1,"Components":[{"Type":0,"Enabled":1,"Position":[0.0,0.0,0.0],"Rotation":[0.009815075434744358,0.003435276448726654,-1.819087849103118e-12,0.9999459385871887],"Euler":[1.1247626543045045,0.39363545179367068,-0.0038638319820165636],"Scale":[0.9999999403953552,1.0,0.9999999403953552],"Global":[-0.006870180834084749,0.019629089161753656,0.9997836947441101,-0.0686928853392601,0.9438583254814148,0.33035027980804446,3.725290298461914e-9,111.61735534667969,-0.33027884364128115,0.9436542391777039,-0.020796645432710649,-24.5780086517334,0.0,0.0,0.0,1.0]}]},{"UID":3036216400,"ParentUID":3087670007,"Name":"joint11","Static":0,"ActiveInHierarchy":1,"ActiveSelf":1,"isBoneRoot":0,"baseState":[1.0,0.0,0.0,0.0,0.0,1.0,0.0,0.0,0.0,0.0,1.0,0.0,0.0,0.0,0.0,1.0],"Navigable":0,"No Walkable":0,"openInHierarchy":1,"Components":[{"Type":0,"Enabled":1,"Position":[0.0,0.0,0.0],"Rotation":[0.0,0.0,0.0,1.0],"Euler":[-0.0,0.0,-0.0],"Scale":[1.0,1.0,1.0],"Global":[-0.006870180834084749,0.019629089161753656,0.9997836947441101,-0.0686928853392601,0.9438583254814148,0.33035027980804446,3.725290298461914e-9,111.61735534667969,-0.33027884364128115,0.9436542391777039,-0.020796645432710649,-24.5780086517334,0.0,0.0,0.0,1.0]}]},{"UID":1947245350,"ParentUID":3036216400,"Name":"joint6_$AssimpFbx$_Translation","Static":0,"ActiveInHierarchy":1,"ActiveSelf":1,"isBoneRoot":0,"baseState":[1.0,0.0,0.0,0.0,0.0,1.0,0.0,0.0,0.0,0.0,1.0,0.0,0.0,0.0,0.0,1.0],"Navigable":0,"No Walkable":0,"openInHierarchy":1,"Components":[{"Type":0,"Enabled":1,"Position":[-5.567787170410156,-1.9487488269805909,-16.92140007019043],"Rotation":[0.0,0.0,0.0,1.0],"Euler":[-0.0,0.0,-0.0],"Scale":[1.0,1.0,1.0],"Global":[-0.006870180834084749,0.019629089161753656,0.9997836947441101,-16.986433029174806,0.9438583254814148,0.33035027980804446,3.725290298461914e-9,105.7183837890625,-0.33027884364128115,0.9436542391777039,-0.020796645432710649,-24.226123809814454,0.0,0.0,0.0,1.0]}]},{"UID":2153928609,"ParentUID":1947245350,"Name":"joint6_$AssimpFbx$_PreRotation","Static":0,"ActiveInHierarchy":1,"ActiveSelf":1,"isBoneRoot":0,"baseState":[1.0,0.0,0.0,0.0,0.0,1.0,0.0,0.0,0.0,0.0,1.0,0.0,0.0,0.0,0.0,1.0],"Navigable":0,"No Walkable":0,"openInHierarchy":1,"Components":[{"Type":0,"Enabled":1,"Position":[0.0,0.0,0.0],"Rotation":[0.9907338619232178,0.13581767678260804,-5.9367786242603419e-9,-4.330635405835892e-8],"Euler":[-179.99998474121095,-0.0000013480018878908596,-15.611808776855469],"Scale":[0.9999999403953552,0.9999999403953552,1.0],"Global":[-0.0013341722078621388,-0.020753895863890649,-0.9997836947441101,-16.986433029174806,0.997939944267273,-0.06415316462516785,1.8831549652986725e-9,105.7183837890625,-0.06413927674293518,-0.9977242946624756,0.02079673297703266,-24.226123809814454,0.0,0.0,0.0,1.0]}]},{"UID":3029168846,"ParentUID":2153928609,"Name":"joint6_$AssimpFbx$_Rotation","Static":0,"ActiveInHierarchy":1,"ActiveSelf":1,"isBoneRoot":0,"baseState":[1.0,0.0,0.0,0.0,0.0,1.0,0.0,0.0,0.0,0.0,1.0,0.0,0.0,0.0,0.0,1.0],"Navigable":0,"No Walkable":0,"openInHierarchy":1,"Components":[{"Type":0,"Enabled":1,"Position":[0.0,0.0,0.0],"Rotation":[-0.007084623910486698,0.011944891884922982,0.06543992459774018,0.9977598190307617],"Euler":[-0.8998657464981079,1.312705636024475,7.515258312225342],"Scale":[0.9999999403953552,1.0,1.0],"Global":[0.020729107782244684,-0.00782816857099533,-0.9997544288635254,-16.986433029174806,0.9807412624359131,-0.1940838098526001,0.0218545813113451,105.7183837890625,-0.19420723617076875,-0.9809537529945374,0.003654221072793007,-24.226123809814454,0.0,0.0,0.0,1.0]}]},{"UID":3014875791,"ParentUID":3029168846,"Name":"joint6","Static":0,"ActiveInHierarchy":1,"ActiveSelf":1,"isBoneRoot":0,"baseState":[1.0,0.0,0.0,0.0,0.0,1.0,0.0,0.0,0.0,0.0,1.0,0.0,0.0,0.0,0.0,1.0],"Navigable":0,"No Walkable":0,"openInHierarchy":1,"Components":[{"Type":0,"Enabled":1,"Position":[0.0,0.0,0.0],"Rotation":[0.0,0.0,0.0,1.0],"Euler":[-0.0,0.0,-0.0],"Scale":[1.0,1.0,1.0],"Global":[0.020729107782244684,-0.00782816857099533,-0.9997544288635254,-16.986433029174806,0.9807412624359131,-0.1940838098526001,0.0218545813113451,105.7183837890625,-0.19420723617076875,-0.9809537529945374,0.003654221072793007,-24.226123809814454,0.0,0.0,0.0,1.0]}]},{"UID":1630005445,"ParentUID":3014875791,"Name":"joint7_$AssimpFbx$_Translation","Static":0,"ActiveInHierarchy":1,"ActiveSelf":1,"isBoneRoot":0,"baseState":[1.0,0.0,0.0,0.0,0.0,1.0,0.0,0.0,0.0,0.0,1.0,0.0,0.0,0.0,0.0,1.0],"Navigable":0,"No Walkable":0,"openInHierarchy":1,"Components":[{"Type":0,"Enabled":1,"Position":[-43.55722427368164,0.00003920478775398806,0.0],"Rotation":[0.0,0.0,0.0,1.0],"Euler":[-0.0,0.0,-0.0],"Scale":[1.0,1.0,1.0],"Global":[0.020729107782244684,-0.00782816857099533,-0.9997544288635254,-17.88933563232422,0.9807412624359131,-0.1940838098526001,0.0218545813113451,63.00000762939453,-0.19420723617076875,-0.9809537529945374,0.003654221072793007,-15.767033576965332,0.0,0.0,0.0,1.0]}]},{"UID":385420107,"ParentUID":1630005445,"Name":"joint7_$AssimpFbx$_PreRotation","Static":0,"ActiveInHierarchy":1,"ActiveSelf":1,"isBoneRoot":0,"baseState":[1.0,0.0,0.0,0.0,0.0,1.0,0.0,0.0,0.0,0.0,1.0,0.0,0.0,0.0,0.0,1.0],"Navigable":0,"No Walkable":0,"openInHierarchy":1,"Components":[{"Type":0,"Enabled":1,"Position":[0.0,0.0,0.0],"Rotation":[0.9966721534729004,-0.08151459693908692,-3.563116024452029e-9,4.3565918872445766e-8],"Euler":[179.99998474121095,-8.138884481923014e-7,9.3512601852417],"Scale":[1.0,1.0,1.0],"Global":[0.0217256061732769,0.004355847369879484,0.9997544288635254,-17.88933563232422,0.999243974685669,0.03214721754193306,-0.021854577586054803,63.00000762939453,-0.03223447501659393,0.9994736909866333,-0.0036541337613016369,-15.767033576965332,0.0,0.0,0.0,1.0]}]},{"UID":623725696,"ParentUID":385420107,"Name":"joint7_$AssimpFbx$_Rotation","Static":0,"ActiveInHierarchy":1,"ActiveSelf":1,"isBoneRoot":0,"baseState":[1.0,0.0,0.0,0.0,0.0,1.0,0.0,0.0,0.0,0.0,1.0,0.0,0.0,0.0,0.0,1.0],"Navigable":0,"No Walkable":0,"openInHierarchy":1,"Components":[{"Type":0,"Enabled":1,"Position":[0.0,0.0,0.0],"Rotation":[0.0,0.0,0.10770905762910843,0.9941824674606323],"Euler":[-0.0,0.0,12.366538047790528],"Scale":[1.0,1.0,1.0],"Global":[0.022154388949275018,-0.0003980817273259163,0.9997544288635254,-17.88933563232422,0.9829438328742981,-0.1826016753911972,-0.021854577586054803,63.00000762939453,0.18256564438343049,0.9831869006156921,-0.0036541337613016369,-15.767033576965332,0.0,0.0,0.0,1.0]}]},{"UID":790977139,"ParentUID":623725696,"Name":"joint7","Static":0,"ActiveInHierarchy":1,"ActiveSelf":1,"isBoneRoot":0,"baseState":[1.0,0.0,0.0,0.0,0.0,1.0,0.0,0.0,0.0,0.0,1.0,0.0,0.0,0.0,0.0,1.0],"Navigable":0,"No Walkable":0,"openInHierarchy":1,"Components":[{"Type":0,"Enabled":1,"Position":[0.0,0.0,0.0],"Rotation":[0.0,0.0,0.0,1.0],"Euler":[-0.0,0.0,-0.0],"Scale":[1.0,1.0,1.0],"Global":[0.022154388949275018,-0.0003980817273259163,0.9997544288635254,-17.88933563232422,0.9829438328742981,-0.1826016753911972,-0.021854577586054803,63.00000762939453,0.18256564438343049,0.9831869006156921,-0.0036541337613016369,-15.767033576965332,0.0,0.0,0.0,1.0]}]},{"UID":1745914424,"ParentUID":790977139,"Name":"joint8_$AssimpFbx$_Translation","Static":0,"ActiveInHierarchy":1,"ActiveSelf":1,"isBoneRoot":0,"baseState":[1.0,0.0,0.0,0.0,0.0,1.0,0.0,0.0,0.0,0.0,1.0,0.0,0.0,0.0,0.0,1.0],"Navigable":0,"No Walkable":0,"openInHierarchy":1,"Components":[{"Type":0,"Enabled":1,"Position":[-47.11334991455078,0.000011862145584018436,0.0],"Rotation":[0.0,0.0,0.0,1.0],"Euler":[-0.0,0.0,-0.0],"Scale":[1.0,1.0,1.0],"Global":[0.022154388949275018,-0.0003980817273259163,0.9997544288635254,-18.933103561401368,0.9829438328742981,-0.1826016753911972,-0.021854577586054803,16.690227508544923,0.18256564438343049,0.9831869006156921,-0.0036541337613016369,-24.368301391601564,0.0,0.0,0.0,1.0]}]},{"UID":663251642,"ParentUID":1745914424,"Name":"joint8_$AssimpFbx$_PreRotation","Static":0,"ActiveInHierarchy":1,"ActiveSelf":1,"isBoneRoot":0,"baseState":[1.0,0.0,0.0,0.0,0.0,1.0,0.0,0.0,0.0,0.0,1.0,0.0,0.0,0.0,0.0,1.0],"Navigable":0,"No Walkable":0,"openInHierarchy":1,"Components":[{"Type":0,"Enabled":1,"Position":[0.0,0.0,0.0],"Rotation":[0.8607384562492371,-0.5090475082397461,-2.2251171571952e-8,3.7624069193498147e-8],"Euler":[179.99998474121095,-0.000004389415153127629,61.2008056640625],"Scale":[1.0,1.0,1.0],"Global":[0.011021527461707592,-0.019222330302000047,-0.9997546672821045,-18.933103561401368,0.6335409283638,-0.7734001874923706,0.021854516118764879,16.690227508544923,-0.7736305594444275,-0.6336265802383423,0.0036540792789310219,-24.368301391601564,0.0,0.0,0.0,1.0]}]},{"UID":3256584074,"ParentUID":663251642,"Name":"joint8_$AssimpFbx$_Rotation","Static":0,"ActiveInHierarchy":1,"ActiveSelf":1,"isBoneRoot":0,"baseState":[1.0,0.0,0.0,0.0,0.0,1.0,0.0,0.0,0.0,0.0,1.0,0.0,0.0,0.0,0.0,1.0],"Navigable":0,"No Walkable":0,"openInHierarchy":1,"Components":[{"Type":0,"Enabled":1,"Position":[0.0,0.0,0.0],"Rotation":[-0.0006560987094417214,-0.00004945565524394624,0.035590291023254397,0.9993662238121033],"Euler":[-0.07493405044078827,-0.008339405991137028,4.079203128814697],"Scale":[1.0,1.0,1.0],"Global":[0.00957408081740141,-0.018643073737621309,-0.999780535697937,-18.933103561401368,0.5769208669662476,-0.8165361285209656,0.020750798285007478,16.690227508544923,-0.8167439103126526,-0.5769931674003601,0.00293799233622849,-24.368301391601564,0.0,0.0,0.0,1.0]}]},{"UID":1177607400,"ParentUID":3256584074,"Name":"joint8","Static":0,"ActiveInHierarchy":1,"ActiveSelf":1,"isBoneRoot":0,"baseState":[1.0,0.0,0.0,0.0,0.0,1.0,0.0,0.0,0.0,0.0,1.0,0.0,0.0,0.0,0.0,1.0],"Navigable":0,"No Walkable":0,"openInHierarchy":1,"Components":[{"Type":0,"Enabled":1,"Position":[0.0,0.0,0.0],"Rotation":[0.0,0.0,0.0,1.0],"Euler":[-0.0,0.0,-0.0],"Scale":[1.0,1.0,1.0],"Global":[0.00957408081740141,-0.018643073737621309,-0.999780535697937,-18.933103561401368,0.5769208669662476,-0.8165361285209656,0.020750798285007478,16.690227508544923,-0.8167439103126526,-0.5769931674003601,0.00293799233622849,-24.368301391601564,0.0,0.0,0.0,1.0]}]},{"UID":2199597425,"ParentUID":1177607400,"Name":"joint9_$AssimpFbx$_Translation","Static":0,"ActiveInHierarchy":1,"ActiveSelf":1,"isBoneRoot":0,"baseState":[1.0,0.0,0.0,0.0,0.0,1.0,0.0,0.0,0.0,0.0,1.0,0.0,0.0,0.0,0.0,1.0],"Navigable":0,"No Walkable":0,"openInHierarchy":1,"Components":[{"Type":0,"Enabled":1,"Position":[-25.233152389526368,-0.000034452568797860297,0.0],"Rotation":[0.0,0.0,0.0,1.0],"Euler":[-0.0,0.0,-0.0],"Scale":[1.0,1.0,1.0],"Global":[0.00957408081740141,-0.018643073737621309,-0.999780535697937,-19.174686431884767,0.5769208669662476,-0.8165361285209656,0.020750798285007478,2.132722854614258,-0.8167439103126526,-0.5769931674003601,0.00293799233622849,-3.759258270263672,0.0,0.0,0.0,1.0]}]},{"UID":3133121052,"ParentUID":2199597425,"Name":"joint9_$AssimpFbx$_PreRotation","Static":0,"ActiveInHierarchy":1,"ActiveSelf":1,"isBoneRoot":0,"baseState":[1.0,0.0,0.0,0.0,0.0,1.0,0.0,0.0,0.0,0.0,1.0,0.0,0.0,0.0,0.0,1.0],"Navigable":0,"No Walkable":0,"openInHierarchy":1,"Components":[{"Type":0,"Enabled":1,"Position":[0.0,0.0,0.0],"Rotation":[0.0,0.0,0.2963099777698517,0.9550918340682983],"Euler":[-0.0,0.0,34.47221374511719],"Scale":[1.0,1.0,1.0],"Global":[-0.0026592211797833444,-0.02078835666179657,-0.999780535697937,-19.174686431884767,0.013449281454086304,-0.9996939897537231,0.020750798285007478,2.132722854614258,-0.9999061822891235,-0.013391256332397461,0.00293799233622849,-3.759258270263672,0.0,0.0,0.0,1.0]}]},{"UID":3473520297,"ParentUID":3133121052,"Name":"joint9_$AssimpFbx$_Rotation","Static":0,"ActiveInHierarchy":1,"ActiveSelf":1,"isBoneRoot":0,"baseState":[1.0,0.0,0.0,0.0,0.0,1.0,0.0,0.0,0.0,0.0,1.0,0.0,0.0,0.0,0.0,1.0],"Navigable":0,"No Walkable":0,"openInHierarchy":1,"Components":[{"Type":0,"Enabled":1,"Position":[0.0,0.0,0.0],"Rotation":[0.0,0.0,0.004096504300832748,0.9999915957450867],"Euler":[-0.0,0.0,0.46942606568336489],"Scale":[1.0,1.0,1.0],"Global":[-0.0028294497169554235,-0.020765870809555055,-0.999780535697937,-19.174686431884767,0.005258397199213505,-0.9997706413269043,0.020750798285007478,2.132722854614258,-0.9999823570251465,-0.005198635160923004,0.00293799233622849,-3.759258270263672,0.0,0.0,0.0,1.0]}]},{"UID":2909638282,"ParentUID":3473520297,"Name":"joint9","Static":0,"ActiveInHierarchy":1,"ActiveSelf":1,"isBoneRoot":0,"baseState":[1.0,0.0,0.0,0.0,0.0,1.0,0.0,0.0,0.0,0.0,1.0,0.0,0.0,0.0,0.0,1.0],"Navigable":0,"No Walkable":0,"openInHierarchy":1,"Components":[{"Type":0,"Enabled":1,"Position":[0.0,0.0,0.0],"Rotation":[0.0,0.0,0.0,1.0],"Euler":[-0.0,0.0,-0.0],"Scale":[1.0,1.0,1.0],"Global":[-0.0028294497169554235,-0.020765870809555055,-0.999780535697937,-19.174686431884767,0.005258397199213505,-0.9997706413269043,0.020750798285007478,2.132722854614258,-0.9999823570251465,-0.005198635160923004,0.00293799233622849,-3.759258270263672,0.0,0.0,0.0,1.0]}]},{"UID":2655003097,"ParentUID":2909638282,"Name":"joint10_$AssimpFbx$_Translation","Static":0,"ActiveInHierarchy":1,"ActiveSelf":1,"isBoneRoot":0,"baseState":[1.0,0.0,0.0,0.0,0.0,1.0,0.0,0.0,0.0,0.0,1.0,0.0,0.0,0.0,0.0,1.0],"Navigable":0,"No Walkable":0,"openInHierarchy":1,"Components":[{"Type":0,"Enabled":1,"Position":[-22.975549697875978,7.993605777301127e-15,-3.552713678800501e-15],"Rotation":[0.0,0.0,0.0,1.0],"Euler":[-0.0,0.0,-0.0],"Scale":[1.0,1.0,1.0],"Global":[-0.0028294497169554235,-0.020765870809555055,-0.999780535697937,-19.109678268432618,0.005258397199213505,-0.9997706413269043,0.020750798285007478,2.0119082927703859,-0.9999823570251465,-0.005198635160923004,0.00293799233622849,19.215885162353517,0.0,0.0,0.0,1.0]}]},{"UID":2519195769,"ParentUID":2655003097,"Name":"joint10_$AssimpFbx$_PreRotation","Static":0,"ActiveInHierarchy":1,"ActiveSelf":1,"isBoneRoot":0,"baseState":[1.0,0.0,0.0,0.0,0.0,1.0,0.0,0.0,0.0,0.0,1.0,0.0,0.0,0.0,0.0,1.0],"Navigable":0,"No Walkable":0,"openInHierarchy":1,"Components":[{"Type":0,"Enabled":1,"Position":[0.0,0.0,0.0],"Rotation":[0.0,0.7071068286895752,0.0,0.7071068286895752],"Euler":[0.0,90.0,0.0],"Scale":[1.0,1.0,1.0],"Global":[0.9997806549072266,-0.020765870809555055,-0.0028293307404965164,-19.109678268432618,-0.020750800147652627,-0.9997706413269043,0.0052583953365683559,2.0119082927703859,-0.0029378735926002266,-0.005198635160923004,-0.999982476234436,19.215885162353517,0.0,0.0,0.0,1.0]}]},{"UID":3518583609,"ParentUID":2519195769,"Name":"joint10_$AssimpFbx$_Rotation","Static":0,"ActiveInHierarchy":1,"ActiveSelf":1,"isBoneRoot":0,"baseState":[1.0,0.0,0.0,0.0,0.0,1.0,0.0,0.0,0.0,0.0,1.0,0.0,0.0,0.0,0.0,1.0],"Navigable":0,"No Walkable":0,"openInHierarchy":1,"Components":[{"Type":0,"Enabled":1,"Position":[0.0,0.0,0.0],"Rotation":[0.0,0.0,0.0,1.0],"Euler":[-0.0,0.0,-0.0],"Scale":[1.0,1.0,1.0],"Global":[0.9997806549072266,-0.020765870809555055,-0.0028293307404965164,-19.109678268432618,-0.020750800147652627,-0.9997706413269043,0.0052583953365683559,2.0119082927703859,-0.0029378735926002266,-0.005198635160923004,-0.999982476234436,19.215885162353517,0.0,0.0,0.0,1.0]}]},{"UID":1605082766,"ParentUID":3518583609,"Name":"joint10","Static":0,"ActiveInHierarchy":1,"ActiveSelf":1,"isBoneRoot":0,"baseState":[1.0,0.0,0.0,0.0,0.0,1.0,0.0,0.0,0.0,0.0,1.0,0.0,0.0,0.0,0.0,1.0],"Navigable":0,"No Walkable":0,"openInHierarchy":1,"Components":[{"Type":0,"Enabled":1,"Position":[0.0,0.0,0.0],"Rotation":[0.0,0.0,0.0,1.0],"Euler":[-0.0,0.0,-0.0],"Scale":[1.0,1.0,1.0],"Global":[0.9997806549072266,-0.020765870809555055,-0.0028293307404965164,-19.109678268432618,-0.020750800147652627,-0.9997706413269043,0.0052583953365683559,2.0119082927703859,-0.0029378735926002266,-0.005198635160923004,-0.999982476234436,19.215885162353517,0.0,0.0,0.0,1.0]}]},{"UID":3090817766,"ParentUID":3036216400,"Name":"joint1_$AssimpFbx$_Translation","Static":0,"ActiveInHierarchy":1,"ActiveSelf":1,"isBoneRoot":0,"baseState":[1.0,0.0,0.0,0.0,0.0,1.0,0.0,0.0,0.0,0.0,1.0,0.0,0.0,0.0,0.0,1.0],"Navigable":0,"No Walkable":0,"openInHierarchy":1,"Components":[{"Type":0,"Enabled":1,"Position":[-5.567948341369629,-1.948781967163086,16.921363830566408],"Rotation":[0.0,0.0,0.0,1.0],"Euler":[-0.0,0.0,-0.0],"Scale":[1.0,1.0,1.0],"Global":[-0.006870180834084749,0.019629089161753656,0.9997836947441101,16.849010467529298,0.9438583254814148,0.33035027980804446,3.725290298461914e-9,105.71822357177735,-0.33027884364128115,0.9436542391777039,-0.020796645432710649,-24.929916381835939,0.0,0.0,0.0,1.0]}]},{"UID":4051342397,"ParentUID":3090817766,"Name":"joint1_$AssimpFbx$_PreRotation","Static":0,"ActiveInHierarchy":1,"ActiveSelf":1,"isBoneRoot":0,"baseState":[1.0,0.0,0.0,0.0,0.0,1.0,0.0,0.0,0.0,0.0,1.0,0.0,0.0,0.0,0.0,1.0],"Navigable":0,"No Walkable":0,"openInHierarchy":1,"Components":[{"Type":0,"Enabled":1,"Position":[0.0,0.0,0.0],"Rotation":[-0.13581767678260804,0.9907338619232178,-5.9367786242603419e-9,-4.330635405835892e-8],"Euler":[180.0,-0.000004824161351280054,164.38818359375],"Scale":[0.9999999403953552,0.9999999403953552,1.0],"Global":[0.0013342605670914054,0.020753804594278337,-0.9997836947441101,16.849010467529298,-0.9979400038719177,0.06415313482284546,-9.096797271013202e-8,105.71822357177735,0.06413930654525757,0.997724175453186,0.020796651020646097,-24.929916381835939,0.0,0.0,0.0,1.0]}]},{"UID":1821414217,"ParentUID":4051342397,"Name":"joint1_$AssimpFbx$_Rotation","Static":0,"ActiveInHierarchy":1,"ActiveSelf":1,"isBoneRoot":0,"baseState":[1.0,0.0,0.0,0.0,0.0,1.0,0.0,0.0,0.0,0.0,1.0,0.0,0.0,0.0,0.0,1.0],"Navigable":0,"No Walkable":0,"openInHierarchy":1,"Components":[{"Type":0,"Enabled":1,"Position":[0.0,0.0,0.0],"Rotation":[0.012485800310969353,0.0048466878943145279,0.07940977066755295,0.9967520833015442],"Euler":[1.38224458694458,0.6672176122665405,9.102049827575684],"Scale":[0.9999999403953552,1.0,0.9999999403953552],"Global":[0.01228252798318863,-0.005380159243941307,-0.9999099969863892,16.849010467529298,-0.9751438498497009,0.22118087112903596,-0.013168404810130597,105.71822357177735,0.2212318629026413,0.975217878818512,-0.002529766410589218,-24.929916381835939,0.0,0.0,0.0,1.0]}]},{"UID":1323812094,"ParentUID":1821414217,"Name":"joint1","Static":0,"ActiveInHierarchy":1,"ActiveSelf":1,"isBoneRoot":0,"baseState":[1.0,0.0,0.0,0.0,0.0,1.0,0.0,0.0,0.0,0.0,1.0,0.0,0.0,0.0,0.0,1.0],"Navigable":0,"No Walkable":0,"openInHierarchy":1,"Components":[{"Type":0,"Enabled":1,"Position":[0.0,0.0,0.0],"Rotation":[0.0,0.0,0.0,1.0],"Euler":[-0.0,0.0,-0.0],"Scale":[1.0,1.0,1.0],"Global":[0.01228252798318863,-0.005380159243941307,-0.9999099969863892,16.849010467529298,-0.9751438498497009,0.22118087112903596,-0.013168404810130597,105.71822357177735,0.2212318629026413,0.975217878818512,-0.002529766410589218,-24.929916381835939,0.0,0.0,0.0,1.0]}]},{"UID":894370371,"ParentUID":1323812094,"Name":"joint2_$AssimpFbx$_Translation","Static":0,"ActiveInHierarchy":1,"ActiveSelf":1,"isBoneRoot":0,"baseState":[1.0,0.0,0.0,0.0,0.0,1.0,0.0,0.0,0.0,0.0,1.0,0.0,0.0,0.0,0.0,1.0],"Navigable":0,"No Walkable":0,"openInHierarchy":1,"Components":[{"Type":0,"Enabled":1,"Position":[43.55704116821289,-4.440892098500626e-15,9.671605997899156e-15],"Rotation":[0.0,0.0,0.0,1.0],"Euler":[-0.0,0.0,-0.0],"Scale":[1.0,1.0,1.0],"Global":[0.01228252798318863,-0.005380159243941307,-0.9999099969863892,17.384000778198243,-0.9751438498497009,0.22118087112903596,-0.013168404810130597,63.24384307861328,0.2212318629026413,0.975217878818512,-0.002529766410589218,-15.293710708618164,0.0,0.0,0.0,1.0]}]},{"UID":158796185,"ParentUID":894370371,"Name":"joint2_$AssimpFbx$_PreRotation","Static":0,"ActiveInHierarchy":1,"ActiveSelf":1,"isBoneRoot":0,"baseState":[1.0,0.0,0.0,0.0,0.0,1.0,0.0,0.0,0.0,0.0,1.0,0.0,0.0,0.0,0.0,1.0],"Navigable":0,"No Walkable":0,"openInHierarchy":1,"Components":[{"Type":0,"Enabled":1,"Position":[0.0,0.0,0.0],"Rotation":[0.9966721534729004,-0.08151459693908692,3.563116024452029e-9,-4.3565918872445766e-8],"Euler":[-179.99998474121095,8.138884481923014e-7,9.3512601852417],"Scale":[1.0,1.0,1.0],"Global":[0.012993507087230683,0.0033130014780908825,0.9999099969863892,17.384000778198243,-0.998123824596405,-0.05979369580745697,0.013168410398066044,63.24384307861328,0.05983196198940277,-0.9982051849365234,0.0025298537220805885,-15.293710708618164,0.0,0.0,0.0,1.0]}]},{"UID":3914448660,"ParentUID":158796185,"Name":"joint2_$AssimpFbx$_Rotation","Static":0,"ActiveInHierarchy":1,"ActiveSelf":1,"isBoneRoot":0,"baseState":[1.0,0.0,0.0,0.0,0.0,1.0,0.0,0.0,0.0,0.0,1.0,0.0,0.0,0.0,0.0,1.0],"Navigable":0,"No Walkable":0,"openInHierarchy":1,"Components":[{"Type":0,"Enabled":1,"Position":[0.0,0.0,0.0],"Rotation":[0.0,0.0,0.1061377003788948,0.9943514466285706],"Euler":[-0.0,0.0,12.185436248779297],"Scale":[0.9999999403953552,0.9999999403953552,1.0],"Global":[0.013400053605437279,0.0004957360215485096,0.9999099969863892,17.384000778198243,-0.9882566332817078,0.1522338092327118,0.013168410398066044,63.24384307861328,-0.15221357345581056,-0.9883441925048828,0.0025298537220805885,-15.293710708618164,0.0,0.0,0.0,1.0]}]},{"UID":2898082331,"ParentUID":3914448660,"Name":"joint2","Static":0,"ActiveInHierarchy":1,"ActiveSelf":1,"isBoneRoot":0,"baseState":[1.0,0.0,0.0,0.0,0.0,1.0,0.0,0.0,0.0,0.0,1.0,0.0,0.0,0.0,0.0,1.0],"Navigable":0,"No Walkable":0,"openInHierarchy":1,"Components":[{"Type":0,"Enabled":1,"Position":[0.0,0.0,0.0],"Rotation":[0.0,0.0,0.0,1.0],"Euler":[-0.0,0.0,-0.0],"Scale":[1.0,1.0,1.0],"Global":[0.013400053605437279,0.0004957360215485096,0.9999099969863892,17.384000778198243,-0.9882566332817078,0.1522338092327118,0.013168410398066044,63.24384307861328,-0.15221357345581056,-0.9883441925048828,0.0025298537220805885,-15.293710708618164,0.0,0.0,0.0,1.0]}]},{"UID":3785417950,"ParentUID":2898082331,"Name":"joint3_$AssimpFbx$_Translation","Static":0,"ActiveInHierarchy":1,"ActiveSelf":1,"isBoneRoot":0,"baseState":[1.0,0.0,0.0,0.0,0.0,1.0,0.0,0.0,0.0,0.0,1.0,0.0,0.0,0.0,0.0,1.0],"Navigable":0,"No Walkable":0,"openInHierarchy":1,"Components":[{"Type":0,"Enabled":1,"Position":[47.11335372924805,8.881784197001253e-16,-8.622426943716722e-15],"Rotation":[0.0,0.0,0.0,1.0],"Euler":[-0.0,0.0,-0.0],"Scale":[1.0,1.0,1.0],"Global":[0.013400053605437279,0.0004957360215485096,0.9999099969863892,18.015321731567384,-0.9882566332817078,0.1522338092327118,0.013168410398066044,16.683757781982423,-0.15221357345581056,-0.9883441925048828,0.0025298537220805885,-22.465002059936525,0.0,0.0,0.0,1.0]}]},{"UID":1444728465,"ParentUID":3785417950,"Name":"joint3_$AssimpFbx$_PreRotation","Static":0,"ActiveInHierarchy":1,"ActiveSelf":1,"isBoneRoot":0,"baseState":[1.0,0.0,0.0,0.0,0.0,1.0,0.0,0.0,0.0,0.0,1.0,0.0,0.0,0.0,0.0,1.0],"Navigable":0,"No Walkable":0,"openInHierarchy":1,"Components":[{"Type":0,"Enabled":1,"Position":[0.0,0.0,0.0],"Rotation":[0.8607384562492371,-0.5090475082397461,2.2251171571952e-8,-3.7624069193498147e-8],"Euler":[-179.99998474121095,0.000004389415153127629,61.2008056640625],"Scale":[1.0,1.0,1.0],"Global":[0.006020938511937857,-0.01198155153542757,-0.9999102354049683,18.015321731567384,-0.6094885468482971,0.792685329914093,-0.01316848210990429,16.683757781982423,0.7927718162536621,0.6095131635665894,-0.002529907738789916,-22.465002059936525,0.0,0.0,0.0,1.0]}]},{"UID":1350691085,"ParentUID":1444728465,"Name":"joint3_$AssimpFbx$_Rotation","Static":0,"ActiveInHierarchy":1,"ActiveSelf":1,"isBoneRoot":0,"baseState":[1.0,0.0,0.0,0.0,0.0,1.0,0.0,0.0,0.0,0.0,1.0,0.0,0.0,0.0,0.0,1.0],"Navigable":0,"No Walkable":0,"openInHierarchy":1,"Components":[{"Type":0,"Enabled":1,"Position":[0.0,0.0,0.0],"Rotation":[-0.007810087408870459,-0.0021879796404391529,0.019859153777360917,0.9997698664665222],"Euler":[-0.8898304104804993,-0.2684406042098999,2.2738311290740969],"Scale":[0.9999999403953552,1.0,1.0],"Global":[0.001475561410188675,0.003492552787065506,-0.9999929666519165,18.015321731567384,-0.5775514841079712,0.816351592540741,0.0019989460706710817,16.683757781982423,0.8163526654243469,0.577544629573822,0.0032217083498835565,-22.465002059936525,0.0,0.0,0.0,1.0]}]},{"UID":2514018355,"ParentUID":1350691085,"Name":"joint3","Static":0,"ActiveInHierarchy":1,"ActiveSelf":1,"isBoneRoot":0,"baseState":[1.0,0.0,0.0,0.0,0.0,1.0,0.0,0.0,0.0,0.0,1.0,0.0,0.0,0.0,0.0,1.0],"Navigable":0,"No Walkable":0,"openInHierarchy":1,"Components":[{"Type":0,"Enabled":1,"Position":[0.0,0.0,0.0],"Rotation":[0.0,0.0,0.0,1.0],"Euler":[-0.0,0.0,-0.0],"Scale":[1.0,1.0,1.0],"Global":[0.001475561410188675,0.003492552787065506,-0.9999929666519165,18.015321731567384,-0.5775514841079712,0.816351592540741,0.0019989460706710817,16.683757781982423,0.8163526654243469,0.577544629573822,0.0032217083498835565,-22.465002059936525,0.0,0.0,0.0,1.0]}]},{"UID":2310777286,"ParentUID":2514018355,"Name":"joint4_$AssimpFbx$_Translation","Static":0,"ActiveInHierarchy":1,"ActiveSelf":1,"isBoneRoot":0,"baseState":[1.0,0.0,0.0,0.0,0.0,1.0,0.0,0.0,0.0,0.0,1.0,0.0,0.0,0.0,0.0,1.0],"Navigable":0,"No Walkable":0,"openInHierarchy":1,"Components":[{"Type":0,"Enabled":1,"Position":[25.23313331604004,-1.0658141036401503e-14,1.0575072515264274e-14],"Rotation":[0.0,0.0,0.0,1.0],"Euler":[-0.0,0.0,-0.0],"Scale":[1.0,1.0,1.0],"Global":[0.001475561410188675,0.003492552787065506,-0.9999929666519165,18.052555084228517,-0.5775514841079712,0.816351592540741,0.0019989460706710817,2.110323905944824,0.8163526654243469,0.577544629573822,0.0032217083498835565,-1.865865707397461,0.0,0.0,0.0,1.0]}]},{"UID":1570716129,"ParentUID":2310777286,"Name":"joint4_$AssimpFbx$_PreRotation","Static":0,"ActiveInHierarchy":1,"ActiveSelf":1,"isBoneRoot":0,"baseState":[1.0,0.0,0.0,0.0,0.0,1.0,0.0,0.0,0.0,0.0,1.0,0.0,0.0,0.0,0.0,1.0],"Navigable":0,"No Walkable":0,"openInHierarchy":1,"Components":[{"Type":0,"Enabled":1,"Position":[0.0,0.0,0.0],"Rotation":[0.0,0.0,0.2963099777698517,0.9550918340682983],"Euler":[-0.0,0.0,34.47221374511719],"Scale":[1.0,1.0,1.0],"Global":[0.003193261567503214,0.002044085878878832,-0.9999929666519165,18.052555084228517,-0.014073580503463745,0.9998987913131714,0.0019989460706710817,2.110323905944824,0.9998958110809326,0.014067351818084717,0.0032217083498835565,-1.865865707397461,0.0,0.0,0.0,1.0]}]},{"UID":3334133015,"ParentUID":1570716129,"Name":"joint4_$AssimpFbx$_Rotation","Static":0,"ActiveInHierarchy":1,"ActiveSelf":1,"isBoneRoot":0,"baseState":[1.0,0.0,0.0,0.0,0.0,1.0,0.0,0.0,0.0,0.0,1.0,0.0,0.0,0.0,0.0,1.0],"Navigable":0,"No Walkable":0,"openInHierarchy":1,"Components":[{"Type":0,"Enabled":1,"Position":[0.0,0.0,0.0],"Rotation":[0.0,0.0,0.004223075229674578,0.9999910593032837],"Euler":[-0.0,0.0,0.48393020033836367],"Scale":[1.0,1.0,1.0],"Global":[0.0032104121055454017,0.0020170423667877914,-0.9999929666519165,18.052555084228517,-0.005627858452498913,0.9999819993972778,0.0019989460706710817,2.110323905944824,0.9999789595603943,0.005621655844151974,0.0032217083498835565,-1.865865707397461,0.0,0.0,0.0,1.0]}]},{"UID":3458640771,"ParentUID":3334133015,"Name":"joint4","Static":0,"ActiveInHierarchy":1,"ActiveSelf":1,"isBoneRoot":0,"baseState":[1.0,0.0,0.0,0.0,0.0,1.0,0.0,0.0,0.0,0.0,1.0,0.0,0.0,0.0,0.0,1.0],"Navigable":0,"No Walkable":0,"openInHierarchy":1,"Components":[{"Type":0,"Enabled":1,"Position":[0.0,0.0,0.0],"Rotation":[0.0,0.0,0.0,1.0],"Euler":[-0.0,0.0,-0.0],"Scale":[1.0,1.0,1.0],"Global":[0.0032104121055454017,0.0020170423667877914,-0.9999929666519165,18.052555084228517,-0.005627858452498913,0.9999819993972778,0.0019989460706710817,2.110323905944824,0.9999789595603943,0.005621655844151974,0.0032217083498835565,-1.865865707397461,0.0,0.0,0.0,1.0]}]},{"UID":4180271706,"ParentUID":3458640771,"Name":"joint5_$AssimpFbx$_Translation","Static":0,"ActiveInHierarchy":1,"ActiveSelf":1,"isBoneRoot":0,"baseState":[1.0,0.0,0.0,0.0,0.0,1.0,0.0,0.0,0.0,0.0,1.0,0.0,0.0,0.0,0.0,1.0],"Navigable":0,"No Walkable":0,"openInHierarchy":1,"Components":[{"Type":0,"Enabled":1,"Position":[22.9755802154541,-6.764227239853919e-15,1.558594833056537e-14],"Rotation":[0.0,0.0,0.0,1.0],"Euler":[-0.0,0.0,-0.0],"Scale":[1.0,1.0,1.0],"Global":[0.0032104121055454017,0.0020170423667877914,-0.9999929666519165,18.12631607055664,-0.005627858452498913,0.9999819993972778,0.0019989460706710817,1.9810205698013306,0.9999789595603943,0.005621655844151974,0.0032217083498835565,21.10923194885254,0.0,0.0,0.0,1.0]}]},{"UID":2815160892,"ParentUID":4180271706,"Name":"joint5_$AssimpFbx$_PreRotation","Static":0,"ActiveInHierarchy":1,"ActiveSelf":1,"isBoneRoot":0,"baseState":[1.0,0.0,0.0,0.0,0.0,1.0,0.0,0.0,0.0,0.0,1.0,0.0,0.0,0.0,0.0,1.0],"Navigable":0,"No Walkable":0,"openInHierarchy":1,"Components":[{"Type":0,"Enabled":1,"Position":[0.0,0.0,0.0],"Rotation":[0.0,0.7071068286895752,0.0,0.7071068286895752],"Euler":[0.0,90.0,0.0],"Scale":[1.0,1.0,1.0],"Global":[0.999993085861206,0.0020170423667877914,0.0032105317804962398,18.12631607055664,-0.0019989456050097944,0.9999819993972778,-0.005627859383821487,1.9810205698013306,-0.0032218280248343946,0.005621655844151974,0.9999790787696838,21.10923194885254,0.0,0.0,0.0,1.0]}]},{"UID":4030908620,"ParentUID":2815160892,"Name":"joint5_$AssimpFbx$_Rotation","Static":0,"ActiveInHierarchy":1,"ActiveSelf":1,"isBoneRoot":0,"baseState":[1.0,0.0,0.0,0.0,0.0,1.0,0.0,0.0,0.0,0.0,1.0,0.0,0.0,0.0,0.0,1.0],"Navigable":0,"No Walkable":0,"openInHierarchy":1,"Components":[{"Type":0,"Enabled":1,"Position":[0.0,0.0,0.0],"Rotation":[0.0,0.0,0.0,1.0],"Euler":[-0.0,0.0,-0.0],"Scale":[1.0,1.0,1.0],"Global":[0.999993085861206,0.0020170423667877914,0.0032105317804962398,18.12631607055664,-0.0019989456050097944,0.9999819993972778,-0.005627859383821487,1.9810205698013306,-0.0032218280248343946,0.005621655844151974,0.9999790787696838,21.10923194885254,0.0,0.0,0.0,1.0]}]},{"UID":1456322956,"ParentUID":4030908620,"Name":"joint5","Static":0,"ActiveInHierarchy":1,"ActiveSelf":1,"isBoneRoot":0,"baseState":[1.0,0.0,0.0,0.0,0.0,1.0,0.0,0.0,0.0,0.0,1.0,0.0,0.0,0.0,0.0,1.0],"Navigable":0,"No Walkable":0,"openInHierarchy":1,"Components":[{"Type":0,"Enabled":1,"Position":[0.0,0.0,0.0],"Rotation":[0.0,0.0,0.0,1.0],"Euler":[-0.0,0.0,-0.0],"Scale":[1.0,1.0,1.0],"Global":[0.999993085861206,0.0020170423667877914,0.0032105317804962398,18.12631607055664,-0.0019989456050097944,0.9999819993972778,-0.005627859383821487,1.9810205698013306,-0.0032218280248343946,0.005621655844151974,0.9999790787696838,21.10923194885254,0.0,0.0,0.0,1.0]}]},{"UID":6270758,"ParentUID":3036216400,"Name":"joint12_$AssimpFbx$_Translation","Static":0,"ActiveInHierarchy":1,"ActiveSelf":1,"isBoneRoot":0,"baseState":[1.0,0.0,0.0,0.0,0.0,1.0,0.0,0.0,0.0,0.0,1.0,0.0,0.0,0.0,0.0,1.0],"Navigable":0,"No Walkable":0,"openInHierarchy":1,"Components":[{"Type":0,"Enabled":1,"Position":[13.157940864562989,4.440892098500626e-15,-1.4608248904494069e-15],"Rotation":[0.0,0.0,0.0,1.0],"Euler":[-0.0,0.0,-0.0],"Scale":[1.0,1.0,1.0],"Global":[-0.006870180834084749,0.019629089161753656,0.9997836947441101,-0.1590903103351593,0.9438583254814148,0.33035027980804446,3.725290298461914e-9,124.03659057617188,-0.33027884364128115,0.9436542391777039,-0.020796645432710649,-28.923797607421876,0.0,0.0,0.0,1.0]}]},{"UID":2500983488,"ParentUID":6270758,"Name":"joint12_$AssimpFbx$_PreRotation","Static":0,"ActiveInHierarchy":1,"ActiveSelf":1,"isBoneRoot":0,"baseState":[1.0,0.0,0.0,0.0,0.0,1.0,0.0,0.0,0.0,0.0,1.0,0.0,0.0,0.0,0.0,1.0],"Navigable":0,"No Walkable":0,"openInHierarchy":1,"Components":[{"Type":0,"Enabled":1,"Position":[0.0,0.0,0.0],"Rotation":[0.0,0.0,0.09518697112798691,0.9954594373703003],"Euler":[-0.0,0.0,10.924161911010743],"Scale":[0.9999999403953552,0.9999999403953552,1.0],"Global":[-0.003025785554200411,0.020575352013111116,0.9997836947441101,-0.1590903103351593,0.9893590211868286,0.14549380540847779,3.725290298461914e-9,124.03659057617188,-0.14546231925487519,0.989145040512085,-0.020796645432710649,-28.923797607421876,0.0,0.0,0.0,1.0]}]},{"UID":1358765540,"ParentUID":2500983488,"Name":"joint12","Static":0,"ActiveInHierarchy":1,"ActiveSelf":1,"isBoneRoot":0,"baseState":[1.0,0.0,0.0,0.0,0.0,1.0,0.0,0.0,0.0,0.0,1.0,0.0,0.0,0.0,0.0,1.0],"Navigable":0,"No Walkable":0,"openInHierarchy":1,"Components":[{"Type":0,"Enabled":1,"Position":[0.0,0.0,0.0],"Rotation":[0.0,0.0,0.0,1.0],"Euler":[-0.0,0.0,-0.0],"Scale":[1.0,1.0,1.0],"Global":[-0.003025785554200411,0.020575352013111116,0.9997836947441101,-0.1590903103351593,0.9893590211868286,0.14549380540847779,3.725290298461914e-9,124.03659057617188,-0.14546231925487519,0.989145040512085,-0.020796645432710649,-28.923797607421876,0.0,0.0,0.0,1.0]}]},{"UID":3003140733,"ParentUID":1358765540,"Name":"joint13_$AssimpFbx$_Translation","Static":0,"ActiveInHierarchy":1,"ActiveSelf":1,"isBoneRoot":0,"baseState":[1.0,0.0,0.0,0.0,0.0,1.0,0.0,0.0,0.0,0.0,1.0,0.0,0.0,0.0,0.0,1.0],"Navigable":0,"No Walkable":0,"openInHierarchy":1,"Components":[{"Type":0,"Enabled":1,"Position":[10.66988468170166,0.0000018886071302404162,0.005927272606641054],"Rotation":[0.0,0.0,0.0,1.0],"Euler":[-0.0,0.0,-0.0],"Scale":[1.0,1.0,1.0],"Global":[-0.003025785554200411,0.020575352013111116,0.9997836947441101,-0.18544906377792359,0.9893590211868286,0.14549380540847779,3.725290298461914e-9,134.5929412841797,-0.14546231925487519,0.989145040512085,-0.02079664543