{"navigationScene":{"numObjects":0,"RenderNavMesh":0,"Generated":0,"DrawNavMesh":1},"GameObjects":[{"UID":2251032443,"ParentUID":0,"Name":"Scene","Static":0,"ActiveInHierarchy":1,"ActiveSelf":1,"isBoneRoot":1,"baseState":[1.0,0.0,0.0,0.0,0.0,1.0,0.0,0.0,0.0,0.0,1.0,0.0,0.0,0.0,0.0,1.0],"Navigable":0,"No Walkable":0,"openInHierarchy":1,"Components":[{"Type":0,"Enabled":1,"Position":[0.0,0.0,0.0],"Rotation":[0.0,0.0,0.0,1.0],"Euler":[-0.0,0.0,-0.0],"Scale":[1.0,1.0,1.0],"Global":[1.0,0.0,0.0,0.0,0.0,1.0,0.0,0.0,0.0,0.0,1.0,0.0,0.0,0.0,0.0,1.0]},{"Type":4,"Enabled":1,"animUID":1001507625,"stateMachineUID":0}]},{"UID":210843241,"ParentUID":2251032443,"Name":"joint11_$AssimpFbx$_Translation","Static":0,"ActiveInHierarchy":1,"ActiveSelf":1,"isBoneRoot":0,"baseState":[1.0,0.0,0.0,0.0,0.0,1.0,0.0,0.0,0.0,0.0,1.0,0.0,0.0,0.0,0.0,1.0],"Navigable":0,"No Walkable":0,"openInHierarchy":1,"Components":[{"Type":0,"Enabled":1,"Position":[-0.18860585987567902,81.70150756835938,-25.383878707885743],"Rotation":[0.0,0.0,0.0,1.0],"Euler":[-0.0,0.0,-0.0],"Scale":[1.0,1.0,1.0],"Global":[1.0,0.0,0.0,-0.18860585987567902,0.0,1.0,0.0,81.70150756835938,0.0,0.0,1.0,-25.383878707885743,0.0,0.0,0.0,1.0]}]},{"UID":2709337430,"ParentUID":210843241,"Name":"joint11_$AssimpFbx$_PreRotation","Static":0,"ActiveInHierarchy":1,"ActiveSelf":1,"isBoneRoot":0,"baseState":[1.0,0.0,0.0,0.0,0.0,1.0,0.0,0.0,0.0,0.0,1.0,0.0,0.0,0.0,0.0,1.0],"Navigable":0,"No Walkable":0,"openInHierarchy":1,"Components":[{"Type":0,"Enabled":1,"Position":[0.0,0.0,0.0],"Rotation":[0.40916064381599429,0.5767040848731995,0.40916064381599429,0.5767040848731995],"Euler":[70.7099609375,90.0,0.0],"Scale":[0.9999999403953552,0.9999999403953552,1.0],"Global":[-4.125735841853384e-8,2.9271312484979718e-8,1.0,-0.18860585987567902,0.9438583254814148,0.33035042881965639,2.9271312484979718e-8,81.70150756835938,-0.33035042881965639,0.9438583254814148,-4.125735841853384e-8,-25.383878707885743,0.0,0.0,0.0,1.0]}]},{"UID":1783146913,"ParentUID":2709337430,"Name":"joint11_$AssimpFbx$_Rotation","Static":0,"ActiveInHierarchy":1,"ActiveSelf":1,"isBoneRoot":0,"baseState":[1.0,0.0,0.0,0.0,0.0,1.0,0.0,0.0,0.0,0.0,1.0,0.0,0.0,0.0,0.0,1.0],"Navigable":0,"No Walkable":0,"openInHierarchy":1,"Components":[{"Type":0,"Enabled":1,"Position":[0.0,0.0,0.0],"Rotation":[-0.07894064486026764,0.22554472088813783,0.0,0.9710293412208557],"Euler":[-9.819083213806153,25.977685928344728,2.270162343978882],"Scale":[0.9999999403953552,1.0,0.9999999403953552],"Global":[-0.43802106380462649,-0.15330731868743897,0.8857958912849426,-0.18860585987567902,0.8360658884048462,0.2926230728626251,0.464074969291687,81.70150756835938,-0.3303503692150116,0.9438583850860596,-3.6545600323734109e-8,-25.383878707885743,0.0,0.0,0.0,1.0]}]},{"UID":2899502568,"ParentUID":1783146913,"Name":"joint11","Static":0,"ActiveInHierarchy":1,"ActiveSelf":1,"isBoneRoot":0,"baseState":[1.0,0.0,0.0,0.0,0.0,1.0,0.0,0.0,0.0,0.0,1.0,0.0,0.0,0.0,0.0,1.0],"Navigable":0,"No Walkable":0,"openInHierarchy":1,"Components":[{"Type":0,"Enabled":1,"Position":[0.0,0.0,0.0],"Rotation":[0.0,0.0,0.0,1.0],"Euler":[-0.0,0.0,-0.0],"Scale":[1.0,1.0,1.0],"Global":[-0.43802106380462649,-0.15330731868743897,0.8857958912849426,-0.18860585987567902,0.8360658884048462,0.2926230728626251,0.464074969291687,81.70150756835938,-0.3303503692150116,0.9438583850860596,-3.6545600323734109e-8,-25.383878707885743,0.0,0.0,0.0,1.0]}]},{"UID":1059998038,"ParentUID":2899502568,"Name":"joint6_$AssimpFbx$_Translation","Static":0,"ActiveInHierarchy":1,"ActiveSelf":1,"isBoneRoot":0,"baseState":[1.0,0.0,0.0,0.0,0.0,1.0,0.0,0.0,0.0,0.0,1.0,0.0,0.0,0.0,0.0,1.0],"Navigable":0,"No Walkable":0,"openInHierarchy":1,"Components":[{"Type":0,"Enabled":1,"Position":[-5.567787170410156,-1.9487488269805909,-16.92140007019043],"Rotation":[0.0,0.0,0.0,1.0],"Euler":[-0.0,0.0,-0.0],"Scale":[1.0,1.0,1.0],"Global":[-0.43802106380462649,-0.15330731868743897,0.8857958912849426,-12.439947128295899,0.8360658884048462,0.2926230728626251,0.464074969291687,68.62342834472656,-0.3303503692150116,0.9438583850860596,-3.6545600323734109e-8,-25.383899688720704,0.0,0.0,0.0,1.0]}]},{"UID":1236740413,"ParentUID":1059998038,"Name":"joint6_$AssimpFbx$_PreRotation","Static":0,"ActiveInHierarchy":1,"ActiveSelf":1,"isBoneRoot":0,"baseState":[1.0,0.0,0.0,0.0,0.0,1.0,0.0,0.0,0.0,0.0,1.0,0.0,0.0,0.0,0.0,1.0],"Navigable":0,"No Walkable":0,"openInHierarchy":1,"Components":[{"Type":0,"Enabled":1,"Position":[0.0,0.0,0.0],"Rotation":[0.9907338619232178,0.13581767678260804,-5.9367786242603419e-9,-4.330635405835892e-8],"Euler":[-179.99998474121095,-0.0000013480018878908596,-15.611808776855469],"Scale":[0.9999999403953552,0.9999999403953552,1.0],"Global":[-0.4631190001964569,0.02977180853486061,-0.8857958912849426,-12.439947128295899,0.8839712142944336,-0.056826766580343249,-0.464074969291687,68.62342834472656,-0.06415322422981262,-0.9979400038719177,1.237882827354042e-7,-25.383899688720704,0.0,0.0,0.0,1.0]}]},{"UID":3326174035,"ParentUID":1236740413,"Name":"joint6_$AssimpFbx$_Rotation","Static":0,"ActiveInHierarchy":1,"ActiveSelf":1,"isBoneRoot":0,"baseState":[1.0,0.0,0.0,0.0,0.0,1.0,0.0,0.0,0.0,0.0,1.0,0.0,0.0,0.0,0.0,1.0],"Navigable":0,"No Walkable":0,"openInHierarchy":1,"Components":[{"Type":0,"Enabled":1,"Position":[0.0,0.0,0.0],"Rotation":[0.07468497008085251,0.42810016870498659,0.46855437755584719,0.7691614031791687],"Euler":[-24.704450607299806,46.764488220214847,73.5153579711914],"Scale":[0.9999999403953552,1.0,1.0],"Global":[0.4546958804130554,-0.13656553626060487,-0.8801143765449524,-12.439947128295899,0.4003671109676361,-0.8513641357421875,0.3389472961425781,68.62342834472656,-0.795586347579956,-0.5064868330955505,-0.33243536949157717,-25.383899688720704,0.0,0.0,0.0,1.0]}]},{"UID":1176671738,"ParentUID":3326174035,"Name":"joint6","Static":0,"ActiveInHierarchy":1,"ActiveSelf":1,"isBoneRoot":0,"baseState":[1.0,0.0,0.0,0.0,0.0,1.0,0.0,0.0,0.0,0.0,1.0,0.0,0.0,0.0,0.0,1.0],"Navigable":0,"No Walkable":0,"openInHierarchy":1,"Components":[{"Type":0,"Enabled":1,"Position":[0.0,0.0,0.0],"Rotation":[0.0,0.0,0.0,1.0],"Euler":[-0.0,0.0,-0.0],"Scale":[1.0,1.0,1.0],"Global":[0.4546958804130554,-0.13656553626060487,-0.8801143765449524,-12.439947128295899,0.4003671109676361,-0.8513641357421875,0.3389472961425781,68.62342834472656,-0.795586347579956,-0.5064868330955505,-0.33243536949157717,-25.383899688720704,0.0,0.0,0.0,1.0]}]},{"UID":2457654939,"ParentUID":1176671738,"Name":"joint7_$AssimpFbx$_Translation","Static":0,"ActiveInHierarchy":1,"ActiveSelf":1,"isBoneRoot":0,"baseState":[1.0,0.0,0.0,0.0,0.0,1.0,0.0,0.0,0.0,0.0,1.0,0.0,0.0,0.0,0.0,1.0],"Navigable":0,"No Walkable":0,"openInHierarchy":1,"Components":[{"Type":0,"Enabled":1,"Position":[-43.55722427368164,0.00003920478775398806,0.0],"Rotation":[0.0,0.0,0.0,1.0],"Euler":[-0.0,0.0,-0.0],"Scale":[1.0,1.0,1.0],"Global":[0.4546958804130554,-0.13656553626060487,-0.8801143765449524,-32.245243072509769,0.4003671109676361,-0.8513641357421875,0.3389472961425781,51.18451690673828,-0.795586347579956,-0.5064868330955505,-0.33243536949157717,9.269615173339844,0.0,0.0,0.0,1.0]}]},{"UID":1216591934,"ParentUID":2457654939,"Name":"joint7_$AssimpFbx$_PreRotation","Static":0,"ActiveInHierarchy":1,"ActiveSelf":1,"isBoneRoot":0,"baseState":[1.0,0.0,0.0,0.0,0.0,1.0,0.0,0.0,0.0,0.0,1.0,0.0,0.0,0.0,0.0,1.0],"Navigable":0,"No Walkable":0,"openInHierarchy":1,"Components":[{"Type":0,"Enabled":1,"Position":[0.0,0.0,0.0],"Rotation":[0.9966721534729004,-0.08151459693908692,-3.563116024452029e-9,4.3565918872445766e-8],"Euler":[179.99998474121095,-8.138884481923014e-7,9.3512601852417],"Scale":[1.0,1.0,1.0],"Global":[0.4708433747291565,0.06086858734488487,0.8801143765449524,-32.245243072509769,0.5333818197250366,0.7749958038330078,-0.33894723653793337,51.18451690673828,-0.7027162313461304,0.6290281414985657,0.3324354290962219,9.269615173339844,0.0,0.0,0.0,1.0]}]},{"UID":2303163116,"ParentUID":1216591934,"Name":"joint7_$AssimpFbx$_Rotation","Static":0,"ActiveInHierarchy":1,"ActiveSelf":1,"isBoneRoot":0,"baseState":[1.0,0.0,0.0,0.0,0.0,1.0,0.0,0.0,0.0,0.0,1.0,0.0,0.0,0.0,0.0,1.0],"Navigable":0,"No Walkable":0,"openInHierarchy":1,"Components":[{"Type":0,"Enabled":1,"Position":[0.0,0.0,0.0],"Rotation":[0.0,0.0,0.7496852874755859,0.6617946028709412],"Euler":[-0.0,0.0,97.1262435913086],"Scale":[1.0,1.0,1.0],"Global":[0.0019874311983585359,-0.4747573137283325,0.8801143765449524,-32.245243072509769,0.7028399705886841,-0.6254044771194458,-0.33894723653793337,51.18451690673828,0.7113452553749085,0.6192531585693359,0.3324354290962219,9.269615173339844,0.0,0.0,0.0,1.0]}]},{"UID":3607869160,"ParentUID":2303163116,"Name":"joint7","Static":0,"ActiveInHierarchy":1,"ActiveSelf":1,"isBoneRoot":0,"baseState":[1.0,0.0,0.0,0.0,0.0,1.0,0.0,0.0,0.0,0.0,1.0,0.0,0.0,0.0,0.0,1.0],"Navigable":0,"No Walkable":0,"openInHierarchy":1,"Components":[{"Type":0,"Enabled":1,"Position":[0.0,0.0,0.0],"Rotation":[0.0,0.0,0.0,1.0],"Euler":[-0.0,0.0,-0.0],"Scale":[1.0,1.0,1.0],"Global":[0.0019874311983585359,-0.4747573137283325,0.8801143765449524,-32.245243072509769,0.7028399705886841,-0.6254044771194458,-0.33894723653793337,51.18451690673828,0.7113452553749085,0.6192531585693359,0.3324354290962219,9.269615173339844,0.0,0.0,0.0,1.0]}]},{"UID":772628537,"ParentUID":3607869160,"Name":"joint8_$AssimpFbx$_Translation","Static":0,"ActiveInHierarchy":1,"ActiveSelf":1,"isBoneRoot":0,"baseState":[1.0,0.0,0.0,0.0,0.0,1.0,0.0,0.0,0.0,0.0,1.0,0.0,0.0,0.0,0.0,1.0],"Navigable":0,"No Walkable":0,"openInHierarchy":1,"Components":[{"Type":0,"Enabled":1,"Position":[-47.11334991455078,0.000011862145584018436,0.0],"Rotation":[0.0,0.0,0.0,1.0],"Euler":[-0.0,0.0,-0.0],"Scale":[1.0,1.0,1.0],"Global":[0.0019874311983585359,-0.4747573137283325,0.8801143765449524,-32.33888244628906,0.7028399705886841,-0.6254044771194458,-0.33894723653793337,18.071365356445314,0.7113452553749085,0.6192531585693359,0.3324354290962219,-24.24423599243164,0.0,0.0,0.0,1.0]}]},{"UID":2082015967,"ParentUID":772628537,"Name":"joint8_$AssimpFbx$_PreRotation","Static":0,"ActiveInHierarchy":1,"ActiveSelf":1,"isBoneRoot":0,"baseState":[1.0,0.0,0.0,0.0,0.0,1.0,0.0,0.0,0.0,0.0,1.0,0.0,0.0,0.0,0.0,1.0],"Navigable":0,"No Walkable":0,"openInHierarchy":1,"Components":[{"Type":0,"Enabled":1,"Position":[0.0,0.0,0.0],"Rotation":[0.8607384562492371,-0.5090475082397461,-2.2251171571952e-8,3.7624069193498147e-8],"Euler":[179.99998474121095,-0.000004389415153127629,61.2008056640625],"Scale":[1.0,1.0,1.0],"Global":[0.4169936776161194,0.2269686460494995,-0.8801143765449524,-32.33888244628906,0.8866374492645264,-0.3146250247955322,0.33894720673561098,18.071365356445314,-0.19997549057006837,-0.92168128490448,-0.3324355185031891,-24.24423599243164,0.0,0.0,0.0,1.0]}]},{"UID":2823730909,"ParentUID":2082015967,"Name":"joint8_$AssimpFbx$_Rotation","Static":0,"ActiveInHierarchy":1,"ActiveSelf":1,"isBoneRoot":0,"baseState":[1.0,0.0,0.0,0.0,0.0,1.0,0.0,0.0,0.0,0.0,1.0,0.0,0.0,0.0,0.0,1.0],"Navigable":0,"No Walkable":0,"openInHierarchy":1,"Components":[{"Type":0,"Enabled":1,"Position":[0.0,0.0,0.0],"Rotation":[-0.17061032354831696,-0.3106825649738312,0.2722766101360321,0.8945579528808594],"Euler":[-10.299250602722168,-40.44768524169922,30.054244995117189],"Scale":[1.0,1.0,1.0],"Global":[0.0018516480922698975,0.43872523307800295,-0.8986192941665649,-32.33888244628906,0.5543074607849121,-0.7483827471733093,-0.36423423886299136,18.071365356445314,-0.8323097825050354,-0.49743711948394778,-0.24457448720932008,-24.24423599243164,0.0,0.0,0.0,1.0]}]},{"UID":2440882278,"ParentUID":2823730909,"Name":"joint8","Static":0,"ActiveInHierarchy":1,"ActiveSelf":1,"isBoneRoot":0,"baseState":[1.0,0.0,0.0,0.0,0.0,1.0,0.0,0.0,0.0,0.0,1.0,0.0,0.0,0.0,0.0,1.0],"Navigable":0,"No Walkable":0,"openInHierarchy":1,"Components":[{"Type":0,"Enabled":1,"Position":[0.0,0.0,0.0],"Rotation":[0.0,0.0,0.0,1.0],"Euler":[-0.0,0.0,-0.0],"Scale":[1.0,1.0,1.0],"Global":[0.0018516480922698975,0.43872523307800295,-0.8986192941665649,-32.33888244628906,0.5543074607849121,-0.7483827471733093,-0.36423423886299136,18.071365356445314,-0.8323097825050354,-0.49743711948394778,-0.24457448720932008,-24.24423599243164,0.0,0.0,0.0,1.0]}]},{"UID":1886021121,"ParentUID":2440882278,"Name":"joint9_$AssimpFbx$_Translation","Static":0,"ActiveInHierarchy":1,"ActiveSelf":1,"isBoneRoot":0,"baseState":[1.0,0.0,0.0,0.0,0.0,1.0,0.0,0.0,0.0,0.0,1.0,0.0,0.0,0.0,0.0,1.0],"Navigable":0,"No Walkable":0,"openInHierarchy":1,"Components":[{"Type":0,"Enabled":1,"Position":[-25.233152389526368,-0.000034452568797860297,0.0],"Rotation":[0.0,0.0,0.0,1.0],"Euler":[-0.0,0.0,-0.0],"Scale":[1.0,1.0,1.0],"Global":[0.0018516480922698975,0.43872523307800295,-0.8986192941665649,-32.3856201171875,0.5543074607849121,-0.7483827471733093,-0.36423423886299136,4.084466934204102,-0.8323097825050354,-0.49743711948394778,-0.24457448720932008,-3.242420196533203,0.0,0.0,0.0,1.0]}]},{"UID":3455848935,"ParentUID":1886021121,"Name":"joint9_$AssimpFbx$_PreRotation","Static":0,"ActiveInHierarchy":1,"ActiveSelf":1,"isBoneRoot":0,"baseState":[1.0,0.0,0.0,0.0,0.0,1.0,0.0,0.0,0.0,0.0,1.0,0.0,0.0,0.0,0.0,1.0],"Navigable":0,"No Walkable":0,"openInHierarchy":1,"Components":[{"Type":0,"Enabled":1,"Position":[0.0,0.0,0.0],"Rotation":[0.0,0.0,0.2963099777698517,0.9550918340682983],"Euler":[-0.0,0.0,34.47221374511719],"Scale":[1.0,1.0,1.0],"Global":[0.24984782934188844,0.360637366771698,-0.8986192941665649,-32.3856201171875,0.03338199853897095,-0.9307089447975159,-0.36423423886299136,4.084466934204102,-0.9677094221115112,0.06100517511367798,-0.24457448720932008,-3.242420196533203,0.0,0.0,0.0,1.0]}]},{"UID":3346836142,"ParentUID":3455848935,"Name":"joint9_$AssimpFbx$_Rotation","Static":0,"ActiveInHierarchy":1,"ActiveSelf":1,"isBoneRoot":0,"baseState":[1.0,0.0,0.0,0.0,0.0,1.0,0.0,0.0,0.0,0.0,1.0,0.0,0.0,0.0,0.0,1.0],"Navigable":0,"No Walkable":0,"openInHierarchy":1,"Components":[{"Type":0,"Enabled":1,"Position":[0.0,0.0,0.0],"Rotation":[0.0,0.0,0.008602420799434185,0.9999629855155945],"Euler":[-0.0,0.0,0.9857769012451172],"Scale":[1.0,1.0,1.0],"Global":[0.2560153305530548,0.35628557205200198,-0.8986192941665649,-32.3856201171875,0.017364950850605966,-0.9311454892158508,-0.36423423886299136,4.084466934204102,-0.9665166735649109,0.07764481753110886,-0.24457448720932008,-3.242420196533203,0.0,0.0,0.0,1.0]}]},{"UID":2256979534,"ParentUID":3346836142,"Name":"joint9","Static":0,"ActiveInHierarchy":1,"ActiveSelf":1,"isBoneRoot":0,"baseState":[1.0,0.0,0.0,0.0,0.0,1.0,0.0,0.0,0.0,0.0,1.0,0.0,0.0,0.0,0.0,1.0],"Navigable":0,"No Walkable":0,"openInHierarchy":1,"Components":[{"Type":0,"Enabled":1,"Position":[0.0,0.0,0.0],"Rotation":[0.0,0.0,0.0,1.0],"Euler":[-0.0,0.0,-0.0],"Scale":[1.0,1.0,1.0],"Global":[0.2560153305530548,0.35628557205200198,-0.8986192941665649,-32.3856201171875,0.017364950850605966,-0.9311454892158508,-0.36423423886299136,4.084466934204102,-0.9665166735649109,0.07764481753110886,-0.24457448720932008,-3.242420196533203,0.0,0.0,0.0,1.0]}]},{"UID":4078713936,"ParentUID":2256979534,"Name":"joint10_$AssimpFbx$_Translation","Static":0,"ActiveInHierarchy":1,"ActiveSelf":1,"isBoneRoot":0,"baseState":[1.0,0.0,0.0,0.0,0.0,1.0,0.0,0.0,0.0,0.0,1.0,0.0,0.0,0.0,0.0,1.0],"Navigable":0,"No Walkable":0,"openInHierarchy":1,"Components":[{"Type":0,"Enabled":1,"Position":[-22.975549697875978,7.993605777301127e-15,-3.552713678800501e-15],"Rotation":[0.0,0.0,0.0,1.0],"Euler":[-0.0,0.0,-0.0],"Scale":[1.0,1.0,1.0],"Global":[0.2560153305530548,0.35628557205200198,-0.8986192941665649,-38.2677116394043,0.017364950850605966,-0.9311454892158508,-0.36423423886299136,3.685497760772705,-0.9665166735649109,0.07764481753110886,-0.24457448720932008,18.963830947875978,0.0,0.0,0.0,1.0]}]},{"UID":2200793576,"ParentUID":4078713936,"Name":"joint10_$AssimpFbx$_PreRotation","Static":0,"ActiveInHierarchy":1,"ActiveSelf":1,"isBoneRoot":0,"baseState":[1.0,0.0,0.0,0.0,0.0,1.0,0.0,0.0,0.0,0.0,1.0,0.0,0.0,0.0,0.0,1.0],"Navigable":0,"No Walkable":0,"openInHierarchy":1,"Components":[{"Type":0,"Enabled":1,"Position":[0.0,0.0,0.0],"Rotation":[0.0,0.7071068286895752,0.0,0.7071068286895752],"Euler":[0.0,90.0,0.0],"Scale":[1.0,1.0,1.0],"Global":[0.8986192941665649,0.35628557205200198,0.2560153603553772,-38.2677116394043,0.36423423886299136,-0.9311454892158508,0.017364967614412309,3.685497760772705,0.24457453191280366,0.07764481753110886,-0.9665166735649109,18.963830947875978,0.0,0.0,0.0,1.0]}]},{"UID":1489419723,"ParentUID":2200793576,"Name":"joint10_$AssimpFbx$_Rotation","Static":0,"ActiveInHierarchy":1,"ActiveSelf":1,"isBoneRoot":0,"baseState":[1.0,0.0,0.0,0.0,0.0,1.0,0.0,0.0,0.0,0.0,1.0,0.0,0.0,0.0,0.0,1.0],"Navigable":0,"No Walkable":0,"openInHierarchy":1,"Components":[{"Type":0,"Enabled":1,"Position":[0.0,0.0,0.0],"Rotation":[0.0,0.0,0.0,1.0],"Euler":[-0.0,0.0,-0.0],"Scale":[1.0,1.0,1.0],"Global":[0.8986192941665649,0.35628557205200198,0.2560153603553772,-38.2677116394043,0.36423423886299136,-0.9311454892158508,0.017364967614412309,3.685497760772705,0.24457453191280366,0.07764481753110886,-0.9665166735649109,18.963830947875978,0.0,0.0,0.0,1.0]}]},{"UID":2632454802,"ParentUID":1489419723,"Name":"joint10","Static":0,"ActiveInHierarchy":1,"ActiveSelf":1,"isBoneRoot":0,"baseState":[1.0,0.0,0.0,0.0,0.0,1.0,0.0,0.0,0.0,0.0,1.0,0.0,0.0,0.0,0.0,1.0],"Navigable":0,"No Walkable":0,"openInHierarchy":1,"Components":[{"Type":0,"Enabled":1,"Position":[0.0,0.0,0.0],"Rotation":[0.0,0.0,0.0,1.0],"Euler":[-0.0,0.0,-0.0],"Scale":[1.0,1.0,1.0],"Global":[0.8986192941665649,0.35628557205200198,0.2560153603553772,-38.2677116394043,0.36423423886299136,-0.9311454892158508,0.017364967614412309,3.685497760772705,0.24457453191280366,0.07764481753110886,-0.9665166735649109,18.963830947875978,0.0,0.0,0.0,1.0]}]},{"UID":265173159,"ParentUID":2899502568,"Name":"joint1_$AssimpFbx$_Translation","Static":0,"ActiveInHierarchy":1,"ActiveSelf":1,"isBoneRoot":0,"baseState":[1.0,0.0,0.0,0.0,0.0,1.0,0.0,0.0,0.0,0.0,1.0,0.0,0.0,0.0,0.0,1.0],"Navigable":0,"No Walkable":0,"openInHierarchy":1,"Components":[{"Type":0,"Enabled":1,"Position":[-5.567948341369629,-1.948781967163086,16.921363830566408],"Rotation":[0.0,0.0,0.0,1.0],"Euler":[-0.0,0.0,-0.0],"Scale":[1.0,1.0,1.0],"Global":[-0.43802106380462649,-0.15330731868743897,0.8857958912849426,17.53791046142578,0.8360658884048462,0.2926230728626251,0.464074969291687,84.328857421875,-0.3303503692150116,0.9438583850860596,-3.6545600323734109e-8,-25.383880615234376,0.0,0.0,0.0,1.0]}]},{"UID":2728908924,"ParentUID":265173159,"Name":"joint1_$AssimpFbx$_PreRotation","Static":0,"ActiveInHierarchy":1,"ActiveSelf":1,"isBoneRoot":0,"baseState":[1.0,0.0,0.0,0.0,0.0,1.0,0.0,0.0,0.0,0.0,1.0,0.0,0.0,0.0,0.0,1.0],"Navigable":0,"No Walkable":0,"openInHierarchy":1,"Components":[{"Type":0,"Enabled":1,"Position":[0.0,0.0,0.0],"Rotation":[-0.13581767678260804,0.9907338619232178,-5.9367786242603419e-9,-4.330635405835892e-8],"Euler":[180.0,-0.000004824161351280054,164.38818359375],"Scale":[0.9999999403953552,0.9999999403953552,1.0],"Global":[0.46311908960342409,-0.02977188676595688,-0.8857958316802979,17.53791046142578,-0.8839711546897888,0.05682672560214996,-0.4640750586986542,84.328857421875,0.06415322422981262,0.9979400038719177,4.215404914020837e-8,-25.383880615234376,0.0,0.0,0.0,1.0]}]},{"UID":428431768,"ParentUID":2728908924,"Name":"joint1_$AssimpFbx$_Rotation","Static":0,"ActiveInHierarchy":1,"ActiveSelf":1,"isBoneRoot":0,"baseState":[1.0,0.0,0.0,0.0,0.0,1.0,0.0,0.0,0.0,0.0,1.0,0.0,0.0,0.0,0.0,1.0],"Navigable":0,"No Walkable":0,"openInHierarchy":1,"Components":[{"Type":0,"Enabled":1,"Position":[0.0,0.0,0.0],"Rotation":[-0.2073909342288971,-0.13371750712394715,0.41707319021224978,0.8747334480285645],"Euler":[-15.967369079589844,-24.012048721313478,47.566776275634769],"Scale":[0.9999999403953552,1.0,0.9999999403953552],"Global":[0.2080836445093155,0.09110474586486817,-0.9738587737083435,17.53791046142578,-0.5284910202026367,0.8482750058174133,-0.03356584906578064,84.328857421875,0.823042094707489,0.5216602683067322,0.2246602177619934,-25.383880615234376,0.0,0.0,0.0,1.0]}]},{"UID":552533132,"ParentUID":428431768,"Name":"joint1","Static":0,"ActiveInHierarchy":1,"ActiveSelf":1,"isBoneRoot":0,"baseState":[1.0,0.0,0.0,0.0,0.0,1.0,0.0,0.0,0.0,0.0,1.0,0.0,0.0,0.0,0.0,1.0],"Navigable":0,"No Walkable":0,"openInHierarchy":1,"Components":[{"Type":0,"Enabled":1,"Position":[0.0,0.0,0.0],"Rotation":[0.0,0.0,0.0,1.0],"Euler":[-0.0,0.0,-0.0],"Scale":[1.0,1.0,1.0],"Global":[0.2080836445093155,0.09110474586486817,-0.9738587737083435,17.53791046142578,-0.5284910202026367,0.8482750058174133,-0.03356584906578064,84.328857421875,0.823042094707489,0.5216602683067322,0.2246602177619934,-25.383880615234376,0.0,0.0,0.0,1.0]}]},{"UID":4220249580,"ParentUID":552533132,"Name":"joint2_$AssimpFbx$_Translation","Static":0,"ActiveInHierarchy":1,"ActiveSelf":1,"isBoneRoot":0,"baseState":[1.0,0.0,0.0,0.0,0.0,1.0,0.0,0.0,0.0,0.0,1.0,0.0,0.0,0.0,0.0,1.0],"Navigable":0,"No Walkable":0,"openInHierarchy":1,"Components":[{"Type":0,"Enabled":1,"Position":[43.55704116821289,-4.440892098500626e-15,9.671605997899156e-15],"Rotation":[0.0,0.0,0.0,1.0],"Euler":[-0.0,0.0,-0.0],"Scale":[1.0,1.0,1.0],"Global":[0.2080836445093155,0.09110474586486817,-0.9738587737083435,26.601417541503908,-0.5284910202026367,0.8482750058174133,-0.03356584906578064,61.30935287475586,0.823042094707489,0.5216602683067322,0.2246602177619934,10.465396881103516,0.0,0.0,0.0,1.0]}]},{"UID":513723406,"ParentUID":4220249580,"Name":"joint2_$AssimpFbx$_PreRotation","Static":0,"ActiveInHierarchy":1,"ActiveSelf":1,"isBoneRoot":0,"baseState":[1.0,0.0,0.0,0.0,0.0,1.0,0.0,0.0,0.0,0.0,1.0,0.0,0.0,0.0,0.0,1.0],"Navigable":0,"No Walkable":0,"openInHierarchy":1,"Components":[{"Type":0,"Enabled":1,"Position":[0.0,0.0,0.0],"Rotation":[0.9966721534729004,-0.08151459693908692,3.563116024452029e-9,-4.3565918872445766e-8],"Euler":[-179.99998474121095,8.138884481923014e-7,9.3512601852417],"Scale":[1.0,1.0,1.0],"Global":[0.19051505625247956,-0.12370476126670838,0.9738587737083435,26.601417541503908,-0.6593011021614075,-0.7511292695999146,0.03356591612100601,61.30935287475586,0.7273416519165039,-0.648461103439331,-0.22466015815734864,10.465396881103516,0.0,0.0,0.0,1.0]}]},{"UID":1863890575,"ParentUID":513723406,"Name":"joint2_$AssimpFbx$_Rotation","Static":0,"ActiveInHierarchy":1,"ActiveSelf":1,"isBoneRoot":0,"baseState":[1.0,0.0,0.0,0.0,0.0,1.0,0.0,0.0,0.0,0.0,1.0,0.0,0.0,0.0,0.0,1.0],"Navigable":0,"No Walkable":0,"openInHierarchy":1,"Components":[{"Type":0,"Enabled":1,"Position":[0.0,0.0,0.0],"Rotation":[0.0,0.0,0.7154930830001831,0.6986199021339417],"Euler":[-0.0,0.0,91.36724090576172],"Scale":[0.9999999403953552,0.9999999403953552,1.0],"Global":[-0.12821531295776368,-0.18750916421413423,0.9738587737083435,26.601417541503908,-0.7351841330528259,0.6770357489585877,0.03356591612100601,61.30935287475586,-0.6656311750411987,-0.7116619348526001,-0.22466015815734864,10.465396881103516,0.0,0.0,0.0,1.0]}]},{"UID":724008769,"ParentUID":1863890575,"Name":"joint2","Static":0,"ActiveInHierarchy":1,"ActiveSelf":1,"isBoneRoot":0,"baseState":[1.0,0.0,0.0,0.0,0.0,1.0,0.0,0.0,0.0,0.0,1.0,0.0,0.0,0.0,0.0,1.0],"Navigable":0,"No Walkable":0,"openInHierarchy":1,"Components":[{"Type":0,"Enabled":1,"Position":[0.0,0.0,0.0],"Rotation":[0.0,0.0,0.0,1.0],"Euler":[-0.0,0.0,-0.0],"Scale":[1.0,1.0,1.0],"Global":[-0.12821531295776368,-0.18750916421413423,0.9738587737083435,26.601417541503908,-0.7351841330528259,0.6770357489585877,0.03356591612100601,61.30935287475586,-0.6656311750411987,-0.7116619348526001,-0.22466015815734864,10.465396881103516,0.0,0.0,0.0,1.0]}]},{"UID":1043530578,"ParentUID":724008769,"Name":"joint3_$AssimpFbx$_Translation","Static":0,"ActiveInHierarchy":1,"ActiveSelf":1,"isBoneRoot":0,"baseState":[1.0,0.0,0.0,0.0,0.0,1.0,0.0,0.0,0.0,0.0,1.0,0.0,0.0,0.0,0.0,1.0],"Navigable":0,"No Walkable":0,"openInHierarchy":1,"Components":[{"Type":0,"Enabled":1,"Position":[47.11335372924805,8.881784197001253e-16,-8.622426943716722e-15],"Rotation":[0.0,0.0,0.0,1.0],"Euler":[-0.0,0.0,-0.0],"Scale":[1.0,1.0,1.0],"Global":[-0.12821531295776368,-0.18750916421413423,0.9738587737083435,20.56076431274414,-0.7351841330528259,0.6770357489585877,0.03356591612100601,26.67236328125,-0.6656311750411987,-0.7116619348526001,-0.22466015815734864,-20.89472007751465,0.0,0.0,0.0,1.0]}]},{"UID":2495353764,"ParentUID":1043530578,"Name":"joint3_$AssimpFbx$_PreRotation","Static":0,"ActiveInHierarchy":1,"ActiveSelf":1,"isBoneRoot":0,"baseState":[1.0,0.0,0.0,0.0,0.0,1.0,0.0,0.0,0.0,0.0,1.0,0.0,0.0,0.0,0.0,1.0],"Navigable":0,"No Walkable":0,"openInHierarchy":1,"Components":[{"Type":0,"Enabled":1,"Position":[0.0,0.0,0.0],"Rotation":[0.8607384562492371,-0.5090475082397461,2.2251171571952e-8,-3.7624069193498147e-8],"Euler":[-179.99998474121095,0.000004389415153127629,61.2008056640625],"Scale":[1.0,1.0,1.0],"Global":[0.102550208568573,0.20268762111663819,-0.9738587737083435,20.56076431274414,-0.947464108467102,0.31809568405151369,-0.0335659421980381,26.67236328125,0.30297696590423586,0.9261385202407837,0.22466008365154267,-20.89472007751465,0.0,0.0,0.0,1.0]}]},{"UID":634338239,"ParentUID":2495353764,"Name":"joint3_$AssimpFbx$_Rotation","Static":0,"ActiveInHierarchy":1,"ActiveSelf":1,"isBoneRoot":0,"baseState":[1.0,0.0,0.0,0.0,0.0,1.0,0.0,0.0,0.0,0.0,1.0,0.0,0.0,0.0,0.0,1.0],"Navigable":0,"No Walkable":0,"openInHierarchy":1,"Components":[{"Type":0,"Enabled":1,"Position":[0.0,0.0,0.0],"Rotation":[0.2254980355501175,0.1150440201163292,0.24054843187332154,0.9370442628860474],"Euler":[22.843097686767579,18.9103946685791,24.940975189208986],"Scale":[0.9999999403953552,1.0,1.0],"Global":[0.2941736876964569,-0.34774813055992129,-0.8902431130409241,20.56076431274414,-0.6492371559143066,0.6108573079109192,-0.45314913988113406,26.67236328125,0.7013933658599854,0.7112835645675659,-0.04607275128364563,-20.89472007751465,0.0,0.0,0.0,1.0]}]},{"UID":2026460756,"ParentUID":634338239,"Name":"joint3","Static":0,"ActiveInHierarchy":1,"ActiveSelf":1,"isBoneRoot":0,"baseState":[1.0,0.0,0.0,0.0,0.0,1.0,0.0,0.0,0.0,0.0,1.0,0.0,0.0,0.0,0.0,1.0],"Navigable":0,"No Walkable":0,"openInHierarchy":1,"Components":[{"Type":0,"Enabled":1,"Position":[0.0,0.0,0.0],"Rotation":[0.0,0.0,0.0,1.0],"Euler":[-0.0,0.0,-0.0],"Scale":[1.0,1.0,1.0],"Global":[0.2941736876964569,-0.34774813055992129,-0.8902431130409241,20.56076431274414,-0.6492371559143066,0.6108573079109192,-0.45314913988113406,26.67236328125,0.7013933658599854,0.7112835645675659,-0.04607275128364563,-20.89472007751465,0.0,0.0,0.0,1.0]}]},{"UID":4277022758,"ParentUID":2026460756,"Name":"joint4_$AssimpFbx$_Translation","Static":0,"ActiveInHierarchy":1,"ActiveSelf":1,"isBoneRoot":0,"baseState":[1.0,0.0,0.0,0.0,0.0,1.0,0.0,0.0,0.0,0.0,1.0,0.0,0.0,0.0,0.0,1.0],"Navigable":0,"No Walkable":0,"openInHierarchy":1,"Components":[{"Type":0,"Enabled":1,"Position":[25.23313331604004,-1.0658141036401503e-14,1.0575072515264274e-14],"Rotation":[0.0,0.0,0.0,1.0],"Euler":[-0.0,0.0,-0.0],"Scale":[1.0,1.0,1.0],"Global":[0.2941736876964569,-0.34774813055992129,-0.8902431130409241,27.983688354492189,-0.6492371559143066,0.6108573079109192,-0.45314913988113406,10.290075302124024,0.7013933658599854,0.7112835645675659,-0.04607275128364563,-3.1963672637939455,0.0,0.0,0.0,1.0]}]},{"UID":1798053898,"ParentUID":4277022758,"Name":"joint4_$AssimpFbx$_PreRotation","Static":0,"ActiveInHierarchy":1,"ActiveSelf":1,"isBoneRoot":0,"baseState":[1.0,0.0,0.0,0.0,0.0,1.0,0.0,0.0,0.0,0.0,1.0,0.0,0.0,0.0,0.0,1.0],"Navigable":0,"No Walkable":0,"openInHierarchy":1,"Components":[{"Type":0,"Enabled":1,"Position":[0.0,0.0,0.0],"Rotation":[0.0,0.0,0.2963099777698517,0.9550918340682983],"Euler":[-0.0,0.0,34.47221374511719],"Scale":[1.0,1.0,1.0],"Global":[0.045689329504966739,-0.45318806171417239,-0.8902431130409241,27.983688354492189,-0.18948239088058473,0.8710637092590332,-0.45314913988113406,10.290075302124024,0.98082035779953,0.18938955664634705,-0.04607275128364563,-3.1963672637939455,0.0,0.0,0.0,1.0]}]},{"UID":4253547668,"ParentUID":1798053898,"Name":"joint4_$AssimpFbx$_Rotation","Static":0,"ActiveInHierarchy":1,"ActiveSelf":1,"isBoneRoot":0,"baseState":[1.0,0.0,0.0,0.0,0.0,1.0,0.0,0.0,0.0,0.0,1.0,0.0,0.0,0.0,0.0,1.0],"Navigable":0,"No Walkable":0,"openInHierarchy":1,"Components":[{"Type":0,"Enabled":1,"Position":[0.0,0.0,0.0],"Rotation":[0.0,0.0,0.008568300865590573,0.9999632835388184],"Euler":[-0.0,0.0,0.9818668365478516],"Scale":[1.0,1.0,1.0],"Global":[0.03791680186986923,-0.45390447974205019,-0.8902431130409241,27.983688354492189,-0.17452804744243623,0.8741828203201294,-0.45314913988113406,10.290075302124024,0.9839217066764832,0.17255443334579469,-0.04607275128364563,-3.1963672637939455,0.0,0.0,0.0,1.0]}]},{"UID":2487399296,"ParentUID":4253547668,"Name":"joint4","Static":0,"ActiveInHierarchy":1,"ActiveSelf":1,"isBoneRoot":0,"baseState":[1.0,0.0,0.0,0.0,0.0,1.0,0.0,0.0,0.0,0.0,1.0,0.0,0.0,0.0,0.0,1.0],"Navigable":0,"No Walkable":0,"openInHierarchy":1,"Components":[{"Type":0,"Enabled":1,"Position":[0.0,0.0,0.0],"Rotation":[0.0,0.0,0.0,1.0],"Euler":[-0.0,0.0,-0.0],"Scale":[1.0,1.0,1.0],"Global":[0.03791680186986923,-0.45390447974205019,-0.8902431130409241,27.983688354492189,-0.17452804744243623,0.8741828203201294,-0.45314913988113406,10.290075302124024,0.9839217066764832,0.17255443334579469,-0.04607275128364563,-3.1963672637939455,0.0,0.0,0.0,1.0]}]},{"UID":3500823802,"ParentUID":2487399296,"Name":"joint5_$AssimpFbx$_Translation","Static":0,"ActiveInHierarchy":1,"ActiveSelf":1,"isBoneRoot":0,"baseState":[1.0,0.0,0.0,0.0,0.0,1.0,0.0,0.0,0.0,0.0,1.0,0.0,0.0,0.0,0.0,1.0],"Navigable":0,"No Walkable":0,"openInHierarchy":1,"Components":[{"Type":0,"Enabled":1,"Position":[22.9755802154541,-6.764227239853919e-15,1.558594833056537e-14],"Rotation":[0.0,0.0,0.0,1.0],"Euler":[-0.0,0.0,-0.0],"Scale":[1.0,1.0,1.0],"Global":[0.03791680186986923,-0.45390447974205019,-0.8902431130409241,28.854848861694337,-0.17452804744243623,0.8741828203201294,-0.45314913988113406,6.2801923751831059,0.9839217066764832,0.17255443334579469,-0.04607275128364563,19.409805297851564,0.0,0.0,0.0,1.0]}]},{"UID":346756843,"ParentUID":3500823802,"Name":"joint5_$AssimpFbx$_PreRotation","Static":0,"ActiveInHierarchy":1,"ActiveSelf":1,"isBoneRoot":0,"baseState":[1.0,0.0,0.0,0.0,0.0,1.0,0.0,0.0,0.0,0.0,1.0,0.0,0.0,0.0,0.0,1.0],"Navigable":0,"No Walkable":0,"openInHierarchy":1,"Components":[{"Type":0,"Enabled":1,"Position":[0.0,0.0,0.0],"Rotation":[0.0,0.7071068286895752,0.0,0.7071068286895752],"Euler":[0.0,90.0,0.0],"Scale":[1.0,1.0,1.0],"Global":[0.8902431130409241,-0.45390447974205019,0.03791683912277222,28.854848861694337,0.45314913988113406,0.8741828203201294,-0.17452803254127503,6.2801923751831059,0.04607270658016205,0.17255443334579469,0.9839217066764832,19.409805297851564,0.0,0.0,0.0,1.0]}]},{"UID":912310821,"ParentUID":346756843,"Name":"joint5_$AssimpFbx$_Rotation","Static":0,"ActiveInHierarchy":1,"ActiveSelf":1,"isBoneRoot":0,"baseState":[1.0,0.0,0.0,0.0,0.0,1.0,0.0,0.0,0.0,0.0,1.0,0.0,0.0,0.0,0.0,1.0],"Navigable":0,"No Walkable":0,"openInHierarchy":1,"Components":[{"Type":0,"Enabled":1,"Position":[0.0,0.0,0.0],"Rotation":[0.0,0.0,0.0,1.0],"Euler":[-0.0,0.0,-0.0],"Scale":[1.0,1.0,1.0],"Global":[0.8902431130409241,-0.45390447974205019,0.03791683912277222,28.854848861694337,0.45314913988113406,0.8741828203201294,-0.17452803254127503,6.2801923751831059,0.04607270658016205,0.17255443334579469,0.9839217066764832,19.409805297851564,0.0,0.0,0.0,1.0]}]},{"UID":3167800169,"ParentUID":912310821,"Name":"joint5","Static":0,"ActiveInHierarchy":1,"ActiveSelf":1,"isBoneRoot":0,"baseState":[1.0,0.0,0.0,0.0,0.0,1.0,0.0,0.0,0.0,0.0,1.0,0.0,0.0,0.0,0.0,1.0],"Navigable":0,"No Walkable":0,"openInHierarchy":1,"Components":[{"Type":0,"Enabled":1,"Position":[0.0,0.0,0.0],"Rotation":[0.0,0.0,0.0,1.0],"Euler":[-0.0,0.0,-0.0],"Scale":[1.0,1.0,1.0],"Global":[0.8902431130409241,-0.45390447974205019,0.03791683912277222,28.854848861694337,0.45314913988113406,0.8741828203201294,-0.17452803254127503,6.2801923751831059,0.04607270658016205,0.17255443334579469,0.9839217066764832,19.409805297851564,0.0,0.0,0.0,1.0]}]},{"UID":3355273189,"ParentUID":2899502568,"Name":"joint12_$AssimpFbx$_Translation","Static":0,"ActiveInHierarchy":1,"ActiveSelf":1,"isBoneRoot":0,"baseState":[1.0,0.0,0.0,0.0,0.0,1.0,0.0,0.0,0.0,0.0,1.0,0.0,0.0,0.0,0.0,1.0],"Navigable":0,"No Walkable":0,"openInHierarchy":1,"Components":[{"Type":0,"Enabled":1,"Position":[13.157940864562989,4.440892098500626e-15,-1.4608248904494069e-15],"Rotation":[0.0,0.0,0.0,1.0],"Euler":[-0.0,0.0,-0.0],"Scale":[1.0,1.0,1.0],"Global":[-0.43802106380462649,-0.15330731868743897,0.8857958912849426,-5.952061176300049,0.8360658884048462,0.2926230728626251,0.464074969291687,92.7024154663086,-0.3303503692150116,0.9438583850860596,-3.6545600323734109e-8,-29.730609893798829,0.0,0.0,0.0,1.0]}]},{"UID":788831469,"ParentUID":3355273189,"Name":"joint12_$AssimpFbx$_PreRotation","Static":0,"ActiveInHierarchy":1,"ActiveSelf":1,"isBoneRoot":0,"baseState":[1.0,0.0,0.0,0.0,0.0,1.0,0.0,0.0,0.0,0.0,1.0,0.0,0.0,0.0,0.0,1.0],"Navigable":0,"No Walkable":0,"openInHierarchy":1,"Components":[{"Type":0,"Enabled":1,"Position":[0.0,0.0,0.0],"Rotation":[0.0,0.0,0.09518697112798691,0.9954594373703003],"Euler":[-0.0,0.0,10.924161911010743],"Scale":[0.9999999403953552,0.9999999403953552,1.0],"Global":[-0.45913681387901308,-0.06752006709575653,0.8857958912849426,-5.952061176300049,0.8763703107833862,0.12887798249721528,0.464074969291687,92.7024154663086,-0.14549390971660615,0.9893591403961182,-3.6545600323734109e-8,-29.730609893798829,0.0,0.0,0.0,1.0]}]},{"UID":4093011121,"ParentUID":788831469,"Name":"joint12","Static":0,"ActiveInHierarchy":1,"ActiveSelf":1,"isBoneRoot":0,"baseState":[1.0,0.0,0.0,0.0,0.0,1.0,0.0,0.0,0.0,0.0,1.0,0.0,0.0,0.0,0.0,1.0],"Navigable":0,"No Walkable":0,"openInHierarchy":1,"Components":[{"Type":0,"Enabled":1,"Position":[0.0,0.0,0.0],"Rotation":[0.0,0.0,0.0,1.0],"Euler":[-0.0,0.0,-0.0],"Scale":[1.0,1.0,1.0],"Global":[-0.45913681387901308,-0.06752006709575653,0.8857958912849426,-5.952061176300049,0.8763703107833862,0.12887798249721528,0.464074969291687,92.7024154663086,-0.14549390971660615,0.9893591403961182,-3.6545600323734109e-8,-29.730609893798829,0.0,0.0,0.0,1.0]}]},{"UID":2014872525,"ParentUID":4093011121,"Name":"joint13_$AssimpFbx$_Translation","Static":0,"ActiveInHierarchy":1,"ActiveSelf":1,"isBoneRoot":0,"baseState":[1.0,0.0,0.0,0.0,0.0,1.0,0.0,0.0,0.0,0.0,1.0,0.0,0.0,0.0,0.0,1.0],"Navigable":0,"No Walkable":0,"openInHierarchy":1,"Components":[{"Type":0,"Enabled":1,"Position":[7.9634857177734379,1.318198323249817,0.20236626267433167],"Rotation":[0.0,0.0,0.0,1.0],"Euler":[-0.0,0.0,-0.0],"Scale":[1.0,1.0,1.0],"Global":[-0.45913681387901308,-0.06752006709575653,0.8857958912849426,-9.518139839172364,0.8763703107833862,0.12887798249721528,0.464074969291687,99.94517517089844,-0.14549390971660615,0.9893591403961182,-3.6545600323734109e-8,-29.5850772857666,0.0,0.0,0.0,1.0]}]},{"UID":1677969617,"ParentUID":2014872525,"Name":"joint13_$AssimpFbx$_PreRotation","Static":0,"ActiveInHierarchy":1,"ActiveSelf":1,"isBoneRoot":0,"baseState":[1.0,0.0,0.0,0.0,0.0,1.0,0.0,0.0,0.0,0.0,1.0,0.0,0.0,0.0,0.0,1.0],"Navigable":0,"No Walkable":0,"openInHierarchy":1,"Components":[{"Type":0,"Enabled":1,"Position":[0.0,0.0,0.0],"Rotation":[0.9927508234977722,0.12019073218107224,-5.253702806129468e-9,-4.339452175372571e-8],"Euler":[-179.99998474121095,-0.0000011953317198276637,-13.806220054626465],"Scale":[0.9999999403953552,0.9999999403953552,1.0],"Global":[-0.4619845151901245,-0.043998654931783679,-0.8857958912849426,-9.518139839172364,0.8818058371543884,0.0839814618229866,-0.464074969291687,99.94517517089844,0.09480917453765869,-0.9954954385757446,1.23574579902197e-7,-29.5850772857666,0.0,0.0,0.0,1.0]}]},{"UID":579081531,"ParentUID":1677969617,"Name":"joint13_$AssimpFbx$_Rotation","Static":0,"ActiveInHierarchy":1,"ActiveSelf":1,"isBoneRoot":0,"baseState":[1.0,0.0,0.0,0.0,0.0,1.0,0.0,0.0,0.0,0.0,1.0,0.0,0.0,0.0,0.0,1.0],"Navigable":0,"No Walkable":0,"openInHierarchy":1,"Components":[{"Type":0,"Enabled":1,"Position":[0.0,0.0,0.0],"Rotation":[-0.0007710643694736064,-0.014553889632225037,0.14732809364795686,0.9889802932739258],"Euler":[0.15838992595672608,-1.6626254320144654,16.948345184326173],"Scale":[0.9999999403953552,0.9999999403953552,0.9999999403953552],"Global":[-0.4798542857170105,0.09767716377973557,-0.8718938231468201,-9.518139839172364,0.854373037815094,-0.17391294240951539,-0.4896947741508484,99.94517517089844,-0.1994655728340149,-0.9799047708511353,1.2026244178287016e-7,-29.5850772857666,0.0,0.0,0.0,1.0]}]},{"UID":886275608,"ParentUID":579081531,"Name":"joint13","Static":0,"ActiveInHierarchy":1,"ActiveSelf":1,"isBoneRoot":0,"baseState":[1.0,0.0,0.0,0.0,0.0,1.0,0.0,0.0,0.0,0.0,1.0,0.0,0.0,0.0,0.0,1.0],"Navigable":0,"No Walkable":0,"openInHierarchy":1,"Components":[{"Type":0,"Enabled":1,"Position":[0.0,0.0,0.0],"Rotation":[0.0,0.0,0.0,1.0],"Euler":[-0.0,0.0,-0.0],"Scale":[1.0,1.0,1.0],"Global":[-0.4798542857170105,0.09767716377973557,-0.8718938231468201,-9.518139839172364,0.854373037815094,-0.17391294240951539,-0.4896947741508484,99.94517517089844,-0.1994655728340149,-0.9799047708511353,1.2026244178287016e-7,-29.5850772857666,0.0,0.0,0.0,1.0]}]},{"UID":563308124,"ParentUID":886275608,"Name":"joint24_$AssimpFbx$_Translation","Static":0,"ActiveInHierarchy":1,"ActiveSelf":1,"isBoneRoot":0,"baseState":[1.0,0.0,0.0,0.0,0.0,1.0,0.0,0.0,0.0,0.0,1.0,0.0,0.0,0.0,0.0,1.0],"Navigable":0,"No Walkable":0,"openInHierarchy":1,"Components":[{"Type":0,"Enabled":1,"Position":[27.08175277709961,-6.869762420654297,18.95319938659668],"Rotation":[0.0,0.0,0.0,1.0],"Euler":[-0.0,0.0,-0.0],"Scale":[1.0,1.0,1.0],"Global":[-0.4798542857170105,0.09767716377973557,-0.8718938231468201,-39.70962905883789,0.854373037815094,-0.17391294240951539,-0.4896947741508484,114.99655151367188,-0.1994655728340149,-0.9799047708511353,1.2026244178287016e-7,-28.255239486694337,0.0,0.0,0.0,1.0]}]},{"UID":611025061,"ParentUID":563308124,"Name":"joint24_$AssimpFbx$_PreRotation","Static":0,"ActiveInHierarchy":1,"ActiveSelf":1,"isBoneRoot":0,"baseState":[1.0,0.0,0.0,0.0,0.0,1.0,0.0,0.0,0.0,0.0,1.0,0.0,0.0,0.0,0.0,1.0],"Navigable":0,"No Walkable":0,"openInHierarchy":1,"Components":[{"Type":0,"Enabled":1,"Position":[0.0,0.0,0.0],"Rotation":[0.5470373034477234,-0.49741390347480776,-0.49815136194229128,-0.4529624879360199],"Euler":[-95.37991333007813,-5.416503429412842,89.49069213867188],"Scale":[0.9999999403953552,1.0,0.9999999403953552],"Global":[0.8547645807266235,0.46843209862709048,0.22349178791046143,-39.70962905883789,0.5112777352333069,-0.8340359926223755,-0.2073138952255249,114.99655151367188,0.08928774297237396,0.2914709448814392,-0.9524034261703491,-28.255239486694337,0.0,0.0,0.0,1.0]}]},{"UID":42786078,"ParentUID":611025061,"Name":"joint24_$AssimpFbx$_Rotation","Static":0,"ActiveInHierarchy":1,"ActiveSelf":1,"isBoneRoot":0,"baseState":[1.0,0.0,0.0,0.0,0.0,1.0,0.0,0.0,0.0,0.0,1.0,0.0,0.0,0.0,0.0,1.0],"Navigable":0,"No Walkable":0,"openInHierarchy":1,"Components":[{"Type":0,"Enabled":1,"Position":[0.0,0.0,0.0],"Rotation":[0.2558628022670746,0.4453020691871643,-0.1241215392947197,0.8490195274353027],"Euler":[49.07720184326172,43.83818817138672,-37.453643798828128],"Scale":[1.0,1.0,0.9999999403953552],"Global":[0.3142661452293396,0.8399902582168579,0.44232675433158877,-39.70962905883789,0.44841402769088747,-0.5420246720314026,0.7107279300689697,114.99655151367188,0.8367565870285034,-0.025012165307998658,-0.5470033884048462,-28.255239486694337,0.0,0.0,0.0,1.0]}]},{"UID":1022789907,"ParentUID":42786078,"Name":"joint24","Static":0,"ActiveInHierarchy":1,"ActiveSelf":1,"isBoneRoot":0,"baseState":[1.0,0.0,0.0,0.0,0.0,1.0,0.0,0.0,0.0,0.0,1.0,0.0,0.0,0.0,0.0,1.0],"Navigable":0,"No Walkable":0,"openInHierarchy":1,"Components":[{"Type":0,"Enabled":1,"Position":[0.0,0.0,0.0],"Rotation":[0.0,0.0,0.0,1.0],"Euler":[-0.0,0.0,-0.0],"Scale":[1.0,1.0,1.0],"Global":[0.3142661452293396,0.8399902582168579,0.44232675433158877,-39.7096290