{"GameObjects":[{"UID":3799148701,"ParentUID":0,"Name":"ZomBunny","Static":0,"Components":[{"Type":0,"Enabled":1,"Position":[-346.3228759765625,0.0,263.6104431152344],"Rotation":[0.0,0.0,0.0,1.0],"Euler":[-0.0,0.0,-0.0],"Scale":[1.0,1.0,1.0],"Global":[1.0,0.0,0.0,-346.3228759765625,0.0,1.0,0.0,0.0,0.0,0.0,1.0,263.6104431152344,0.0,0.0,0.0,1.0]}]},{"UID":1140970903,"ParentUID":3799148701,"Name":"Body","Static":0,"Components":[{"Type":0,"Enabled":1,"Position":[587.5142211914063,0.0,-606.953369140625],"Rotation":[0.0,0.0,0.0,1.0],"Euler":[-0.0,0.0,-0.0],"Scale":[1.0,1.0,1.0],"Global":[1.0,0.0,0.0,241.19134521484376,0.0,1.0,0.0,0.0,0.0,0.0,1.0,-343.3428955078125,0.0,0.0,0.0,1.0]},{"Type":1,"Enabled":1,"meshUID":3974562548,"materialFile":"Bunny"}]},{"UID":984729034,"ParentUID":3799148701,"Name":"Eyes","Static":0,"Components":[{"Type":0,"Enabled":1,"Position":[0.0,0.0,0.0],"Rotation":[0.0,0.0,0.0,1.0],"Euler":[-0.0,0.0,-0.0],"Scale":[1.0,1.0,1.0],"Global":[1.0,0.0,0.0,-346.3228759765625,0.0,1.0,0.0,0.0,0.0,0.0,1.0,263.6104431152344,0.0,0.0,0.0,1.0]},{"Type":1,"Enabled":1,"meshUID":4262759340,"materialFile":"Default"}]},{"UID":3557387639,"ParentUID":0,"Name":"Walls","Static":1,"Components":[{"Type":0,"Enabled":1,"Position":[-2038.2119140625,-0.0001519968791399151,-2956.813232421875],"Rotation":[-1.0689836926758289e-7,-0.7072288990020752,-1.0689836926758289e-7,0.7069846391677856],"Euler":[-179.94984436035157,-89.98020935058594,-179.94984436035157],"Scale":[1.0000003576278687,1.0,1.0000003576278687],"Global":[-1.1920928955078126e-7,1.0429728608540856e-10,-1.0000003576278687,-2038.2119140625,1.8061940831870517e-14,1.0,1.0406226574888322e-10,-0.000151996617205441,1.0000003576278687,-1.8002960233687305e-14,-1.1920928955078126e-7,-2956.8154296875,0.0,0.0,0.0,1.0]}]},{"UID":1807231522,"ParentUID":3557387639,"Name":"Wall","Static":1,"Components":[{"Type":0,"Enabled":1,"Position":[0.0,-5.73345459997654e-9,-33.1300048828125],"Rotation":[-1.4607548504130819e-10,9.313191884352534e-10,7.450569050604372e-9,1.0],"Euler":[-1.6739017283384784e-8,1.0672130912325884e-7,8.537722919754742e-7],"Scale":[0.999999463558197,1.000000238418579,0.9999997615814209],"Global":[-1.1734665150697765e-7,7.889882081002497e-10,-1.0000001192092896,-2005.0819091796876,2.980230107141324e-8,1.000000238418579,3.90373844361136e-12,-0.0001520060613984242,0.9999998211860657,1.2469325329494009e-14,-1.1734661597984086e-7,-2956.813232421875,0.0,0.0,0.0,1.0]},{"Type":1,"Enabled":1,"meshUID":4047949888,"materialFile":"Wall"}]},{"UID":2381938527,"ParentUID":3557387639,"Name":"Stars","Static":0,"Components":[{"Type":0,"Enabled":1,"Position":[0.0,8.949427865445614e-9,-66.72509765625],"Rotation":[5.7050416813723688e-27,0.0,0.0,1.0],"Euler":[6.537495918439948e-25,0.0,-0.0],"Scale":[1.0,1.0,1.0],"Global":[-1.1920928955078126e-7,1.042943301166055e-10,-1.0000003576278687,-1971.48681640625,1.801511007428272e-14,1.0,1.0429436481107501e-10,-0.00015199488552752882,1.0000003576278687,-1.800287553039258e-14,-1.1920928955078126e-7,-2956.813232421875,0.0,0.0,0.0,1.0]},{"Type":1,"Enabled":1,"meshUID":2927408968,"materialFile":"Stars"}]},{"UID":3120303362,"ParentUID":0,"Name":"Floor","Static":0,"Components":[{"Type":0,"Enabled":1,"Position":[-1940.1904296875,0.0,1926.42529296875],"Rotation":[0.0,0.0,0.0,1.0],"Euler":[-0.0,0.0,-0.0],"Scale":[1.0,1.0,1.0],"Global":[1.0,0.0,0.0,-1940.1904296875,0.0,1.0,0.0,0.0,0.0,0.0,1.0,1926.42529296875,0.0,0.0,0.0,1.0]}]},{"UID":3926638010,"ParentUID":3120303362,"Name":"Base","Static":0,"Components":[{"Type":0,"Enabled":1,"Position":[0.0,0.0,0.0],"Rotation":[0.0,0.0,0.0,1.0],"Euler":[-0.0,0.0,-0.0],"Scale":[1.0,1.0,1.0],"Global":[1.0,0.0,0.0,-1940.1904296875,0.0,1.0,0.0,0.0,0.0,0.0,1.0,1926.42529296875,0.0,0.0,0.0,1.0]},{"Type":1,"Enabled":1,"meshUID":780118879,"materialFile":"Floor"}]},{"UID":383014518,"ParentUID":3120303362,"Name":"Sides","Static":0,"Components":[{"Type":0,"Enabled":1,"Position":[0.0,0.0,-4931.4755859375],"Rotation":[-4.7549519877065907e-11,-0.7072288990020752,-4.7549519877065907e-11,0.7069846391677856],"Euler":[-179.99996948242188,-89.98020935058594,-179.99996948242188],"Scale":[1.0,1.0,1.0],"Global":[-1.1912197805941105e-7,-5.3488029977399879e-15,-0.999999463558197,-1940.1904296875,-7.105420581337424e-15,1.0,7.224757359210188e-15,2.0816681711721686e-17,1.0000001192092896,-7.105393476283112e-15,-1.1947122402489186e-7,-3005.050048828125,0.0,0.0,0.0,1.0]},{"Type":1,"Enabled":1,"meshUID":1244953069,"materialFile":"Floor"}]},{"UID":3091435666,"ParentUID":3120303362,"Name":"Planks","Static":0,"Components":[{"Type":0,"Enabled":1,"Position":[0.0,0.0,0.0],"Rotation":[0.0,0.0,0.0,1.0],"Euler":[-0.0,0.0,-0.0],"Scale":[1.0,1.0,1.0],"Global":[1.0,0.0,0.0,-1940.1904296875,0.0,1.0,0.0,0.0,0.0,0.0,1.0,1926.42529296875,0.0,0.0,0.0,1.0]},{"Type":1,"Enabled":1,"meshUID":1274844609,"materialFile":"Floor"}]},{"UID":2906345921,"ParentUID":0,"Name":"Player","Static":0,"Components":[{"Type":0,"Enabled":1,"Position":[0.0,0.0,0.0],"Rotation":[0.0,0.0,0.0,1.0],"Euler":[-0.0,0.0,-0.0],"Scale":[1.0,1.0,1.0],"Global":[1.0,0.0,0.0,0.0,0.0,1.0,0.0,0.0,0.0,0.0,1.0,0.0,0.0,0.0,0.0,1.0]}]},{"UID":911413022,"ParentUID":2906345921,"Name":"Gun","Static":0,"Components":[{"Type":0,"Enabled":1,"Position":[0.0,0.0,0.0],"Rotation":[0.0,0.0,0.0,1.0],"Euler":[-0.0,0.0,-0.0],"Scale":[1.0,1.0,1.0],"Global":[1.0,0.0,0.0,0.0,0.0,1.0,0.0,0.0,0.0,0.0,1.0,0.0,0.0,0.0,0.0,1.0]},{"Type":1,"Enabled":1,"meshUID":74751181,"materialFile":"Gun"}]},{"UID":3509402679,"ParentUID":2906345921,"Name":"Body","Static":0,"Components":[{"Type":0,"Enabled":1,"Position":[198.22247314453126,0.028208956122398378,275.985107421875],"Rotation":[2.920235608883104e-8,-0.9572694897651672,2.920235608883104e-8,0.2891974449157715],"Euler":[179.99998474121095,-33.61982345581055,179.99998474121095],"Scale":[0.9999996423721314,1.0,0.9999996423721314],"Global":[-0.8327293395996094,3.616896753345748e-15,-0.5536796450614929,198.22256469726563,-1.2434497875801754e-14,1.0,-7.105427357601002e-15,0.028208956122398378,0.5536796450614929,0.0,-0.8327293395996094,275.98492431640627,0.0,0.0,0.0,1.0]},{"Type":1,"Enabled":1,"meshUID":2081247935,"materialFile":"Player"}]},{"UID":3365255419,"ParentUID":0,"Name":"Dollhouse","Static":1,"Components":[{"Type":0,"Enabled":1,"Position":[-1600.0,0.0,0.0],"Rotation":[0.0,-0.7020886540412903,0.0,0.7120895385742188],"Euler":[0.0,-89.18963623046875,0.0],"Scale":[1.0,0.9999999403953552,1.0],"Global":[0.01414291188120842,0.0,-0.9998999834060669,-1600.0,0.0,0.9999999403953552,0.0,0.0,0.9998999834060669,0.0,0.01414291188120842,-0.000015497207641601564,0.0,0.0,0.0,1.0]},{"Type":1,"Enabled":1,"meshUID":1058734218,"materialFile":"DollHouse"}]},{"UID":2454492777,"ParentUID":0,"Name":"Drawers","Static":1,"Components":[{"Type":0,"Enabled":1,"Position":[-800.0,0.0,-2541.0],"Rotation":[7.851420491533645e-7,-0.9999750852584839,7.851420491533645e-7,0.00707161845639348],"Euler":[179.99989318847657,-0.8103545904159546,179.99989318847657],"Scale":[1.0,0.9999998807907105,1.0],"Global":[-0.9998999834060669,-0.0000014939358834453743,-0.014142893254756928,-799.99951171875,-0.0000014729542954228237,0.9999998807907105,-0.0000014939366792532383,-3.1141098588705064e-9,0.014142893254756928,-0.0000014729525901202579,-0.9998999834060669,-2540.996337890625,0.0,0.0,0.0,1.0]},{"Type":1,"Enabled":1,"meshUID":2979137162,"materialFile":"Drawers"}]},{"UID":2687112852,"ParentUID":0,"Name":"Clock","Static":0,"Components":[{"Type":0,"Enabled":1,"Position":[3240.0,0.0,-1409.0],"Rotation":[1.933254338837287e-7,-0.9999750852584839,1.933254338837287e-7,0.007071701344102621],"Euler":[179.99996948242188,-0.8103640675544739,179.99996948242188],"Scale":[1.0,0.9999998807907105,1.0],"Global":[-0.9998999834060669,-3.0196127909221106e-7,-0.014143054373562336,3239.999755859375,-2.977207032017759e-7,0.9999998807907105,-3.0196173383956195e-7,-5.820766091346741e-10,0.014143054373562336,-2.9772007792416846e-7,-0.9998999834060669,-1409.0,0.0,0.0,0.0,1.0]}]},{"UID":1348988540,"ParentUID":2687112852,"Name":"Clock","Static":0,"Components":[{"Type":0,"Enabled":1,"Position":[0.0,0.0,0.0],"Rotation":[0.0,0.0,0.0,1.0],"Euler":[-0.0,0.0,-0.0],"Scale":[1.0,1.0,1.0],"Global":[-0.9998999834060669,-3.019613075139205e-7,-0.014143045991659165,3239.999755859375,-2.977205895149382e-7,0.9999998807907105,-3.0196147804417708e-7,1.4551915228366853e-11,0.014143045991659165,-2.977204189846816e-7,-0.9998999834060669,-1409.0,0.0,0.0,0.0,1.0]},{"Type":1,"Enabled":1,"meshUID":115869032,"materialFile":"Clock"}]},{"UID":1348047503,"ParentUID":2687112852,"Name":"Clock","Static":0,"Components":[{"Type":0,"Enabled":1,"Position":[0.0,0.0,0.0],"Rotation":[0.0,0.0,0.0,1.0],"Euler":[-0.0,0.0,-0.0],"Scale":[1.0,1.0,1.0],"Global":[-0.9998999834060669,-3.019613075139205e-7,-0.014143045991659165,3239.999755859375,-2.977205895149382e-7,0.9999998807907105,-3.0196147804417708e-7,1.4551915228366853e-11,0.014143045991659165,-2.977204189846816e-7,-0.9998999834060669,-1409.0,0.0,0.0,0.0,1.0]},{"Type":1,"Enabled":1,"meshUID":1927184348,"materialFile":"Clock"}]},{"UID":553492250,"ParentUID":0,"Name":"Firetruck","Static":0,"Components":[{"Type":0,"Enabled":1,"Position":[-3843.513427734375,0.00028525065863505006,1058.8638916015626],"Rotation":[0.0,0.0,0.0,1.0],"Euler":[-0.0,0.0,-0.0],"Scale":[1.0,1.0,1.0],"Global":[1.0,0.0,0.0,-3843.513427734375,0.0,1.0,0.0,0.00028525065863505006,0.0,0.0,1.0,1058.8638916015626,0.0,0.0,0.0,1.0]},{"Type":1,"Enabled":1,"meshUID":1570704514,"materialFile":"FireTruck"}]},{"UID":2281113987,"ParentUID":0,"Name":"Hearse","Static":1,"Components":[{"Type":0,"Enabled":1,"Position":[-838.2962646484375,0.0,898.2744140625],"Rotation":[0.0,0.0,0.0,1.0],"Euler":[-0.0,0.0,-0.0],"Scale":[1.0,1.0,1.0],"Global":[1.0,0.0,0.0,-838.2962646484375,0.0,1.0,0.0,0.0,0.0,0.0,1.0,898.2744140625,0.0,0.0,0.0,1.0]},{"Type":1,"Enabled":1,"meshUID":3116468404,"materialFile":"Hearse"}]},{"UID":1528154446,"ParentUID":0,"Name":"Robot","Static":0,"Components":[{"Type":0,"Enabled":1,"Position":[-262.9319763183594,0.0001220703125,-914.0911865234375],"Rotation":[0.0,0.0,0.0,1.0],"Euler":[-0.0,0.0,-0.0],"Scale":[1.0,1.0,1.0],"Global":[1.0,0.0,0.0,-262.9319763183594,0.0,1.0,0.0,0.0001220703125,0.0,0.0,1.0,-914.0911865234375,0.0,0.0,0.0,1.0]},{"Type":1,"Enabled":1,"meshUID":3966247313,"materialFile":"Robot"}]},{"UID":3954513785,"ParentUID":0,"Name":"SpinningTop","Static":0,"Components":[{"Type":0,"Enabled":1,"Position":[469.0997314453125,-0.0001220703125,1541.41943359375],"Rotation":[0.0,0.0,0.0,1.0],"Euler":[-0.0,0.0,-0.0],"Scale":[1.0,1.0,1.0],"Global":[1.0,0.0,0.0,469.0997314453125,0.0,1.0,0.0,-0.0001220703125,0.0,0.0,1.0,1541.41943359375,0.0,0.0,0.0,1.0]},{"Type":1,"Enabled":1,"meshUID":3090386252,"materialFile":"Spinner"}]},{"UID":1854321073,"ParentUID":0,"Name":"Directional","Static":0,"Components":[{"Type":0,"Enabled":1,"Position":[0.0,1171.0029296875,0.0],"Rotation":[0.8371570706367493,0.21593716740608216,-0.4995633661746979,0.05454958975315094],"Euler":[148.18182373046876,-54.37704086303711,-45.58662414550781],"Scale":[1.000002145767212,1.0000005960464478,0.9999986290931702],"Global":[0.40761643648147585,0.4160480797290802,-0.8128665685653687,-0.000059655867516994479,0.30704623460769656,-0.9007914662361145,-0.3070818781852722,1171.0030517578126,-0.8599861860275269,-0.12441585212945938,-0.49492019414901736,0.00021678610937669873,0.0,0.0,0.0,1.0]},{"Type":3,"Enabled":1,"Lighttype":0,"color":[1.0,0.8707334995269775,0.7868852615356445],"intensity":3.0}]},{"UID":2809831127,"ParentUID":0,"Name":"Spot","Static":0,"Components":[{"Type":0,"Enabled":1,"Position":[201.64366149902345,720.2857666015625,300.0103454589844],"Rotation":[-0.7071068286895752,0.0,0.0,0.7071067094802856],"Euler":[-90.00000762939453,0.0,0.0],"Scale":[1.0,1.0000001192092896,1.0],"Global":[1.0,0.0,0.0,201.64366149902345,0.0,-1.0430812125150624e-7,1.0,720.2857666015625,0.0,-1.0000001192092896,-8.940696716308594e-8,300.0103454589844,0.0,0.0,0.0,1.0]},{"Type":3,"Enabled":1,"Lighttype":2,"color":[1.0,1.0,1.0],"radius":770.0046997070313,"range":742.0,"inner":2.799999952316284,"outer":15.5,"intensity":164.0}]},{"UID":1818075884,"ParentUID":0,"Name":"Point","Static":0,"Components":[{"Type":0,"Enabled":1,"Position":[975.858642578125,681.7996826171875,-2418.315185546875],"Rotation":[0.0,0.0,0.0,1.0],"Euler":[-0.0,0.0,-0.0],"Scale":[1.0,1.0,1.0],"Global":[1.0,0.0,0.0,975.858642578125,0.0,1.0,0.0,681.7996826171875,0.0,0.0,1.0,-2418.315185546875,0.0,0.0,0.0,1.0]},{"Type":3,"Enabled":1,"Lighttype":1,"color":[1.0,1.0,1.0],"radius":1000.0,"range":0.0,"intensity":30.0}]},{"UID":1321464184,"ParentUID":0,"Name":"Camera","Static":0,"Components":[{"Type":0,"Enabled":1,"Position":[921.4241333007813,191.8543243408203,-1385.004638671875],"Rotation":[1.8513343036374864e-7,-0.348664253950119,-6.908405225658498e-8,0.9372476935386658],"Euler":[0.00002262390080431942,-40.8112678527832,-3.0198226141919807e-8],"Scale":[0.9999998211860657,0.9999999403953552,0.9999995231628418],"Global":[0.7568665146827698,3.9900510673263059e-10,-0.653569221496582,921.4246826171875,-2.5859623065116468e-7,0.9999999403953552,-2.988573442053166e-7,191.85418701171876,0.6535696983337402,3.95206001257975e-7,0.7568648457527161,-1385.0062255859376,0.0,0.0,0.0,1.0]},{"Type":2,"Enabled":1,"MovementSpeed":5.0,"RotationSpeed":200.0,"ZoomSpeed":0.10000000149011612,"Znear":10.0,"Zfar":100000.0,"vFOV":1.0471975803375245,"hFOV":0.7683597207069397,"Position":[921.4246826171875,191.85418701171876,-1385.0062255859376],"Front":[-0.6535701751708984,-2.988577705309581e-7,0.756865918636322],"Up":[3.990051622437818e-10,1.0,3.9520605810139389e-7]}]},{"UID":441571056,"ParentUID":0,"Name":"Point","Static":0,"Components":[{"Type":0,"Enabled":1,"Position":[240.0186004638672,24.80035400390625,-346.2852478027344],"Rotation":[0.0,0.0,0.0,1.0],"Euler":[-0.0,0.0,-0.0],"Scale":[1.0,1.0,1.0],"Global":[1.0,0.0,0.0,240.0186004638672,0.0,1.0,0.0,24.80035400390625,0.0,0.0,1.0,-346.2852478027344,0.0,0.0,0.0,1.0]},{"Type":3,"Enabled":1,"Lighttype":1,"color":[0.026337001472711564,0.4590163826942444,0.44837668538093569],"radius":366.0,"range":0.0,"intensity":272.0}]},{"UID":3867370199,"ParentUID":0,"Name":"Spot","Static":0,"Components":[{"Type":0,"Enabled":1,"Position":[1484.032958984375,192.6754150390625,66.70904541015625],"Rotation":[-0.9778265953063965,0.0,0.0,0.2094166874885559],"Euler":[-155.8236541748047,0.0,0.0],"Scale":[1.0,0.9999996423721314,0.9999997615814209],"Global":[1.0,0.0,0.0,1484.032958984375,0.0,-0.9122890830039978,0.4095459282398224,192.6754150390625,0.0,-0.4095459282398224,-0.9122892022132874,66.70899963378906,0.0,0.0,0.0,1.0]},{"Type":3,"Enabled":1,"Lighttype":2,"color":[1.0,1.0,1.0],"radius":1159.34423828125,"range":921.0,"inner":14.0,"outer":37.400001525878909,"intensity":252.0}]}]}