{"GameObjects":[{"UID":3799148701,"ParentUID":0,"Name":"ZomBunny","Static":0,"Components":[{"Type":0,"Enabled":1,"Position":[-346.3228759765625,0.0,263.6104431152344],"Rotation":[0.0,0.0,0.0,1.0],"Euler":[-0.0,0.0,-0.0],"Scale":[1.0,1.0,1.0],"Global":[1.0,0.0,0.0,-346.3228759765625,0.0,1.0,0.0,0.0,0.0,0.0,1.0,263.6104431152344,0.0,0.0,0.0,1.0]}]},{"UID":1140970903,"ParentUID":3799148701,"Name":"Body","Static":0,"Components":[{"Type":0,"Enabled":1,"Position":[587.5142211914063,0.0,-606.953369140625],"Rotation":[0.0,0.0,0.0,1.0],"Euler":[-0.0,0.0,-0.0],"Scale":[1.0,1.0,1.0],"Global":[1.0,0.0,0.0,241.19134521484376,0.0,1.0,0.0,0.0,0.0,0.0,1.0,-343.3428955078125,0.0,0.0,0.0,1.0]},{"Type":1,"Enabled":1,"meshUID":3974562548,"materialFile":"Bunny"}]},{"UID":984729034,"ParentUID":3799148701,"Name":"Eyes","Static":0,"Components":[{"Type":0,"Enabled":1,"Position":[587.4490356445313,0.0,-609.1611328125],"Rotation":[0.0,0.0,0.0,1.0],"Euler":[-0.0,0.0,-0.0],"Scale":[1.0,1.0,1.0],"Global":[1.0,0.0,0.0,241.12615966796876,0.0,1.0,0.0,0.0,0.0,0.0,1.0,-345.55072021484377,0.0,0.0,0.0,1.0]},{"Type":1,"Enabled":1,"meshUID":4262759340,"materialFile":"Default"}]},{"UID":3557387639,"ParentUID":0,"Name":"Walls","Static":1,"Components":[{"Type":0,"Enabled":1,"Position":[-2038.2119140625,-0.0001519968791399151,-2956.813232421875],"Rotation":[-1.0689836926758289e-7,-0.7072288990020752,-1.0689836926758289e-7,0.7069846391677856],"Euler":[-179.94984436035157,-89.98020935058594,-179.94984436035157],"Scale":[1.0000003576278687,1.0,1.0000003576278687],"Global":[-1.1920928955078126e-7,1.0429728608540856e-10,-1.0000003576278687,-2038.2119140625,1.8120921430053728e-14,1.0,1.0374962694514878e-10,-0.00015199626795947552,1.0000003576278687,-1.8002960233687305e-14,-1.1920928955078126e-7,-2956.818115234375,0.0,0.0,0.0,1.0]}]},{"UID":1807231522,"ParentUID":3557387639,"Name":"Wall","Static":1,"Components":[{"Type":0,"Enabled":1,"Position":[0.0,-5.73345459997654e-9,-33.1300048828125],"Rotation":[-1.4607548504130819e-10,9.313189108794973e-10,7.450567274247533e-9,1.0],"Euler":[-1.6739017283384784e-8,1.067212807015494e-7,8.537720646017988e-7],"Scale":[0.999999463558197,1.000000238418579,0.9999997615814209],"Global":[-1.1734665150697765e-7,7.889894293455768e-10,-1.0000001192092896,-2005.0819091796876,2.980230107141324e-8,1.000000238418579,3.903433132279588e-12,-0.0001520060613984242,0.9999998211860657,1.7798395000661814e-14,-1.1734661597984086e-7,-2956.813232421875,0.0,0.0,0.0,1.0]},{"Type":1,"Enabled":1,"meshUID":4047949888,"materialFile":"Wall"}]},{"UID":2381938527,"ParentUID":3557387639,"Name":"Stars","Static":0,"Components":[{"Type":0,"Enabled":1,"Position":[0.0,8.949427865445614e-9,-66.72509765625],"Rotation":[5.705040911000391e-27,0.0,0.0,1.0],"Euler":[6.5374949323638169e-25,0.0,-0.0],"Scale":[1.0,1.0,1.0],"Global":[-1.1920928955078126e-7,1.042943301166055e-10,-1.0000003576278687,-1971.48681640625,1.801511007428272e-14,1.0,1.0429436481107501e-10,-0.00015199488552752882,1.0000003576278687,-1.800287553039258e-14,-1.1920928955078126e-7,-2956.813232421875,0.0,0.0,0.0,1.0]},{"Type":1,"Enabled":1,"meshUID":2927408968,"materialFile":"Stars"}]},{"UID":3120303362,"ParentUID":0,"Name":"Floor","Static":0,"Components":[{"Type":0,"Enabled":1,"Position":[-1940.1904296875,0.0,1926.42529296875],"Rotation":[0.0,0.0,0.0,1.0],"Euler":[-0.0,0.0,-0.0],"Scale":[1.0,1.0,1.0],"Global":[1.0,0.0,0.0,-1940.1904296875,0.0,1.0,0.0,0.0,0.0,0.0,1.0,1926.42529296875,0.0,0.0,0.0,1.0]}]},{"UID":3926638010,"ParentUID":3120303362,"Name":"Base","Static":0,"Components":[{"Type":0,"Enabled":1,"Position":[0.0,0.0,0.0],"Rotation":[0.0,0.0,0.0,1.0],"Euler":[-0.0,0.0,-0.0],"Scale":[1.0,1.0,1.0],"Global":[1.0,0.0,0.0,-1940.1904296875,0.0,1.0,0.0,0.0,0.0,0.0,1.0,1926.42529296875,0.0,0.0,0.0,1.0]},{"Type":1,"Enabled":1,"meshUID":780118879,"materialFile":"Floor"}]},{"UID":383014518,"ParentUID":3120303362,"Name":"Sides","Static":0,"Components":[{"Type":0,"Enabled":1,"Position":[0.0,0.0,-4931.4755859375],"Rotation":[-4.7549519877065907e-11,-0.7072288990020752,-4.7549519877065907e-11,0.7069846391677856],"Euler":[-179.99996948242188,-89.98020935058594,-179.99996948242188],"Scale":[1.0,1.0,1.0],"Global":[-1.1897645890712738e-7,-5.3765585733556168e-15,-0.9999988079071045,-1940.1904296875,-7.105405334744373e-15,1.0,7.377413025096147e-15,2.0816681711721686e-17,1.0000001192092896,-7.1053426543062768e-15,-1.1979136615991593e-7,-3005.050048828125,0.0,0.0,0.0,1.0]},{"Type":1,"Enabled":1,"meshUID":1244953069,"materialFile":"Floor"}]},{"UID":3091435666,"ParentUID":3120303362,"Name":"Planks","Static":0,"Components":[{"Type":0,"Enabled":1,"Position":[0.0,0.0,0.0],"Rotation":[0.0,0.0,0.0,1.0],"Euler":[-0.0,0.0,-0.0],"Scale":[1.0,1.0,1.0],"Global":[1.0,0.0,0.0,-1940.1904296875,0.0,1.0,0.0,0.0,0.0,0.0,1.0,1926.42529296875,0.0,0.0,0.0,1.0]},{"Type":1,"Enabled":1,"meshUID":1274844609,"materialFile":"Floor"}]},{"UID":2906345921,"ParentUID":0,"Name":"Player","Static":0,"Components":[{"Type":0,"Enabled":1,"Position":[0.0,0.0,0.0],"Rotation":[0.0,0.0,0.0,1.0],"Euler":[-0.0,0.0,-0.0],"Scale":[1.0,1.0,1.0],"Global":[1.0,0.0,0.0,0.0,0.0,1.0,0.0,0.0,0.0,0.0,1.0,0.0,0.0,0.0,0.0,1.0]}]},{"UID":911413022,"ParentUID":2906345921,"Name":"Gun","Static":0,"Components":[{"Type":0,"Enabled":1,"Position":[209.0178985595703,2.104930877685547,261.257080078125],"Rotation":[3.7612423398059039e-8,-0.9913929104804993,3.7612423398059039e-8,0.13092093169689179],"Euler":[-180.0,-15.045623779296875,-180.0],"Scale":[0.9999992251396179,1.0,0.9999992251396179],"Global":[-0.965718686580658,0.0,-0.2595879137516022,209.0178985595703,0.0,1.0,0.0,2.104930877685547,0.2595879137516022,0.0,-0.965718686580658,261.257080078125,0.0,0.0,0.0,1.0]},{"Type":1,"Enabled":1,"meshUID":74751181,"materialFile":"Gun"}]},{"UID":3509402679,"ParentUID":2906345921,"Name":"Body","Static":0,"Components":[{"Type":0,"Enabled":1,"Position":[198.22247314453126,0.028208956122398378,275.985107421875],"Rotation":[2.0971882008780086e-7,-0.9572694897651672,2.0971882008780086e-7,0.2891974151134491],"Euler":[179.9999542236328,-33.61982345581055,179.9999542236328],"Scale":[0.9999996423721314,1.0,0.9999996423721314],"Global":[-0.8327292203903198,2.1825342097839263e-14,-0.5536798238754273,198.22274780273438,-8.526512829121202e-14,1.0,1.4210854715202005e-14,0.02820894680917263,0.5536797642707825,-1.1368683772161604e-13,-0.8327290415763855,275.9847106933594,0.0,0.0,0.0,1.0]},{"Type":1,"Enabled":1,"meshUID":2081247935,"materialFile":"Player"}]},{"UID":3365255419,"ParentUID":0,"Name":"Dollhouse","Static":1,"Components":[{"Type":0,"Enabled":1,"Position":[-1600.0,0.0,0.0],"Rotation":[0.0,-0.7020886540412903,0.0,0.7120895385742188],"Euler":[0.0,-89.18963623046875,0.0],"Scale":[1.0,0.9999999403953552,1.0],"Global":[0.01414291188120842,0.0,-0.9998999834060669,-1600.0,0.0,0.9999999403953552,0.0,0.0,0.9998999834060669,0.0,0.01414291188120842,-0.0000286102294921875,0.0,0.0,0.0,1.0]},{"Type":1,"Enabled":1,"meshUID":1058734218,"materialFile":"DollHouse"}]},{"UID":2454492777,"ParentUID":0,"Name":"Drawers","Static":1,"Components":[{"Type":0,"Enabled":1,"Position":[-800.0,0.0,-2541.0],"Rotation":[9.035053381012403e-7,-0.9999750852584839,9.035053381012403e-7,0.007071622181683779],"Euler":[179.99989318847657,-0.810355007648468,179.99989318847657],"Scale":[1.0,0.9999998807907105,1.0],"Global":[-0.9998999834060669,-0.000001493935997132212,-0.014142903499305249,-800.0001220703125,-0.0000014729544091096614,0.9999998807907105,-0.0000014939366792532383,-3.4924596548080446e-9,0.014142903499305249,-0.00000147295247643342,-0.9998999834060669,-2540.99365234375,0.0,0.0,0.0,1.0]},{"Type":1,"Enabled":1,"meshUID":2979137162,"materialFile":"Drawers"}]},{"UID":2687112852,"ParentUID":0,"Name":"Clock","Static":0,"Components":[{"Type":0,"Enabled":1,"Position":[3240.0,0.0,-1409.0],"Rotation":[1.933254338837287e-7,-0.9999750852584839,1.933254338837287e-7,0.007071701344102621],"Euler":[179.99996948242188,-0.8103640675544739,179.99996948242188],"Scale":[1.0,0.9999998807907105,1.0],"Global":[-0.9998999834060669,-3.0196108014024505e-7,-0.014143064618110657,3239.999755859375,-2.977207032017759e-7,0.9999998807907105,-3.0196204647836569e-7,-1.4842953532934189e-9,0.014143064618110657,-2.977197652853647e-7,-0.9998999834060669,-1409.0,0.0,0.0,0.0,1.0]}]},{"UID":1348988540,"ParentUID":2687112852,"Name":"Clock","Static":0,"Components":[{"Type":0,"Enabled":1,"Position":[0.0,0.0,0.0],"Rotation":[0.0,0.0,0.0,1.0],"Euler":[-0.0,0.0,-0.0],"Scale":[1.0,1.0,1.0],"Global":[-0.9998999834060669,-3.019613075139205e-7,-0.014143045991659165,3239.999755859375,-2.977205895149382e-7,0.9999998807907105,-3.0196147804417708e-7,1.4551915228366853e-11,0.014143045991659165,-2.977204189846816e-7,-0.9998999834060669,-1409.0,0.0,0.0,0.0,1.0]},{"Type":1,"Enabled":1,"meshUID":115869032,"materialFile":"Clock"}]},{"UID":1348047503,"ParentUID":2687112852,"Name":"Clock","Static":0,"Components":[{"Type":0,"Enabled":1,"Position":[0.0,0.0,0.0],"Rotation":[0.0,0.0,0.0,1.0],"Euler":[-0.0,0.0,-0.0],"Scale":[1.0,1.0,1.0],"Global":[-0.9998999834060669,-3.019613075139205e-7,-0.014143045991659165,3239.999755859375,-2.977205895149382e-7,0.9999998807907105,-3.0196147804417708e-7,1.4551915228366853e-11,0.014143045991659165,-2.977204189846816e-7,-0.9998999834060669,-1409.0,0.0,0.0,0.0,1.0]},{"Type":1,"Enabled":1,"meshUID":1927184348,"materialFile":"Clock"}]},{"UID":553492250,"ParentUID":0,"Name":"Firetruck","Static":0,"Components":[{"Type":0,"Enabled":1,"Position":[-3843.513427734375,0.00028525065863505006,1058.8638916015626],"Rotation":[0.0,0.0,0.0,1.0],"Euler":[-0.0,0.0,-0.0],"Scale":[1.0,1.0,1.0],"Global":[1.0,0.0,0.0,-3843.513427734375,0.0,1.0,0.0,0.00028525065863505006,0.0,0.0,1.0,1058.8638916015626,0.0,0.0,0.0,1.0]},{"Type":1,"Enabled":1,"meshUID":1570704514,"materialFile":"FireTruck"}]},{"UID":2281113987,"ParentUID":0,"Name":"Hearse","Static":1,"Components":[{"Type":0,"Enabled":1,"Position":[-838.2962646484375,0.0,898.2744140625],"Rotation":[0.0,0.0,0.0,1.0],"Euler":[-0.0,0.0,-0.0],"Scale":[1.0,1.0,1.0],"Global":[1.0,0.0,0.0,-838.2962646484375,0.0,1.0,0.0,0.0,0.0,0.0,1.0,898.2744140625,0.0,0.0,0.0,1.0]},{"Type":1,"Enabled":1,"meshUID":3116468404,"materialFile":"Hearse"}]},{"UID":1528154446,"ParentUID":0,"Name":"Robot","Static":0,"Components":[{"Type":0,"Enabled":1,"Position":[-262.9319763183594,0.0001220703125,-914.0911865234375],"Rotation":[0.0,0.0,0.0,1.0],"Euler":[-0.0,0.0,-0.0],"Scale":[1.0,1.0,1.0],"Global":[1.0,0.0,0.0,-262.9319763183594,0.0,1.0,0.0,0.0001220703125,0.0,0.0,1.0,-914.0911865234375,0.0,0.0,0.0,1.0]},{"Type":1,"Enabled":1,"meshUID":3966247313,"materialFile":"Robot"}]},{"UID":3954513785,"ParentUID":0,"Name":"SpinningTop","Static":0,"Components":[{"Type":0,"Enabled":1,"Position":[469.0997314453125,-0.0001220703125,1541.41943359375],"Rotation":[0.0,0.0,0.0,1.0],"Euler":[-0.0,0.0,-0.0],"Scale":[1.0,1.0,1.0],"Global":[1.0,0.0,0.0,469.0997314453125,0.0,1.0,0.0,-0.0001220703125,0.0,0.0,1.0,1541.41943359375,0.0,0.0,0.0,1.0]},{"Type":1,"Enabled":1,"meshUID":3090386252,"materialFile":"Spinner"}]},{"UID":1854321073,"ParentUID":0,"Name":"Directional","Static":0,"Components":[{"Type":0,"Enabled":1,"Position":[-0.00011627725325524807,1171.0029296875,0.0002786441473290324],"Rotation":[0.9592694044113159,-0.03812743350863457,-0.16106130182743073,0.22892794013023377],"Euler":[153.1490020751953,-19.05400276184082,-0.036000870168209079],"Scale":[1.0000014305114747,1.0,0.9999977350234985],"Global":[0.9452118873596191,0.0005927607417106628,-0.3264580965042114,0.00013373466208577156,-0.14689114689826966,-0.892276406288147,-0.42692410945892336,1170.9871826171876,-0.29154646396636965,0.45148876309394839,-0.8433009386062622,-0.0008775655878707767,0.0,0.0,0.0,1.0]},{"Type":3,"Enabled":1,"Lighttype":0,"color":[1.0,0.8707334995269775,0.7868852615356445],"intensity":3.0}]},{"UID":2809831127,"ParentUID":0,"Name":"Spot","Static":0,"Components":[{"Type":0,"Enabled":1,"Position":[201.64366149902345,720.2857666015625,300.0103454589844],"Rotation":[-0.7071068286895752,0.0,0.0,0.7071067094802856],"Euler":[-90.00000762939453,0.0,0.0],"Scale":[1.0,1.0000001192092896,1.0],"Global":[1.0,0.0,0.0,201.64366149902345,0.0,-1.0430812125150624e-7,1.0,720.2857666015625,0.0,-1.0000001192092896,-8.940696716308594e-8,300.0103454589844,0.0,0.0,0.0,1.0]},{"Type":3,"Enabled":1,"Lighttype":2,"color":[1.0,1.0,1.0],"radius":770.0046997070313,"range":742.0,"inner":2.799999952316284,"outer":15.5,"intensity":164.0}]},{"UID":1818075884,"ParentUID":0,"Name":"Point","Static":0,"Components":[{"Type":0,"Enabled":1,"Position":[1127.7845458984376,448.6082763671875,-2841.365478515625],"Rotation":[0.0,0.0,0.0,1.0],"Euler":[-0.0,0.0,-0.0],"Scale":[1.0,1.0,1.0],"Global":[1.0,0.0,0.0,1127.7845458984376,0.0,1.0,0.0,448.6082763671875,0.0,0.0,1.0,-2841.365478515625,0.0,0.0,0.0,1.0]},{"Type":3,"Enabled":1,"Lighttype":1,"color":[1.0,1.0,1.0],"radius":1000.0,"range":0.0,"intensity":30.0}]},{"UID":1321464184,"ParentUID":0,"Name":"Camera","Static":0,"Components":[{"Type":0,"Enabled":1,"Position":[921.4241333007813,191.8543243408203,-1385.004638671875],"Rotation":[1.8513343036374864e-7,-0.348664253950119,-6.908405225658498e-8,0.9372476935386658],"Euler":[0.00002262390080431942,-40.8112678527832,-3.0198226141919807e-8],"Scale":[0.9999998211860657,0.9999999403953552,0.9999995231628418],"Global":[0.7568665146827698,3.9900510673263059e-10,-0.653569221496582,921.4253540039063,-2.5859623065116468e-7,0.9999999403953552,-2.988573442053166e-7,191.85401916503907,0.6535700559616089,3.9520602967968446e-7,0.7568631172180176,-1385.0078125,0.0,0.0,0.0,1.0]},{"Type":2,"Enabled":1,"MovementSpeed":5.0,"RotationSpeed":200.0,"ZoomSpeed":0.10000000149011612,"Znear":10.0,"Zfar":100000.0,"vFOV":1.0471975803375245,"hFOV":0.4400569796562195,"Position":[921.4253540039063,191.85401916503907,-1385.0078125],"Front":[-0.6535710096359253,-2.988581684348901e-7,0.7568652033805847],"Up":[3.990051622437818e-10,1.0,3.952060865231033e-7]}]},{"UID":441571056,"ParentUID":0,"Name":"Point","Static":0,"Components":[{"Type":0,"Enabled":1,"Position":[185.47256469726563,60.02436828613281,156.6540069580078],"Rotation":[0.0,0.0,0.0,1.0],"Euler":[-0.0,0.0,-0.0],"Scale":[1.0,1.0,1.0],"Global":[1.0,0.0,0.0,185.47256469726563,0.0,1.0,0.0,60.02436828613281,0.0,0.0,1.0,156.6540069580078,0.0,0.0,0.0,1.0]},{"Type":3,"Enabled":1,"Lighttype":1,"color":[0.42355090379714968,0.4590163826942444,0.026337001472711564],"radius":313.0,"range":0.0,"intensity":72.0}]},{"UID":3867370199,"ParentUID":0,"Name":"Spot","Static":0,"Components":[{"Type":0,"Enabled":1,"Position":[1484.032958984375,192.6754150390625,66.70904541015625],"Rotation":[-0.9778265953063965,0.0,0.0,0.2094166874885559],"Euler":[-155.8236541748047,0.0,0.0],"Scale":[1.0,0.9999996423721314,0.9999997615814209],"Global":[1.0,0.0,0.0,1484.032958984375,0.0,-0.9122889041900635,0.4095456898212433,192.6753387451172,0.0,-0.4095459282398224,-0.9122892022132874,66.70883178710938,0.0,0.0,0.0,1.0]},{"Type":3,"Enabled":1,"Lighttype":2,"color":[1.0,1.0,1.0],"radius":1159.34423828125,"range":921.0,"inner":14.0,"outer":37.400001525878909,"intensity":252.0}]},{"UID":469693390,"ParentUID":0,"Name":"Spot","Static":0,"Components":[{"Type":0,"Enabled":1,"Position":[-1171.2410888671876,342.0608215332031,-130.31741333007813],"Rotation":[0.0,0.0,0.0,1.0],"Euler":[-0.0,0.0,-0.0],"Scale":[1.0,1.0,1.0],"Global":[1.0,0.0,0.0,-1171.2410888671876,0.0,1.0,0.0,342.0608215332031,0.0,0.0,1.0,-130.31741333007813,0.0,0.0,0.0,1.0]},{"Type":3,"Enabled":1,"Lighttype":1,"color":[1.0,1.0,1.0],"radius":567.3380126953125,"range":100.0,"intensity":267.0}]},{"UID":2250717710,"ParentUID":0,"Name":"Point","Static":0,"Components":[{"Type":0,"Enabled":1,"Position":[240.0186004638672,24.80035400390625,-335.6082763671875],"Rotation":[0.0,0.0,0.0,1.0],"Euler":[-0.0,0.0,-0.0],"Scale":[1.0,1.0,1.0],"Global":[1.0,0.0,0.0,240.0186004638672,0.0,1.0,0.0,24.80035400390625,0.0,0.0,1.0,-335.6082763671875,0.0,0.0,0.0,1.0]},{"Type":3,"Enabled":1,"Lighttype":1,"color":[0.026337001472711564,0.4590163826942444,0.44837668538093569],"radius":253.0,"range":0.0,"intensity":272.0}]}]}
