{"GameObjects":[{"UID":1747894448,"ParentUID":0,"Name":"Scene","isStatic":0,"isBoneRoot":1,"baseState":[1.0,0.0,0.0,0.0,0.0,1.0,0.0,0.0,0.0,0.0,1.0,0.0,0.0,0.0,0.0,1.0],"Components":[{"Type":0,"Enabled":1,"Position":[0.0,0.0,0.0],"Rotation":[0.0,0.0,0.0,1.0],"Euler":[-0.0,0.0,-0.0],"Scale":[1.0,1.0,1.0],"Global":[1.0,0.0,0.0,0.0,0.0,1.0,0.0,0.0,0.0,0.0,1.0,0.0,0.0,0.0,0.0,1.0],"isLocked":0},{"Type":4,"Enabled":1,"animUID":3059433401}]},{"UID":2610711896,"ParentUID":1747894448,"Name":"Ctrl_Grp","isStatic":0,"isBoneRoot":0,"baseState":[1.0,0.0,0.0,0.0,0.0,1.0,0.0,0.0,0.0,0.0,1.0,0.0,0.0,0.0,0.0,1.0],"Components":[{"Type":0,"Enabled":1,"Position":[0.0,0.0,0.0],"Rotation":[0.0,0.0,0.0,1.0],"Euler":[-0.0,0.0,-0.0],"Scale":[1.0,1.0,1.0],"Global":[1.0,0.0,0.0,0.0,0.0,1.0,0.0,0.0,0.0,0.0,1.0,0.0,0.0,0.0,0.0,1.0],"isLocked":0}]},{"UID":4231827496,"ParentUID":2610711896,"Name":"Root_$AssimpFbx$_PreRotation","isStatic":0,"isBoneRoot":0,"baseState":[1.0,0.0,0.0,0.0,0.0,1.0,0.0,0.0,0.0,0.0,1.0,0.0,0.0,0.0,0.0,1.0],"Components":[{"Type":0,"Enabled":1,"Position":[0.0,0.0,0.0],"Rotation":[0.0,0.0,0.7071068286895752,0.7071067094802856],"Euler":[-0.0,0.0,90.00000762939453],"Scale":[1.0,1.0,1.0],"Global":[-1.1920928955078126e-7,-0.9999999403953552,0.0,0.0,0.9999999403953552,-1.1920928955078126e-7,0.0,0.0,0.0,0.0,1.0,0.0,0.0,0.0,0.0,1.0],"isLocked":0}]},{"UID":2763017881,"ParentUID":4231827496,"Name":"Root","isStatic":0,"isBoneRoot":0,"baseState":[1.0,0.0,0.0,0.0,0.0,1.0,0.0,0.0,0.0,0.0,1.0,0.0,0.0,0.0,0.0,1.0],"Components":[{"Type":0,"Enabled":1,"Position":[0.0,0.0,0.0],"Rotation":[0.0,0.0,0.0,1.0],"Euler":[-0.0,0.0,-0.0],"Scale":[1.0,1.0,1.0],"Global":[-1.1920928955078126e-7,-0.9999999403953552,0.0,0.0,0.9999999403953552,-1.1920928955078126e-7,0.0,0.0,0.0,0.0,1.0,0.0,0.0,0.0,0.0,1.0],"isLocked":0}]},{"UID":896999183,"ParentUID":2763017881,"Name":"Hips_$AssimpFbx$_Translation","isStatic":0,"isBoneRoot":0,"baseState":[1.0,0.0,0.0,0.0,0.0,1.0,0.0,0.0,0.0,0.0,1.0,0.0,0.0,0.0,0.0,1.0],"Components":[{"Type":0,"Enabled":1,"Position":[15.108060836791993,3.354663399688816e-15,0.0],"Rotation":[0.0,0.0,0.0,1.0],"Euler":[-0.0,0.0,-0.0],"Scale":[1.0,1.0,1.0],"Global":[-1.1920928955078126e-7,-0.9999999403953552,0.0,-0.000001801021198843955,0.9999999403953552,-1.1920928955078126e-7,0.0,15.108059883117676,0.0,0.0,1.0,0.0,0.0,0.0,0.0,1.0],"isLocked":0}]},{"UID":3186443410,"ParentUID":896999183,"Name":"Hips_$AssimpFbx$_PreRotation","isStatic":0,"isBoneRoot":0,"baseState":[1.0,0.0,0.0,0.0,0.0,1.0,0.0,0.0,0.0,0.0,1.0,0.0,0.0,0.0,0.0,1.0],"Components":[{"Type":0,"Enabled":1,"Position":[0.0,0.0,0.0],"Rotation":[-0.5,0.5,-0.5,0.5],"Euler":[-90.0,90.0,0.0],"Scale":[1.0,1.0,1.0],"Global":[0.9999999403953552,-0.0,-1.1920928955078126e-7,-0.000001801021198843955,1.1920928955078126e-7,0.0,0.9999999403953552,15.108059883117676,0.0,-1.0,0.0,0.0,0.0,0.0,0.0,1.0],"isLocked":0}]},{"UID":1531706901,"ParentUID":3186443410,"Name":"Hips_$AssimpFbx$_Rotation","isStatic":0,"isBoneRoot":0,"baseState":[1.0,0.0,0.0,0.0,0.0,1.0,0.0,0.0,0.0,0.0,1.0,0.0,0.0,0.0,0.0,1.0],"Components":[{"Type":0,"Enabled":1,"Position":[0.0,0.0,0.0],"Rotation":[0.0,0.0,0.0,1.0],"Euler":[-2.0673911571502687,-4.681128025054932,-1.3049461841583253],"Scale":[0.9999999403953552,1.0,1.0],"Global":[0.9999998807907105,0.0,-1.1920928955078126e-7,-0.000001801021198843955,1.1920928244535389e-7,0.0,0.9999999403953552,15.108059883117676,0.0,-1.0,0.0,0.0,0.0,0.0,0.0,1.0],"isLocked":0}]},{"UID":1935694235,"ParentUID":1531706901,"Name":"Hips","isStatic":0,"isBoneRoot":0,"baseState":[1.0,0.0,0.0,0.0,0.0,1.0,0.0,0.0,0.0,0.0,1.0,0.0,0.0,0.0,0.0,1.0],"Components":[{"Type":0,"Enabled":1,"Position":[0.0,0.0,0.0],"Rotation":[0.0,0.0,0.0,1.0],"Euler":[-0.0,0.0,-0.0],"Scale":[1.0,1.0,1.0],"Global":[0.9999998807907105,0.0,-1.1920928955078126e-7,-0.000001801021198843955,1.1920928244535389e-7,0.0,0.9999999403953552,15.108059883117676,0.0,-1.0,0.0,0.0,0.0,0.0,0.0,1.0],"isLocked":0}]},{"UID":1215976892,"ParentUID":1935694235,"Name":"RightLeg_$AssimpFbx$_Translation","isStatic":0,"isBoneRoot":0,"baseState":[1.0,0.0,0.0,0.0,0.0,1.0,0.0,0.0,0.0,0.0,1.0,0.0,0.0,0.0,0.0,1.0],"Components":[{"Type":0,"Enabled":1,"Position":[-15.488300323486329,-12.964300155639649,0.019738737493753434],"Rotation":[0.0,0.0,0.0,1.0],"Euler":[-0.0,0.0,-0.0],"Scale":[1.0,1.0,1.0],"Global":[0.9999998807907105,0.0,-1.1920928955078126e-7,-15.488300323486329,1.1920928244535389e-7,0.0,0.9999999403953552,15.12779712677002,0.0,-1.0,0.0,12.964300155639649,0.0,0.0,0.0,1.0],"isLocked":0}]},{"UID":3568792946,"ParentUID":1215976892,"Name":"RightLeg_$AssimpFbx$_PreRotation","isStatic":0,"isBoneRoot":0,"baseState":[1.0,0.0,0.0,0.0,0.0,1.0,0.0,0.0,0.0,0.0,1.0,0.0,0.0,0.0,0.0,1.0],"Components":[{"Type":0,"Enabled":1,"Position":[0.0,0.0,0.0],"Rotation":[0.0,0.009899534285068512,0.0,0.9999510049819946],"Euler":[-0.0,1.134421467781067,-0.0],"Scale":[1.0,1.0,1.0],"Global":[0.999803900718689,0.0,0.019797977060079576,-15.488300323486329,-0.019797977060079576,0.0,0.9998039603233337,15.12779712677002,0.0,-1.0,0.0,12.964300155639649,0.0,0.0,0.0,1.0],"isLocked":0}]},{"UID":1832985927,"ParentUID":3568792946,"Name":"RightLeg","isStatic":0,"isBoneRoot":0,"baseState":[1.0,0.0,0.0,0.0,0.0,1.0,0.0,0.0,0.0,0.0,1.0,0.0,0.0,0.0,0.0,1.0],"Components":[{"Type":0,"Enabled":1,"Position":[0.0,0.0,0.0],"Rotation":[0.0,0.0,0.0,1.0],"Euler":[-0.0,0.0,-0.0],"Scale":[1.0,1.0,1.0],"Global":[0.999803900718689,0.0,0.019797977060079576,-15.488300323486329,-0.019797977060079576,0.0,0.9998039603233337,15.12779712677002,0.0,-1.0,0.0,12.964300155639649,0.0,0.0,0.0,1.0],"isLocked":0}]},{"UID":8402319,"ParentUID":1832985927,"Name":"RightFoot_$AssimpFbx$_Translation","isStatic":0,"isBoneRoot":0,"baseState":[1.0,0.0,0.0,0.0,0.0,1.0,0.0,0.0,0.0,0.0,1.0,0.0,0.0,0.0,0.0,1.0],"Components":[{"Type":0,"Enabled":1,"Position":[0.000013657482668349985,7.105427357601002e-15,-12.188728332519532],"Rotation":[0.0,0.0,0.0,1.0],"Euler":[-0.0,0.0,-0.0],"Scale":[1.0,1.0,1.0],"Global":[0.999803900718689,0.0,0.019797977060079576,-15.729598999023438,-0.019797977060079576,0.0,0.9998039603233337,2.9414587020874025,0.0,-1.0,0.0,12.964300155639649,0.0,0.0,0.0,1.0],"isLocked":0}]},{"UID":1990172877,"ParentUID":8402319,"Name":"RightFoot_$AssimpFbx$_PreRotation","isStatic":0,"isBoneRoot":0,"baseState":[1.0,0.0,0.0,0.0,0.0,1.0,0.0,0.0,0.0,0.0,1.0,0.0,0.0,0.0,0.0,1.0],"Components":[{"Type":0,"Enabled":1,"Position":[0.0,0.0,0.0],"Rotation":[-0.5085271000862122,-0.008523808792233467,-0.0050344280898571018,0.8609890937805176],"Euler":[-61.13960266113281,-0.5476142168045044,-0.9935093522071838],"Scale":[1.0,1.0,1.0],"Global":[0.9999999403953552,1.043081283569336e-7,-5.960464477539063e-8,-15.729598999023438,1.210719347000122e-7,-0.8757583498954773,0.4827496409416199,2.9414587020874025,0.0,-0.48274970054626467,-0.8757584095001221,12.964300155639649,0.0,0.0,0.0,1.0],"isLocked":0}]},{"UID":1066645388,"ParentUID":1990172877,"Name":"RightFoot_$AssimpFbx$_Rotation","isStatic":0,"isBoneRoot":0,"baseState":[1.0,0.0,0.0,0.0,0.0,1.0,0.0,0.0,0.0,0.0,1.0,0.0,0.0,0.0,0.0,1.0],"Components":[{"Type":0,"Enabled":1,"Position":[0.0,0.0,0.0],"Rotation":[0.0,0.0,0.0,1.0],"Euler":[-0.0,0.0,-0.0],"Scale":[1.0,1.0,1.0],"Global":[0.9999999403953552,1.043081283569336e-7,-5.960464477539063e-8,-15.729598999023438,1.210719347000122e-7,-0.8757583498954773,0.4827496409416199,2.9414587020874025,0.0,-0.48274970054626467,-0.8757584095001221,12.964300155639649,0.0,0.0,0.0,1.0],"isLocked":0}]},{"UID":1137860260,"ParentUID":1066645388,"Name":"RightFoot","isStatic":0,"isBoneRoot":0,"baseState":[1.0,0.0,0.0,0.0,0.0,1.0,0.0,0.0,0.0,0.0,1.0,0.0,0.0,0.0,0.0,1.0],"Components":[{"Type":0,"Enabled":1,"Position":[0.0,0.0,0.0],"Rotation":[0.0,0.0,0.0,1.0],"Euler":[-0.0,0.0,-0.0],"Scale":[1.0,1.0,1.0],"Global":[0.9999999403953552,1.043081283569336e-7,-5.960464477539063e-8,-15.729598999023438,1.210719347000122e-7,-0.8757583498954773,0.4827496409416199,2.9414587020874025,0.0,-0.48274970054626467,-0.8757584095001221,12.964300155639649,0.0,0.0,0.0,1.0],"isLocked":0}]},{"UID":1243795526,"ParentUID":1137860260,"Name":"RightFootEnd","isStatic":0,"isBoneRoot":0,"baseState":[1.0,0.0,0.0,0.0,0.0,1.0,0.0,0.0,0.0,0.0,1.0,0.0,0.0,0.0,0.0,1.0],"Components":[{"Type":0,"Enabled":1,"Position":[9.414691248821328e-14,-0.000034134402085328478,-5.998554229736328],"Rotation":[0.0,0.0,0.0,1.0],"Euler":[-0.0,0.0,-0.0],"Scale":[1.0,1.0,1.0],"Global":[0.9999999403953552,1.043081283569336e-7,-5.960464477539063e-8,-15.729598999023438,1.210719347000122e-7,-0.8757583498954773,0.4827496409416199,0.045688629150390628,0.0,-0.48274970054626467,-0.8757584095001221,18.217601776123048,0.0,0.0,0.0,1.0],"isLocked":0}]},{"UID":757154497,"ParentUID":1935694235,"Name":"LeftLeg_$AssimpFbx$_Translation","isStatic":0,"isBoneRoot":0,"baseState":[1.0,0.0,0.0,0.0,0.0,1.0,0.0,0.0,0.0,0.0,1.0,0.0,0.0,0.0,0.0,1.0],"Components":[{"Type":0,"Enabled":1,"Position":[15.48828125,-12.964345932006836,0.01975155808031559],"Rotation":[0.0,0.0,0.0,1.0],"Euler":[-0.0,0.0,-0.0],"Scale":[1.0,1.0,1.0],"Global":[0.9999998807907105,0.0,-1.1920928955078126e-7,15.488277435302735,1.1920928244535389e-7,0.0,0.9999999403953552,15.127813339233399,0.0,-1.0,0.0,12.964345932006836,0.0,0.0,0.0,1.0],"isLocked":0}]},{"UID":608947235,"ParentUID":757154497,"Name":"LeftLeg_$AssimpFbx$_PreRotation","isStatic":0,"isBoneRoot":0,"baseState":[1.0,0.0,0.0,0.0,0.0,1.0,0.0,0.0,0.0,0.0,1.0,0.0,0.0,0.0,0.0,1.0],"Components":[{"Type":0,"Enabled":1,"Position":[0.0,0.0,0.0],"Rotation":[0.9999510049819946,4.3272238570146728e-10,0.009899534285068512,-4.370924600038961e-8],"Euler":[-179.99998474121095,1.134421467781067,-9.91872397548832e-8],"Scale":[1.0,1.0,1.0],"Global":[0.999803900718689,1.7308149358186143e-9,0.019798215478658677,15.488277435302735,0.019798215478658677,-8.740563117726197e-8,-0.9998039603233337,15.127813339233399,0.0,1.0,-8.742277657347586e-8,12.964345932006836,0.0,0.0,0.0,1.0],"isLocked":0}]},{"UID":22760229,"ParentUID":608947235,"Name":"LeftLeg","isStatic":0,"isBoneRoot":0,"baseState":[1.0,0.0,0.0,0.0,0.0,1.0,0.0,0.0,0.0,0.0,1.0,0.0,0.0,0.0,0.0,1.0],"Components":[{"Type":0,"Enabled":1,"Position":[0.0,0.0,0.0],"Rotation":[0.0,0.0,0.0,1.0],"Euler":[-0.0,0.0,-0.0],"Scale":[1.0,1.0,1.0],"Global":[0.999803900718689,1.7308149358186143e-9,0.019798215478658677,15.488277435302735,0.019798215478658677,-8.740563117726197e-8,-0.9998039603233337,15.127813339233399,0.0,1.0,-8.742277657347586e-8,12.964345932006836,0.0,0.0,0.0,1.0],"isLocked":0}]},{"UID":798251361,"ParentUID":22760229,"Name":"LeftFoot_$AssimpFbx$_Translation","isStatic":0,"isBoneRoot":0,"baseState":[1.0,0.0,0.0,0.0,0.0,1.0,0.0,0.0,0.0,0.0,1.0,0.0,0.0,0.0,0.0,1.0],"Components":[{"Type":0,"Enabled":1,"Position":[-2.514730965685885e-7,1.4369813783332575e-8,12.18874454498291],"Rotation":[0.0,0.0,0.0,1.0],"Euler":[-0.0,0.0,-0.0],"Scale":[1.0,1.0,1.0],"Global":[0.999803900718689,1.7308149358186143e-9,0.019798215478658677,15.729592323303223,0.019798215478658677,-8.740563117726197e-8,-0.9998039603233337,2.9414587020874025,0.0,1.0,-8.742277657347586e-8,12.96434497833252,0.0,0.0,0.0,1.0],"isLocked":0}]},{"UID":2226387835,"ParentUID":798251361,"Name":"LeftFoot_$AssimpFbx$_PreRotation","isStatic":0,"isBoneRoot":0,"baseState":[1.0,0.0,0.0,0.0,0.0,1.0,0.0,0.0,0.0,0.0,1.0,0.0,0.0,0.0,0.0,1.0],"Components":[{"Type":0,"Enabled":1,"Position":[0.0,0.0,0.0],"Rotation":[-0.5085271000862122,-0.008523808792233467,-0.0050344280898571018,0.8609890937805176],"Euler":[-61.13960266113281,-0.5476142168045044,-0.9935093522071838],"Scale":[1.0,1.0,1.0],"Global":[0.9999999403953552,-1.043081283569336e-7,5.774199962615967e-8,15.729592323303223,1.1734664440155029e-7,0.8757582902908325,-0.48274973034858706,2.9414587020874025,-1.7308048327890902e-9,0.4827497899532318,0.8757583498954773,12.96434497833252,0.0,0.0,0.0,1.0],"isLocked":0}]},{"UID":2717275596,"ParentUID":2226387835,"Name":"LeftFoot_$AssimpFbx$_Rotation","isStatic":0,"isBoneRoot":0,"baseState":[1.0,0.0,0.0,0.0,0.0,1.0,0.0,0.0,0.0,0.0,1.0,0.0,0.0,0.0,0.0,1.0],"Components":[{"Type":0,"Enabled":1,"Position":[0.0,0.0,0.0],"Rotation":[0.0,0.0,0.0,1.0],"Euler":[-0.0,0.0,-0.0],"Scale":[1.0,1.0,1.0],"Global":[0.9999999403953552,-1.043081283569336e-7,5.774199962615967e-8,15.729592323303223,1.1734664440155029e-7,0.8757582902908325,-0.48274973034858706,2.9414587020874025,-1.7308048327890902e-9,0.4827497899532318,0.8757583498954773,12.96434497833252,0.0,0.0,0.0,1.0],"isLocked":0}]},{"UID":2582665534,"ParentUID":2717275596,"Name":"LeftFoot","isStatic":0,"isBoneRoot":0,"baseState":[1.0,0.0,0.0,0.0,0.0,1.0,0.0,0.0,0.0,0.0,1.0,0.0,0.0,0.0,0.0,1.0],"Components":[{"Type":0,"Enabled":1,"Position":[0.0,0.0,0.0],"Rotation":[0.0,0.0,0.0,1.0],"Euler":[-0.0,0.0,-0.0],"Scale":[1.0,1.0,1.0],"Global":[0.9999999403953552,-1.043081283569336e-7,5.774199962615967e-8,15.729592323303223,1.1734664440155029e-7,0.8757582902908325,-0.48274973034858706,2.9414587020874025,-1.7308048327890902e-9,0.4827497899532318,0.8757583498954773,12.96434497833252,0.0,0.0,0.0,1.0],"isLocked":0}]},{"UID":3723666098,"ParentUID":2582665534,"Name":"LeftFootEnd","isStatic":0,"isBoneRoot":0,"baseState":[1.0,0.0,0.0,0.0,0.0,1.0,0.0,0.0,0.0,0.0,1.0,0.0,0.0,0.0,0.0,1.0],"Components":[{"Type":0,"Enabled":1,"Position":[-7.29076833085561e-15,0.0,5.998485565185547],"Rotation":[0.0,0.0,0.0,1.0],"Euler":[-0.0,0.0,-0.0],"Scale":[1.0,1.0,1.0],"Global":[0.9999999403953552,-1.043081283569336e-7,5.774199962615967e-8,15.729592323303223,1.1734664440155029e-7,0.8757582902908325,-0.48274973034858706,0.045691490173339847,-1.7308048327890902e-9,0.4827497899532318,0.8757583498954773,18.21756935119629,0.0,0.0,0.0,1.0],"isLocked":0}]},{"UID":1914815428,"ParentUID":1935694235,"Name":"Spine","isStatic":0,"isBoneRoot":0,"baseState":[1.0,0.0,0.0,0.0,0.0,1.0,0.0,0.0,0.0,0.0,1.0,0.0,0.0,0.0,0.0,1.0],"Components":[{"Type":0,"Enabled":1,"Position":[2.3382804024328848e-15,-9.353121609731539e-15,21.061357498168947],"Rotation":[0.14246562123298646,-0.10977256298065186,0.002836547326296568,0.9836897253990173],"Euler":[10.669782638549805,-13.086140632629395,1.675044059753418],"Scale":[1.0,1.0,1.0],"Global":[0.9758837819099426,-0.03685823082923889,-0.21515613794326783,-0.000004311730663175695,0.21677261590957642,0.2796611487865448,0.9353070259094238,36.16941452026367,0.025697069242596628,-0.9593909978866577,0.28090667724609377,9.353121609731539e-15,0.0,0.0,0.0,1.0],"isLocked":0}]},{"UID":1793221912,"ParentUID":1914815428,"Name":"RightUpperArmIK_$AssimpFbx$_Translation","isStatic":0,"isBoneRoot":0,"baseState":[1.0,0.0,0.0,0.0,0.0,1.0,0.0,0.0,0.0,0.0,1.0,0.0,0.0,0.0,0.0,1.0],"Components":[{"Type":0,"Enabled":1,"Position":[-17.286500930786134,6.917709827423096,19.19027328491211],"Rotation":[0.0,0.0,0.0,1.0],"Euler":[-0.0,0.0,-0.0],"Scale":[1.0,1.0,1.0],"Global":[0.9758837819099426,-0.03685823082923889,-0.21515613794326783,-21.253498077392579,0.21677261590957642,0.2796611487865448,0.9353070259094238,52.30558776855469,0.025697069242596628,-0.9593909978866577,0.28090667724609377,-1.6903247833251954,0.0,0.0,0.0,1.0],"isLocked":0}]},{"UID":1452358155,"ParentUID":1793221912,"Name":"RightUpperArmIK_$AssimpFbx$_PreRotation","isStatic":0,"isBoneRoot":0,"baseState":[1.0,0.0,0.0,0.0,0.0,1.0,0.0,0.0,0.0,0.0,1.0,0.0,0.0,0.0,0.0,1.0],"Components":[{"Type":0,"Enabled":1,"Position":[0.0,0.0,0.0],"Rotation":[0.7071068286895752,-3.090862321641907e-8,0.7071068286895752,3.090862321641907e-8],"Euler":[180.0,90.0,0.0],"Scale":[1.0,1.0,1.0],"Global":[-0.21515628695487977,0.036858152598142627,0.9758839011192322,-21.253498077392579,0.9353071451187134,-0.27966123819351199,0.21677251160144807,52.30558776855469,0.28090670704841616,0.9593912363052368,0.025697123259305955,-1.6903247833251954,0.0,0.0,0.0,1.0],"isLocked":0}]},{"UID":2493888140,"ParentUID":1452358155,"Name":"RightUpperArmIK_$AssimpFbx$_Rotation","isStatic":0,"isBoneRoot":0,"baseState":[1.0,0.0,0.0,0.0,0.0,1.0,0.0,0.0,0.0,0.0,1.0,0.0,0.0,0.0,0.0,1.0],"Components":[{"Type":0,"Enabled":1,"Position":[0.0,0.0,0.0],"Rotation":[-0.11305170506238938,-0.2551344633102417,-0.7104296088218689,0.646077036857605],"Euler":[-3.112774133682251,21.929725646972658,-177.22409057617188],"Scale":[1.0,1.0,1.0],"Global":[0.4768078327178955,-6.854534149169922e-7,0.8790076375007629,-21.253498077392579,0.21630021929740907,0.9692514538764954,-0.11732913553714752,52.30558776855469,-0.8519794344902039,0.2460729330778122,0.4621467888355255,-1.6903247833251954,0.0,0.0,0.0,1.0],"isLocked":0}]},{"UID":3340789661,"ParentUID":2493888140,"Name":"RightUpperArmIK","isStatic":0,"isBoneRoot":0,"baseState":[1.0,0.0,0.0,0.0,0.0,1.0,0.0,0.0,0.0,0.0,1.0,0.0,0.0,0.0,0.0,1.0],"Components":[{"Type":0,"Enabled":1,"Position":[0.0,0.0,0.0],"Rotation":[0.0,0.0,0.0,1.0],"Euler":[-0.0,0.0,-0.0],"Scale":[1.0,1.0,1.0],"Global":[0.4768078327178955,-6.854534149169922e-7,0.8790076375007629,-21.253498077392579,0.21630021929740907,0.9692514538764954,-0.11732913553714752,52.30558776855469,-0.8519794344902039,0.2460729330778122,0.4621467888355255,-1.6903247833251954,0.0,0.0,0.0,1.0],"isLocked":0}]},{"UID":4128190444,"ParentUID":3340789661,"Name":"RightLowerArmIK","isStatic":0,"isBoneRoot":0,"baseState":[1.0,0.0,0.0,0.0,0.0,1.0,0.0,0.0,0.0,0.0,1.0,0.0,0.0,0.0,0.0,1.0],"Components":[{"Type":0,"Enabled":1,"Position":[-2.1316282072803007e-14,-3.552713678800501e-15,-25.116100311279298],"Rotation":[0.0,0.3788963556289673,0.0,0.9254391193389893],"Euler":[-0.0,58.08646774291992,-0.0],"Scale":[1.0,1.0,1.0],"Global":[-0.2765357196331024,-6.854534149169922e-7,0.9610037207603455,-43.33074188232422,0.23647691309452058,0.9692514538764954,0.0680483728647232,55.252437591552737,-0.9314543008804321,0.2460729330778122,-0.26803258061408999,-13.297650337219239,0.0,0.0,0.0,1.0],"isLocked":0}]},{"UID":3332277917,"ParentUID":4128190444,"Name":"RightWristIK","isStatic":0,"isBoneRoot":0,"baseState":[1.0,0.0,0.0,0.0,0.0,1.0,0.0,0.0,0.0,0.0,1.0,0.0,0.0,0.0,0.0,1.0],"Components":[{"Type":0,"Enabled":1,"Position":[-1.4210854715202005e-14,-6.217248937900877e-15,-23.802900314331056],"Rotation":[-0.08573251962661743,-0.11021844297647476,0.6079584956169128,0.7815934419631958],"Euler":[0.000001011003746498318,-18.187294006347658,168.75381469726563],"Scale":[0.9999999403953552,1.0,1.0],"Global":[-1.6391277313232423e-7,0.0,1.0,-66.20541381835938,1.0,-1.1920928955078126e-7,-8.195638656616211e-8,53.6326904296875,8.940696716308594e-8,1.000000238418579,-5.960464477539063e-8,-6.917697429656982,0.0,0.0,0.0,1.0],"isLocked":0}]},{"UID":3025542955,"ParentUID":1914815428,"Name":"RightUpperArmFK_$AssimpFbx$_Translation","isStatic":0,"isBoneRoot":0,"baseState":[1.0,0.0,0.0,0.0,0.0,1.0,0.0,0.0,0.0,0.0,1.0,0.0,0.0,0.0,0.0,1.0],"Components":[{"Type":0,"Enabled":1,"Position":[-17.286500930786134,6.917709827423096,19.19027328491211],"Rotation":[0.0,0.0,0.0,1.0],"Euler":[-0.0,0.0,-0.0],"Scale":[1.0,1.0,1.0],"Global":[0.9758837819099426,-0.03685823082923889,-0.21515613794326783,-21.253498077392579,0.21677261590957642,0.2796611487865448,0.9353070259094238,52.30558776855469,0.025697069242596628,-0.9593909978866577,0.28090667724609377,-1.6903247833251954,0.0,0.0,0.0,1.0],"isLocked":0}]},{"UID":3507744307,"ParentUID":3025542955,"Name":"RightUpperArmFK_$AssimpFbx$_PreRotation","isStatic":0,"isBoneRoot":0,"baseState":[1.0,0.0,0.0,0.0,0.0,1.0,0.0,0.0,0.0,0.0,1.0,0.0,0.0,0.0,0.0,1.0],"Components":[{"Type":0,"Enabled":1,"Position":[0.0,0.0,0.0],"Rotation":[0.7071068286895752,-3.090862321641907e-8,0.7071068286895752,3.090862321641907e-8],"Euler":[180.0,90.0,0.0],"Scale":[1.0,1.0,1.0],"Global":[-0.21515628695487977,0.036858152598142627,0.9758839011192322,-21.253498077392579,0.9353071451187134,-0.27966123819351199,0.21677251160144807,52.30558776855469,0.28090670704841616,0.9593912363052368,0.025697123259305955,-1.6903247833251954,0.0,0.0,0.0,1.0],"isLocked":0}]},{"UID":1394056017,"ParentUID":3507744307,"Name":"RightUpperArmFK_$AssimpFbx$_Rotation","isStatic":0,"isBoneRoot":0,"baseState":[1.0,0.0,0.0,0.0,0.0,1.0,0.0,0.0,0.0,0.0,1.0,0.0,0.0,0.0,0.0,1.0],"Components":[{"Type":0,"Enabled":1,"Position":[0.0,0.0,0.0],"Rotation":[0.5681760907173157,0.12683835625648499,-0.039270881563425067,0.8121242523193359],"Euler":[68.47462463378906,4.3011040687561039,-10.866599082946778],"Scale":[0.9999999403953552,1.0,0.9999999403953552],"Global":[-0.4492063522338867,0.8590936660766602,0.2452998161315918,-21.253498077392579,0.8255253434181213,0.29412296414375307,0.48166340589523318,52.30558776855469,0.34164556860923769,0.4188675284385681,-0.841325581073761,-1.6903247833251954,0.0,0.0,0.0,1.0],"isLocked":0}]},{"UID":3663758653,"ParentUID":1394056017,"Name":"RightUpperArmFK","isStatic":0,"isBoneRoot":0,"baseState":[1.0,0.0,0.0,0.0,0.0,1.0,0.0,0.0,0.0,0.0,1.0,0.0,0.0,0.0,0.0,1.0],"Components":[{"Type":0,"Enabled":1,"Position":[0.0,0.0,0.0],"Rotation":[0.0,0.0,0.0,1.0],"Euler":[-0.0,0.0,-0.0],"Scale":[1.0,1.0,1.0],"Global":[-0.4492063522338867,0.8590936660766602,0.2452998161315918,-21.253498077392579,0.8255253434181213,0.29412296414375307,0.48166340589523318,52.30558776855469,0.34164556860923769,0.4188675284385681,-0.841325581073761,-1.6903247833251954,0.0,0.0,0.0,1.0],"isLocked":0}]},{"UID":1213865683,"ParentUID":3663758653,"Name":"RightLowerArmFK","isStatic":0,"isBoneRoot":0,"baseState":[1.0,0.0,0.0,0.0,0.0,1.0,0.0,0.0,0.0,0.0,1.0,0.0,0.0,0.0,0.0,1.0],"Components":[{"Type":0,"Enabled":1,"Position":[-2.1316282072803007e-14,-3.552713678800501e-15,-25.116100311279298],"Rotation":[0.0,0.041999250650405887,0.0,0.9991176128387451],"Euler":[-2.2891838550567629,3.8326873779296877,0.8633849620819092],"Scale":[1.0,0.9999999403953552,0.9999999403953552],"Global":[-0.4682082533836365,0.8590936064720154,0.2067350447177887,-27.414472579956056,0.7821897268295288,0.29412293434143069,0.5492458343505859,40.20808029174805,0.4110479950904846,0.4188674986362457,-0.8096850514411926,19.440492630004884,0.0,0.0,0.0,1.0],"isLocked":0}]},{"UID":595636143,"ParentUID":1213865683,"Name":"RightWristFK","isStatic":0,"isBoneRoot":0,"baseState":[1.0,0.0,0.0,0.0,0.0,1.0,0.0,0.0,0.0,0.0,1.0,0.0,0.0,0.0,0.0,1.0],"Components":[{"Type":0,"Enabled":1,"Position":[-1.4210854715202005e-14,-6.217248937900877e-15,-23.802900314331056],"Rotation":[0.0,0.03902619704604149,0.0,0.9992381930351257],"Euler":[-0.0,0.0,-0.0],"Scale":[1.0,1.0,1.0],"Global":[-0.48290589451789858,0.8590936064720154,0.1695883721113205,-32.335365295410159,0.7369698286056519,0.29412293434143069,0.608578085899353,27.134437561035158,0.4729456305503845,0.4188674986362457,-0.7751598358154297,38.71334457397461,0.0,0.0,0.0,1.0],"isLocked":0}]},{"UID":1613613628,"ParentUID":1914815428,"Name":"RightUpperArm_$AssimpFbx$_Translation","isStatic":0,"isBoneRoot":0,"baseState":[1.0,0.0,0.0,0.0,0.0,1.0,0.0,0.0,0.0,0.0,1.0,0.0,0.0,0.0,0.0,1.0],"Components":[{"Type":0,"Enabled":1,"Position":[-17.286500930786134,6.917709827423096,19.19027328491211],"Rotation":[0.0,0.0,0.0,1.0],"Euler":[-0.0,0.0,-0.0],"Scale":[1.0,1.0,1.0],"Global":[0.9758837819099426,-0.03685823082923889,-0.21515613794326783,-21.253498077392579,0.21677261590957642,0.2796611487865448,0.9353070259094238,52.30558776855469,0.025697069242596628,-0.9593909978866577,0.28090667724609377,-1.6903247833251954,0.0,0.0,0.0,1.0],"isLocked":0}]},{"UID":1174868144,"ParentUID":1613613628,"Name":"RightUpperArm_$AssimpFbx$_PreRotation","isStatic":0,"isBoneRoot":0,"baseState":[1.0,0.0,0.0,0.0,0.0,1.0,0.0,0.0,0.0,0.0,1.0,0.0,0.0,0.0,0.0,1.0],"Components":[{"Type":0,"Enabled":1,"Position":[0.0,0.0,0.0],"Rotation":[0.7071068286895752,-3.090862321641907e-8,0.7071068286895752,3.090862321641907e-8],"Euler":[180.0,90.0,0.0],"Scale":[1.0,1.0,1.0],"Global":[-0.21515628695487977,0.036858152598142627,0.9758839011192322,-21.253498077392579,0.9353071451187134,-0.27966123819351199,0.21677251160144807,52.30558776855469,0.28090670704841616,0.9593912363052368,0.025697123259305955,-1.6903247833251954,0.0,0.0,0.0,1.0],"isLocked":0}]},{"UID":3719894032,"ParentUID":1174868144,"Name":"RightUpperArm_$AssimpFbx$_Rotation","isStatic":0,"isBoneRoot":0,"baseState":[1.0,0.0,0.0,0.0,0.0,1.0,0.0,0.0,0.0,0.0,1.0,0.0,0.0,0.0,0.0,1.0],"Components":[{"Type":0,"Enabled":1,"Position":[0.0,0.0,0.0],"Rotation":[0.5681760907173157,0.12683835625648499,-0.039270881563425067,0.8121242523193359],"Euler":[68.47462463378906,4.3011040687561039,-10.866599082946778],"Scale":[0.9999999403953552,1.0,0.9999999403953552],"Global":[-0.4492063522338867,0.8590936660766602,0.2452998161315918,-21.253498077392579,0.8255253434181213,0.29412296414375307,0.48166340589523318,52.30558776855469,0.34164556860923769,0.4188675284385681,-0.841325581073761,-1.6903247833251954,0.0,0.0,0.0,1.0],"isLocked":0}]},{"UID":1737098834,"ParentUID":3719894032,"Name":"RightUpperArm","isStatic":0,"isBoneRoot":0,"baseState":[1.0,0.0,0.0,0.0,0.0,1.0,0.0,0.0,0.0,0.0,1.0,0.0,0.0,0.0,0.0,1.0],"Components":[{"Type":0,"Enabled":1,"Position":[0.0,0.0,0.0],"Rotation":[0.0,0.0,0.0,1.0],"Euler":[-0.0,0.0,-0.0],"Scale":[1.0,1.0,1.0],"Global":[-0.4492063522338867,0.8590936660766602,0.2452998161315918,-21.253498077392579,0.8255253434181213,0.29412296414375307,0.48166340589523318,52.30558776855469,0.34164556860923769,0.4188675284385681,-0.841325581073761,-1.6903247833251954,0.0,0.0,0.0,1.0],"isLocked":0}]},{"UID":3965067265,"ParentUID":1737098834,"Name":"RightLowerArm","isStatic":0,"isBoneRoot":0,"baseState":[1.0,0.0,0.0,0.0,0.0,1.0,0.0,0.0,0.0,0.0,1.0,0.0,0.0,0.0,0.0,1.0],"Components":[{"Type":0,"Enabled":1,"Position":[-2.1316282072803007e-14,-3.552713678800501e-15,-25.116100311279298],"Rotation":[0.0,0.041999250650405887,0.0,0.9991176128387451],"Euler":[-2.2891838550567629,3.8326873779296877,0.8633849620819092],"Scale":[1.0,0.9999999403953552,0.9999999403953552],"Global":[-0.4682082533836365,0.8590936064720154,0.2067350447177887,-27.414472579956056,0.7821897268295288,0.29412293434143069,0.5492458343505859,40.20808029174805,0.4110479950904846,0.4188674986362457,-0.8096850514411926,19.440492630004884,0.0,0.0,0.0,1.0],"isLocked":0}]},{"UID":2323159657,"ParentUID":3965067265,"Name":"RightWrist","isStatic":0,"isBoneRoot":0,"baseState":[1.0,0.0,0.0,0.0,0.0,1.0,0.0,0.0,0.0,0.0,1.0,0.0,0.0,0.0,0.0,1.0],"Components":[{"Type":0,"Enabled":1,"Position":[-1.4210854715202005e-14,-6.217248937900877e-15,-23.802900314331056],"Rotation":[0.0,0.03902619704604149,0.0,0.9992381930351257],"Euler":[-0.0,0.0,-0.0],"Scale":[1.0,1.0,1.0],"Global":[-0.48290589451789858,0.8590936064720154,0.1695883721113205,-32.335365295410159,0.7369698286056519,0.29412293434143069,0.608578085899353,27.134437561035158,0.4729456305503845,0.4188674986362457,-0.7751598358154297,38.71334457397461,0.0,0.0,0.0,1.0],"isLocked":0}]},{"UID":1106183729,"ParentUID":2323159657,"Name":"RightWristEnd","isStatic":0,"isBoneRoot":0,"baseState":[1.0,0.0,0.0,0.0,0.0,1.0,0.0,0.0,0.0,0.0,1.0,0.0,0.0,0.0,0.0,1.0],"Components":[{"Type":0,"Enabled":1,"Position":[-7.105427357601002e-15,-2.6645352591003758e-15,-10.998499870300293],"Rotation":[0.0,0.0,0.0,1.0],"Euler":[-0.0,0.0,-0.0],"Scale":[1.0,1.0,1.0],"Global":[-0.48290589451789858,0.8590936064720154,0.1695883721113205,-34.200584411621097,0.7369698286056519,0.29412293434143069,0.608578085899353,20.440990447998048,0.4729456305503845,0.4188674986362457,-0.7751598358154297,47.23894119262695,0.0,0.0,0.0,1.0],"isLocked":0}]},{"UID":2200112431,"ParentUID":1914815428,"Name":"LeftUpperArmIK_$AssimpFbx$_Translation","isStatic":0,"isBoneRoot":0,"baseState":[1.0,0.0,0.0,0.0,0.0,1.0,0.0,0.0,0.0,0.0,1.0,0.0,0.0,0.0,0.0,1.0],"Components":[{"Type":0,"Enabled":1,"Position":[17.286542892456056,6.917708873748779,19.190275192260743],"Rotation":[0.0,0.0,0.0,1.0],"Euler":[-0.0,0.0,-0.0],"Scale":[1.0,1.0,1.0],"Global":[0.9758837819099426,-0.03685823082923889,-0.21515613794326783,12.485773086547852,0.21677261590957642,0.2796611487865448,0.9353070259094238,59.800079345703128,0.025697069242596628,-0.9593909978866577,0.28090667724609377,-0.8018975257873535,0.0,0.0,0.0,1.0],"isLocked":0}]},{"UID":131699236,"ParentUID":2200112431,"Name":"LeftUpperArmIK_$AssimpFbx$_PreRotation","isStatic":0,"isBoneRoot":0,"baseState":[1.0,0.0,0.0,0.0,0.0,1.0,0.0,0.0,0.0,0.0,1.0,0.0,0.0,0.0,0.0,1.0],"Components":[{"Type":0,"Enabled":1,"Position":[0.0,0.0,0.0],"Rotation":[0.0,0.7071068286895752,0.0,0.7071068286895752],"Euler":[0.0,90.0,0.0],"Scale":[1.0,1.0,1.0],"Global":[0.21515604853630067,-0.03685823082923889,0.9758839011192322,12.485773086547852,-0.9353071451187134,0.2796611487865448,0.21677254140377046,59.800079345703128,-0.28090670704841616,-0.9593909978866577,0.02569703944027424,-0.8018975257873535,0.0,0.0,0.0,1.0],"isLocked":0}]},{"UID":3362871429,"ParentUID":131699236,"Name":"LeftUpperArmIK_$AssimpFbx$_Rotation","isStatic":0,"isBoneRoot":0,"baseState":[1.0,0.0,0.0,0.0,0.0,1.0,0.0,0.0,0.0,0.0,1.0,0.0,0.0,0.0,0.0,1.0],"Components":[{"Type":0,"Enabled":1,"Position":[0.0,0.0,0.0],"Rotation":[-0.17726989090442658,0.024836545810103418,-0.9527073502540588,0.24557539820671082],"Euler":[1.6393359899520875,36.44820022583008,178.80923461914063],"Scale":[1.0,0.9999999403953552,1.0],"Global":[0.1596112698316574,-1.7881393432617188e-7,0.9871799945831299,12.485773086547852,0.7009653449058533,-0.7041327953338623,-0.11333498358726502,59.800079345703128,0.6951058506965637,0.71006840467453,-0.11238737404346466,-0.8018975257873535,0.0,0.0,0.0,1.0],"isLocked":0}]},{"UID":2227276180,"ParentUID":3362871429,"Name":"LeftUpperArmIK","isStatic":0,"isBoneRoot":0,"baseState":[1.0,0.0,0.0,0.0,0.0,1.0,0.0,0.0,0.0,0.0,1.0,0.0,0.0,0.0,0.0,1.0],"Components":[{"Type":0,"Enabled":1,"Position":[0.0,0.0,0.0],"Rotation":[0.0,0.0,0.0,1.0],"Euler":[-0.0,0.0,-0.0],"Scale":[1.0,1.0,1.0],"Global":[0.1596112698316574,-1.7881393432617188e-7,0.9871799945831299,12.485773086547852,0.7009653449058533,-0.7041327953338623,-0.11333498358726502,59.800079345703128,0.6951058506965637,0.71006840467453,-0.11238737404346466,-0.8018975257873535,0.0,0.0,0.0,1.0],"isLocked":0}]},{"UID":2972324160,"ParentUID":2227276180,"Name":"LeftLowerArmIK","isStatic":0,"isBoneRoot":0,"baseState":[1.0,0.0,0.0,0.0,0.0,1.0,0.0,0.0,0.0,0.0,1.0,0.0,0.0,0.0,0.0,1.0],"Components":[{"Type":0,"Enabled":1,"Position":[-1.5285317279343505e-15,1.5777218104420237e-30,25.116106033325197],"Rotation":[0.0,2.83136557754915e-7,0.0,1.0],"Euler":[-0.0,0.0,-0.0],"Scale":[1.0,1.0,1.0],"Global":[0.15961070358753205,-1.7881393432617188e-7,0.9871801137924194,37.27989196777344,0.700965404510498,-0.7041327953338623,-0.11333458870649338,56.95354461669922,0.6951059103012085,0.71006840467453,-0.11238697916269303,-3.6246306896209719,0.0,0.0,0.0,1.0],"isLocked":0}]},{"UID":2688835119,"ParentUID":2972324160,"Name":"LeftWristIK","isStatic":0,"isBoneRoot":0,"baseState":[1.0,0.0,0.0,0.0,0.0,1.0,0.0,0.0,0.0,0.0,1.0,0.0,0.0,0.0,0.0,1.0],"Components":[{"Type":0,"Enabled":1,"Position":[3.899229436511373e-14,-1.262177448353619e-29,23.802845001220704],"Rotation":[0.07403214275836945,0.030483145266771318,0.9217121601104736,0.3795216977596283],"Euler":[0.000006640630090259947,18.524093627929689,172.46688842773438],"Scale":[1.0,1.0,1.0],"Global":[3.725290298461914e-8,-5.21540641784668e-8,1.0000001192092896,60.777587890625,-1.0000001192092896,-4.153698682785034e-7,9.685754776000977e-8,54.255859375,2.952292561531067e-7,-1.0000001192092896,-2.2351741790771486e-8,-6.299760818481445,0.0,0.0,0.0,1.0],"isLocked":0}]},{"UID":1347269922,"ParentUID":1914815428,"Name":"LeftUpperArmFK_$AssimpFbx$_Translation","isStatic":0,"isBoneRoot":0,"baseState":[1.0,0.0,0.0,0.0,0.0,1.0,0.0,0.0,0.0,0.0,1.0,0.0,0.0,0.0,0.0,1.0],"Components":[{"Type":0,"Enabled":1,"Position":[17.286542892456056,6.917708873748779,19.190275192260743],"Rotation":[0.0,0.0,0.0,1.0],"Euler":[-0.0,0.0,-0.0],"Scale":[1.0,1.0,1.0],"Global":[0.9758837819099426,-0.03685823082923889,-0.21515613794326783,12.485773086547852,0.21677261590957642,0.2796611487865448,0.9353070259094238,59.800079345703128,0.025697069242596628,-0.9593909978866577,0.28090667724609377,-0.8018975257873535,0.0,0.0,0.0,1.0],"isLocked":0}]},{"UID":2883739529,"ParentUID":1347269922,"Name":"LeftUpperArmFK_$AssimpFbx$_PreRotation","isStatic":0,"isBoneRoot":0,"baseState":[1.0,0.0,0.0,0.0,0.0,1.0,0.0,0.0,0.0,0.0,1.0,0.0,0.0,0.0,0.0,1.0],"Components":[{"Type":0,"Enabled":1,"Position":[0.0,0.0,0.0],"Rotation":[0.0,0.7071068286895752,0.0,0.7071068286895752],"Euler":[0.0,90.0,0.0],"Scale":[1.0,1.0,1.0],"Global":[0.21515604853630067,-0.03685823082923889,0.9758839011192322,12.485773086547852,-0.9353071451187134,0.2796611487865448,0.21677254140377046,59.800079345703128,-0.28090670704841616,-0.9593909978866577,0.02569703944027424,-0.8018975257873535,0.0,0.0,0.0,1.0],"isLocked":0}]},{"UID":464066296,"ParentUID":2883739529,"Name":"LeftUpperArmFK_$AssimpFbx$_Rotation","isStatic":0,"isBoneRoot":0,"baseState":[1.0,0.0,0.0,0.0,0.0,1.0,0.0,0.0,0.0,0.0,1.0,0.0,0.0,0.0,0.0,1.0],"Components":[{"Type":0,"Enabled":1,"Position":[0.0,0.0,0.0],"Rotation":[0.4177567958831787,0.11861509829759598,0.05203511193394661,0.8992786407470703],"Euler":[62.74095153808594,7.672128200531006,-2.830857276916504],"Scale":[0.9999999403953552,0.9999999403953552,0.9999999403953552],"Global":[0.03507067263126373,0.7226795554161072,0.6902928948402405,12.485773086547852,-0.8868558406829834,0.34092381596565249,-0.31186187267303469,59.800079345703128,-0.4607135057449341,-0.6012529730796814,0.652868926525116,-0.8018975257873535,0.0,0.0,0.0,1.0],"isLocked":0}]},{"UID":601837532,"ParentUID":464066296,"Name":"LeftUpperArmFK","isStatic":0,"isBoneRoot":0,"baseState":[1.0,0.0,0.0,0.0,0.0,1.0,0.0,0.0,0.0,0.0,1.0,0.0,0.0,0.0,0.0,1.0],"Components":[{"Type":0,"Enabled":1,"Position":[0.0,0.0,0.0],"Rotation":[0.0,0.0,0.0,1.0],"Euler":[-0.0,0.0,-0.0],"Scale":[1.0,1.0,1.0],"Global":[0.03507067263126373,0.7226795554161072,0.6902928948402405,12.485773086547852,-0.8868558406829834,0.34092381596565249,-0.31186187267303469,59.800079345703128,-0.4607135057449341,-0.6012529730796814,0.652868926525116,-0.8018975257873535,0.0,0.0,0.0,1.0],"isLocked":0}]},{"UID":3809602439,"ParentUID":601837532,"Name":"LeftLowerArmFK","isStatic":0,"isBoneRoot":0,"baseState":[1.0,0.0,0.0,0.0,0.0,1.0,0.0,0.0,0.0,0.0,1.0,0.0,0.0,0.0,0.0,1.0],"Components":[{"Type":0,"Enabled":1,"Position":[-1.5285317279343505e-15,1.5777218104420237e-30,25.116106033325197],"Rotation":[0.0,-0.19983617961406709,0.0,0.9798293113708496],"Euler":[1.299706220626831,-3.405949831008911,-0.9240021109580994],"Scale":[1.0,1.0,1.0],"Global":[0.30259570479393008,0.7226795554161072,0.6214258670806885,29.8232421875,-0.938152015209198,0.34092381596565249,0.060348451137542728,51.967323303222659,-0.168246328830719,-0.6012529730796814,0.7811452746391296,15.59562873840332,0.0,0.0,0.0,1.0],"isLocked":0}]},{"UID":1798075910,"ParentUID":3809602439,"Name":"LeftWristFK","isStatic":0,"isBoneRoot":0,"baseState":[1.0,0.0,0.0,0.0,0.0,1.0,0.0,0.0,0.0,0.0,1.0,0.0,0.0,0.0,0.0,1.0],"Components":[{"Type":0,"Enabled":1,"Position":[3.899229436511373e-14,-1.262177448353619e-29,23.802845001220704],"Rotation":[0.0,-0.1721995323896408,0.0,0.9850620627403259],"Euler":[0.0,-1.6214791536331177,0.0],"Scale":[1.0,1.0,1.0],"Global":[0.49547162652015688,0.7226795554161072,0.48191502690315249,44.61494445800781,-0.8620410561561585,0.34092381596565249,0.3750416934490204,53.40378952026367,0.10673856735229492,-0.6012529730796814,0.7918974757194519,34.189109802246097,0.0,0.0,0.0,1.0],"isLocked":0}]},{"UID":314239025,"ParentUID":1914815428,"Name":"LeftUpperArm_$AssimpFbx$_Translation","isStatic":0,"isBoneRoot":0,"baseState":[1.0,0.0,0.0,0.0,0.0,1.0,0.0,0.0,0.0,0.0,1.0,0.0,0.0,0.0,0.0,1.0],"Components":[{"Type":0,"Enabled":1,"Position":[17.286542892456056,6.917708873748779,19.190275192260743],"Rotation":[0.0,0.0,0.0,1.0],"Euler":[-0.0,0.0,-0.0],"Scale":[1.0,1.0,1.0],"Global":[0.9758837819099426,-0.03685823082923889,-0.21515613794326783,12.485773086547852,0.21677261590957642,0.2796611487865448,0.9353070259094238,59.800079345703128,0.025697069242596628,-0.9593909978866577,0.28090667724609377,-0.8018975257873535,0.0,0.0,0.0,1.0],"isLocked":0}]},{"UID":2346943236,"ParentUID":314239025,"Name":"LeftUpperArm_$AssimpFbx$_PreRotation","isStatic":0,"isBoneRoot":0,"baseState":[1.0,0.0,0.0,0.0,0.0,1.0,0.0,0.0,0.0,0.0,1.0,0.0,0.0,0.0,0.0,1.0],"Components":[{"Type":0,"Enabled":1,"Position":[0.0,0.0,0.0],"Rotation":[0.0,0.7071068286895752,0.0,0.7071068286895752],"Euler":[0.0,90.0,0.0],"Scale":[1.0,1.0,1.0],"Global":[0.21515604853630067,-0.03685823082923889,0.9758839011192322,12.485773086547852,-0.9353071451187134,0.2796611487865448,0.21677254140377046,59.800079345703128,-0.28090670704841616,-0.9593909978866577,0.02569703944027424,-0.8018975257873535,0.0,0.0,0.0,1.0],"isLocked":0}]},{"UID":4144876153,"ParentUID":2346943236,"Name":"LeftUpperArm_$AssimpFbx$_Rotation","isStatic":0,"isBoneRoot":0,"baseState":[1.0,0.0,0.0,0.0,0.0,1.0,0.0,0.0,0.0,0.0,1.0,0.0,0.0,0.0,0.0,1.0],"Components":[{"Type":0,"Enabled":1,"Position":[0.0,0.0,0.0],"Rotation":[0.4177567958831787,0.11861509829759598,0.05203511193394661,0.8992786407470703],"Euler":[62.74095153808594,7.672128200531006,-2.830857276916504],"Scale":[0.9999999403953552,0.9999999403953552,0.9999999403953552],"Global":[0.03507067263126373,0.7226795554161072,0.6902928948402405,12.485773086547852,-0.8868558406829834,0.34092381596565249,-0.31186187267303469,59.800079345703128,-0.4607135057449341,-0.6012529730796814,0.652868926525116,-0.8018975257873535,0.0,0.0,0.0,1.0],"isLocked":0}]},{"UID":1495844761,"ParentUID":4144876153,"Name":"LeftUpperArm","isStatic":0,"isBoneRoot":0,"baseState":[1.0,0.0,0.0,0.0,0.0,1.0,0.0,0.0,0.0,0.0,1.0,0.0,0.0,0.0,0.0,1.0],"Components":[{"Type":0,"Enabled":1,"Position":[0.0,0.0,0.0],"Rotation":[0.0,0.0,0.0,1.0],"Euler":[-0.0,0.0,-0.0],"Scale":[1.0,1.0,1.0],"Global":[0.03507067263126373,0.7226795554161072,0.6902928948402405,12.485773086547852,-0.8868558406829834,0.34092381596565249,-0.31186187267303469,59.800079345703128,-0.4607135057449341,-0.6012529730796814,0.652868926525116,-0.8018975257873535,0.0,0.0,0.0,1.0],"isLocked":0}]},{"UID":3106294579,"ParentUID":1495844761,"Name":"LeftLowerArm","isStatic":0,"isBoneRoot":0,"baseState":[1.0,0.0,0.0,0.0,0.0,1.0,0.0,0.0,0.0,0.0,1.0,0.0,0.0,0.0,0.0,1.0],"Components":[{"Type":0,"Enabled":1,"Position":[-1.5285317279343505e-15,1.5777218104420237e-30,25.116106033325197],"Rotation":[0.0,-0.19983617961406709,0.0,0.9798293113708496],"Euler":[1.299706220626831,-3.405949831008911,-0.9240021109580994],"Scale":[1.0,1.0,1.0],"Global":[0.30259570479393008,0.7226795554161072,0.6214258670806885,29.8232421875,-0.938152015209198,0.34092381596565249,0.060348451137542728,51.967323303222659,-0.168246328830719,-0.6012529730796814,0.7811452746391296,15.59562873840332,0.0,0.0,0.0,1.0],"isLocked":0}]},{"UID":1913042249,"ParentUID":3106294579,"Name":"LeftWrist","isStatic":0,"isBoneRoot":0,"baseState":[1.0,0.0,0.0,0.0,0.0,1.0,0.0,0.0,0.0,0.0,1.0,0.0,0.0,0.0,0.0,1.0],"Components":[{"Type":0,"Enabled":1,"Position":[3.899229436511373e-14,-1.262177448353619e-29,23.802845001220704],"Rotation":[0.0,-0.1721995323896408,0.0,0.9850620627403259],"Euler":[0.0,-1.6214791536331177,0.0],"Scale":[1.0,1.0,1.0],"Global":[0.49547162652015688,0.7226795554161072,0.48191502690315249,44.61494445800781,-0.8620410561561585,0.34092381596565249,0.3750416934490204,53.40378952026367,0.10673856735229492,-0.6012529730796814,0.7918974757194519,34.189109802246097,0.0,0.0,0.0,1.0],"isLocked":0}]},{"UID":314769307,"ParentUID":1913042249,"Name":"LeftWristEnd","isStatic":0,"isBoneRoot":0,"baseState":[1.0,0.0,0.0,0.0,0.0,1.0,0.0,0.0,0.0,0.0,1.0,0.0,0.0,0.0,0.0,1.0],"Components":[{"Type":0,"Enabled":1,"Position":[-9.326514610792387e-15,6.310887241768095e-30,10.998556137084961],"Rotation":[0.0,0.0,0.0,1.0],"Euler":[-0.0,0.0,-0.0],"Scale":[1.0,1.0,1.0],"Global":[0.49547162652015688,0.7226795554161072,0.48191502690315249,49.915313720703128,-0.8620410561561585,0.34092381596565249,0.3750416934490204,57.52870559692383,0.10673856735229492,-0.6012529730796814,0.7918974757194519,42.89883804321289,0.0,0.0,0.0,1.0],"isLocked":0}]},{"UID":3925862307,"ParentUID":1914815428,"Name":"Head","isStatic":0,"isBoneRoot":0,"baseState":[1.0,0.0,0.0,0.0,0.0,1.0,0.0,0.0,0.0,0.0,1.