{"GameObjects":[{"UID":4231535663,"ParentUID":0,"Name":"Scene","Static":0,"ActiveInHierarchy":1,"ActiveSelf":1,"isBoneRoot":1,"baseState":[1.0,0.0,0.0,0.0,0.0,1.0,0.0,0.0,0.0,0.0,1.0,0.0,0.0,0.0,0.0,1.0],"Navigable":0,"Walkable":0,"No Walkable":0,"openInHierarchy":1,"Components":[{"Type":0,"Enabled":1,"Position":[0.0,0.0,0.0],"Rotation":[0.0,0.0,0.0,1.0],"Euler":[-0.0,0.0,-0.0],"Scale":[1.0,1.0,1.0],"Global":[1.0,0.0,0.0,0.0,0.0,1.0,0.0,0.0,0.0,0.0,1.0,0.0,0.0,0.0,0.0,1.0]},{"Type":4,"Enabled":1,"animUID":1482781948,"stateMachineUID":0}]},{"UID":1097321885,"ParentUID":4231535663,"Name":"Ctrl_Grp","Static":0,"ActiveInHierarchy":1,"ActiveSelf":1,"isBoneRoot":0,"baseState":[1.0,0.0,0.0,0.0,0.0,1.0,0.0,0.0,0.0,0.0,1.0,0.0,0.0,0.0,0.0,1.0],"Navigable":0,"Walkable":0,"No Walkable":0,"openInHierarchy":1,"Components":[{"Type":0,"Enabled":1,"Position":[0.0,0.0,0.0],"Rotation":[0.0,0.0,0.0,1.0],"Euler":[-0.0,0.0,-0.0],"Scale":[1.0,1.0,1.0],"Global":[1.0,0.0,0.0,0.0,0.0,1.0,0.0,0.0,0.0,0.0,1.0,0.0,0.0,0.0,0.0,1.0]}]},{"UID":1722252114,"ParentUID":1097321885,"Name":"Root_$AssimpFbx$_PreRotation","Static":0,"ActiveInHierarchy":1,"ActiveSelf":1,"isBoneRoot":0,"baseState":[1.0,0.0,0.0,0.0,0.0,1.0,0.0,0.0,0.0,0.0,1.0,0.0,0.0,0.0,0.0,1.0],"Navigable":0,"Walkable":0,"No Walkable":0,"openInHierarchy":1,"Components":[{"Type":0,"Enabled":1,"Position":[0.0,0.0,0.0],"Rotation":[0.0,0.0,0.7071068286895752,0.7071068286895752],"Euler":[-0.0,0.0,90.00000762939453],"Scale":[1.0,1.0,1.0],"Global":[-4.371138828673793e-8,-1.0,0.0,0.0,1.0,-4.371138828673793e-8,0.0,0.0,0.0,0.0,1.0,0.0,0.0,0.0,0.0,1.0]}]},{"UID":4201121807,"ParentUID":1722252114,"Name":"Root","Static":0,"ActiveInHierarchy":1,"ActiveSelf":1,"isBoneRoot":0,"baseState":[1.0,0.0,0.0,0.0,0.0,1.0,0.0,0.0,0.0,0.0,1.0,0.0,0.0,0.0,0.0,1.0],"Navigable":0,"Walkable":0,"No Walkable":0,"openInHierarchy":1,"Components":[{"Type":0,"Enabled":1,"Position":[0.0,0.0,0.0],"Rotation":[0.0,0.0,0.0,1.0],"Euler":[-0.0,0.0,-0.0],"Scale":[1.0,1.0,1.0],"Global":[-4.371138828673793e-8,-1.0,0.0,0.0,1.0,-4.371138828673793e-8,0.0,0.0,0.0,0.0,1.0,0.0,0.0,0.0,0.0,1.0]}]},{"UID":865846274,"ParentUID":4201121807,"Name":"Hips_$AssimpFbx$_Translation","Static":0,"ActiveInHierarchy":1,"ActiveSelf":1,"isBoneRoot":0,"baseState":[1.0,0.0,0.0,0.0,0.0,1.0,0.0,0.0,0.0,0.0,1.0,0.0,0.0,0.0,0.0,1.0],"Navigable":0,"Walkable":0,"No Walkable":0,"openInHierarchy":1,"Components":[{"Type":0,"Enabled":1,"Position":[29.099836349487306,0.2726428508758545,0.0208236463367939],"Rotation":[0.0,0.0,0.0,1.0],"Euler":[-0.0,0.0,-0.0],"Scale":[1.0,1.0,1.0],"Global":[-4.371138828673793e-8,-1.0,0.0,-0.27264413237571719,1.0,-4.371138828673793e-8,0.0,29.099836349487306,0.0,0.0,1.0,0.0208236463367939,0.0,0.0,0.0,1.0]}]},{"UID":431419211,"ParentUID":865846274,"Name":"Hips_$AssimpFbx$_PreRotation","Static":0,"ActiveInHierarchy":1,"ActiveSelf":1,"isBoneRoot":0,"baseState":[1.0,0.0,0.0,0.0,0.0,1.0,0.0,0.0,0.0,0.0,1.0,0.0,0.0,0.0,0.0,1.0],"Navigable":0,"Walkable":0,"No Walkable":0,"openInHierarchy":1,"Components":[{"Type":0,"Enabled":1,"Position":[0.0,0.0,0.0],"Rotation":[-0.5,0.5,-0.5,0.5],"Euler":[-90.0,90.0,0.0],"Scale":[1.0,1.0,1.0],"Global":[1.0,0.0,0.0,-0.27264413237571719,0.0,-4.371138828673793e-8,1.0,29.099836349487306,0.0,-1.0,-4.371138828673793e-8,0.0208236463367939,0.0,0.0,0.0,1.0]}]},{"UID":2814430024,"ParentUID":431419211,"Name":"Hips_$AssimpFbx$_Rotation","Static":0,"ActiveInHierarchy":1,"ActiveSelf":1,"isBoneRoot":0,"baseState":[1.0,0.0,0.0,0.0,0.0,1.0,0.0,0.0,0.0,0.0,1.0,0.0,0.0,0.0,0.0,1.0],"Navigable":0,"Walkable":0,"No Walkable":0,"openInHierarchy":1,"Components":[{"Type":0,"Enabled":1,"Position":[0.0,0.0,0.0],"Rotation":[-0.017559213563799859,-0.041035160422325137,-0.010639498941600323,0.9989467263221741],"Euler":[-2.0673911571502687,-4.681128025054932,-1.3049461841583253],"Scale":[0.9999999403953552,1.0,1.0],"Global":[0.9964057803153992,0.022697674110531808,-0.08161024004220963,-0.27264413237571719,0.08235751837491989,-0.03420829400420189,0.9960156083106995,29.099836349487306,0.019815489649772645,-0.9991569519042969,-0.03595466911792755,0.0208236463367939,0.0,0.0,0.0,1.0]}]},{"UID":1358876612,"ParentUID":2814430024,"Name":"Hips","Static":0,"ActiveInHierarchy":1,"ActiveSelf":1,"isBoneRoot":0,"baseState":[1.0,0.0,0.0,0.0,0.0,1.0,0.0,0.0,0.0,0.0,1.0,0.0,0.0,0.0,0.0,1.0],"Navigable":0,"Walkable":0,"No Walkable":0,"openInHierarchy":1,"Components":[{"Type":0,"Enabled":1,"Position":[0.0,0.0,0.0],"Rotation":[0.0,0.0,0.0,1.0],"Euler":[-0.0,0.0,-0.0],"Scale":[1.0,1.0,1.0],"Global":[0.9964057803153992,0.022697674110531808,-0.08161024004220963,-0.27264413237571719,0.08235751837491989,-0.03420829400420189,0.9960156083106995,29.099836349487306,0.019815489649772645,-0.9991569519042969,-0.03595466911792755,0.0208236463367939,0.0,0.0,0.0,1.0]}]},{"UID":3827168177,"ParentUID":1358876612,"Name":"RightLeg_$AssimpFbx$_Translation","Static":0,"ActiveInHierarchy":1,"ActiveSelf":1,"isBoneRoot":0,"baseState":[1.0,0.0,0.0,0.0,0.0,1.0,0.0,0.0,0.0,0.0,1.0,0.0,0.0,0.0,0.0,1.0],"Navigable":0,"Walkable":0,"No Walkable":0,"openInHierarchy":1,"Components":[{"Type":0,"Enabled":1,"Position":[-15.488300323486329,-12.964300155639649,0.019738737493753434],"Rotation":[0.0,0.0,0.0,1.0],"Euler":[-0.0,0.0,-0.0],"Scale":[1.0,1.0,1.0],"Global":[0.9964057803153992,0.022697674110531808,-0.08161024004220963,-16.00114631652832,0.08235751837491989,-0.03420829400420189,0.9960156083106995,28.287405014038087,0.019815489649772645,-0.9991569519042969,-0.03595466911792755,12.666576385498047,0.0,0.0,0.0,1.0]}]},{"UID":2107863121,"ParentUID":3827168177,"Name":"RightLeg_$AssimpFbx$_PreRotation","Static":0,"ActiveInHierarchy":1,"ActiveSelf":1,"isBoneRoot":0,"baseState":[1.0,0.0,0.0,0.0,0.0,1.0,0.0,0.0,0.0,0.0,1.0,0.0,0.0,0.0,0.0,1.0],"Navigable":0,"Walkable":0,"No Walkable":0,"openInHierarchy":1,"Components":[{"Type":0,"Enabled":1,"Position":[0.0,0.0,0.0],"Rotation":[0.0,0.009899534285068512,0.0,0.9999510049819946],"Euler":[-0.0,1.134421467781067,-0.0],"Scale":[1.0,1.0,1.0],"Global":[0.9978262186050415,0.022697674110531808,-0.061867304146289828,-16.00114631652832,0.06262216717004776,-0.03420829400420189,0.9974509477615356,28.287405014038087,0.020523440092802049,-0.9991569519042969,-0.03555531054735184,12.666576385498047,0.0,0.0,0.0,1.0]}]},{"UID":89083621,"ParentUID":2107863121,"Name":"RightLeg","Static":0,"ActiveInHierarchy":1,"ActiveSelf":1,"isBoneRoot":0,"baseState":[1.0,0.0,0.0,0.0,0.0,1.0,0.0,0.0,0.0,0.0,1.0,0.0,0.0,0.0,0.0,1.0],"Navigable":0,"Walkable":0,"No Walkable":0,"openInHierarchy":1,"Components":[{"Type":0,"Enabled":1,"Position":[0.0,0.0,0.0],"Rotation":[0.0,0.0,0.0,1.0],"Euler":[-0.0,0.0,-0.0],"Scale":[1.0,1.0,1.0],"Global":[0.9978262186050415,0.022697674110531808,-0.061867304146289828,-16.00114631652832,0.06262216717004776,-0.03420829400420189,0.9974509477615356,28.287405014038087,0.020523440092802049,-0.9991569519042969,-0.03555531054735184,12.666576385498047,0.0,0.0,0.0,1.0]}]},{"UID":1036141037,"ParentUID":89083621,"Name":"RightFoot_$AssimpFbx$_Translation","Static":0,"ActiveInHierarchy":1,"ActiveSelf":1,"isBoneRoot":0,"baseState":[1.0,0.0,0.0,0.0,0.0,1.0,0.0,0.0,0.0,0.0,1.0,0.0,0.0,0.0,0.0,1.0],"Navigable":0,"Walkable":0,"No Walkable":0,"openInHierarchy":1,"Components":[{"Type":0,"Enabled":1,"Position":[-0.9827580451965332,9.173906326293946,-24.03310775756836],"Rotation":[0.0,0.0,0.0,1.0],"Euler":[-0.0,0.0,-0.0],"Scale":[1.0,1.0,1.0],"Global":[0.9978262186050415,0.022697674110531808,-0.061867304146289828,-15.286678314208985,0.06262216717004776,-0.03420829400420189,0.9974509477615356,3.9401931762695314,0.020523440092802049,-0.9991569519042969,-0.03555531054735184,4.334739685058594,0.0,0.0,0.0,1.0]}]},{"UID":2547351074,"ParentUID":1036141037,"Name":"RightFoot_$AssimpFbx$_PreRotation","Static":0,"ActiveInHierarchy":1,"ActiveSelf":1,"isBoneRoot":0,"baseState":[1.0,0.0,0.0,0.0,0.0,1.0,0.0,0.0,0.0,0.0,1.0,0.0,0.0,0.0,0.0,1.0],"Navigable":0,"Walkable":0,"No Walkable":0,"openInHierarchy":1,"Components":[{"Type":0,"Enabled":1,"Position":[0.0,0.0,0.0],"Rotation":[-0.5085271000862122,-0.008523808792233467,-0.0050344280898571018,0.8609890937805176],"Euler":[-61.13960266113281,-0.5476142168045044,-0.9935093522071838],"Scale":[1.0,1.0,1.0],"Global":[0.9964057803153992,0.08242814987897873,-0.01951964944601059,-15.286678314208985,0.08235752582550049,-0.8887831568717957,0.450868159532547,3.9401931762695314,0.019815491512417795,-0.45085519552230837,-0.8923771381378174,4.334739685058594,0.0,0.0,0.0,1.0]}]},{"UID":2230484001,"ParentUID":2547351074,"Name":"RightFoot_$AssimpFbx$_Rotation","Static":0,"ActiveInHierarchy":1,"ActiveSelf":1,"isBoneRoot":0,"baseState":[1.0,0.0,0.0,0.0,0.0,1.0,0.0,0.0,0.0,0.0,1.0,0.0,0.0,0.0,0.0,1.0],"Navigable":0,"Walkable":0,"No Walkable":0,"openInHierarchy":1,"Components":[{"Type":0,"Enabled":1,"Position":[0.0,0.0,0.0],"Rotation":[0.0,0.0,0.0,1.0],"Euler":[-0.0,0.0,-0.0],"Scale":[1.0,1.0,1.0],"Global":[0.9964057803153992,0.08242814987897873,-0.01951964944601059,-15.286678314208985,0.08235752582550049,-0.8887831568717957,0.450868159532547,3.9401931762695314,0.019815491512417795,-0.45085519552230837,-0.8923771381378174,4.334739685058594,0.0,0.0,0.0,1.0]}]},{"UID":3744958852,"ParentUID":2230484001,"Name":"RightFoot","Static":0,"ActiveInHierarchy":1,"ActiveSelf":1,"isBoneRoot":0,"baseState":[1.0,0.0,0.0,0.0,0.0,1.0,0.0,0.0,0.0,0.0,1.0,0.0,0.0,0.0,0.0,1.0],"Navigable":0,"Walkable":0,"No Walkable":0,"openInHierarchy":1,"Components":[{"Type":0,"Enabled":1,"Position":[0.0,0.0,0.0],"Rotation":[0.0,0.0,0.0,1.0],"Euler":[-0.0,0.0,-0.0],"Scale":[1.0,1.0,1.0],"Global":[0.9964057803153992,0.08242814987897873,-0.01951964944601059,-15.286678314208985,0.08235752582550049,-0.8887831568717957,0.450868159532547,3.9401931762695314,0.019815491512417795,-0.45085519552230837,-0.8923771381378174,4.334739685058594,0.0,0.0,0.0,1.0]}]},{"UID":3317090332,"ParentUID":3744958852,"Name":"RightFootEnd","Static":0,"ActiveInHierarchy":1,"ActiveSelf":1,"isBoneRoot":0,"baseState":[1.0,0.0,0.0,0.0,0.0,1.0,0.0,0.0,0.0,0.0,1.0,0.0,0.0,0.0,0.0,1.0],"Navigable":0,"Walkable":0,"No Walkable":0,"openInHierarchy":1,"Components":[{"Type":0,"Enabled":1,"Position":[9.414691248821328e-14,-0.000034134402085328478,-5.998554229736328],"Rotation":[0.0,0.0,0.0,1.0],"Euler":[-0.0,0.0,-0.0],"Scale":[1.0,1.0,1.0],"Global":[0.9964057803153992,0.08242814987897873,-0.01951964944601059,-15.169591903686524,0.08235752582550049,-0.8887831568717957,0.450868159532547,1.235666275024414,0.019815491512417795,-0.45085519552230837,-0.8923771381378174,9.687726974487305,0.0,0.0,0.0,1.0]}]},{"UID":876320151,"ParentUID":1358876612,"Name":"LeftLeg_$AssimpFbx$_Translation","Static":0,"ActiveInHierarchy":1,"ActiveSelf":1,"isBoneRoot":0,"baseState":[1.0,0.0,0.0,0.0,0.0,1.0,0.0,0.0,0.0,0.0,1.0,0.0,0.0,0.0,0.0,1.0],"Navigable":0,"Walkable":0,"No Walkable":0,"openInHierarchy":1,"Components":[{"Type":0,"Enabled":1,"Position":[15.48828125,-12.964345932006836,0.01975155808031559],"Rotation":[0.0,0.0,0.0,1.0],"Euler":[-0.0,0.0,-0.0],"Scale":[1.0,1.0,1.0],"Global":[0.9964057803153992,0.022697674110531808,-0.08161024004220963,14.864097595214844,0.08235751837491989,-0.03420829400420189,0.9960156083106995,30.838573455810548,0.019815489649772645,-0.9991569519042969,-0.03595466911792755,13.280437469482422,0.0,0.0,0.0,1.0]}]},{"UID":3816096639,"ParentUID":876320151,"Name":"LeftLeg_$AssimpFbx$_PreRotation","Static":0,"ActiveInHierarchy":1,"ActiveSelf":1,"isBoneRoot":0,"baseState":[1.0,0.0,0.0,0.0,0.0,1.0,0.0,0.0,0.0,0.0,1.0,0.0,0.0,0.0,0.0,1.0],"Navigable":0,"Walkable":0,"No Walkable":0,"openInHierarchy":1,"Components":[{"Type":0,"Enabled":1,"Position":[0.0,0.0,0.0],"Rotation":[0.9999510049819946,4.3272238570146728e-10,0.009899534285068512,-4.370924600038961e-8],"Euler":[-179.99998474121095,1.134421467781067,-9.91872397548832e-8],"Scale":[1.0,1.0,1.0],"Global":[0.9945948123931885,-0.02269766479730606,0.10132118314504624,14.864097595214844,0.10206059366464615,0.034208208322525027,-0.9941898584365845,30.838573455810548,0.019099771976470948,0.9991569519042969,0.03633984178304672,13.280437469482422,0.0,0.0,0.0,1.0]}]},{"UID":2744055858,"ParentUID":3816096639,"Name":"LeftLeg","Static":0,"ActiveInHierarchy":1,"ActiveSelf":1,"isBoneRoot":0,"baseState":[1.0,0.0,0.0,0.0,0.0,1.0,0.0,0.0,0.0,0.0,1.0,0.0,0.0,0.0,0.0,1.0],"Navigable":0,"Walkable":0,"No Walkable":0,"openInHierarchy":1,"Components":[{"Type":0,"Enabled":1,"Position":[0.0,0.0,0.0],"Rotation":[0.0,0.0,0.0,1.0],"Euler":[-0.0,0.0,-0.0],"Scale":[1.0,1.0,1.0],"Global":[0.9945948123931885,-0.02269766479730606,0.10132118314504624,14.864097595214844,0.10206059366464615,0.034208208322525027,-0.9941898584365845,30.838573455810548,0.019099771976470948,0.9991569519042969,0.03633984178304672,13.280437469482422,0.0,0.0,0.0,1.0]}]},{"UID":583102840,"ParentUID":2744055858,"Name":"LeftFoot_$AssimpFbx$_Translation","Static":0,"ActiveInHierarchy":1,"ActiveSelf":1,"isBoneRoot":0,"baseState":[1.0,0.0,0.0,0.0,0.0,1.0,0.0,0.0,0.0,0.0,1.0,0.0,0.0,0.0,0.0,1.0],"Navigable":0,"Walkable":0,"No Walkable":0,"openInHierarchy":1,"Components":[{"Type":0,"Enabled":1,"Position":[4.864466667175293,7.756918907165527,12.021666526794434],"Rotation":[0.0,0.0,0.0,1.0],"Euler":[-0.0,0.0,-0.0],"Scale":[1.0,1.0,1.0],"Global":[0.9945948123931885,-0.02269766479730606,0.10132118314504624,20.7442569732666,0.10206059366464615,0.034208208322525027,-0.9941898584365845,19.648574829101564,0.019099771976470948,0.9991569519042969,0.03633984178304672,21.560592651367189,0.0,0.0,0.0,1.0]}]},{"UID":2650420190,"ParentUID":583102840,"Name":"LeftFoot_$AssimpFbx$_PreRotation","Static":0,"ActiveInHierarchy":1,"ActiveSelf":1,"isBoneRoot":0,"baseState":[1.0,0.0,0.0,0.0,0.0,1.0,0.0,0.0,0.0,0.0,1.0,0.0,0.0,0.0,0.0,1.0],"Navigable":0,"Walkable":0,"No Walkable":0,"openInHierarchy":1,"Components":[{"Type":0,"Enabled":1,"Position":[0.0,0.0,0.0],"Rotation":[-0.5085271000862122,-0.008523808792233467,-0.0050344280898571018,0.8609890937805176],"Euler":[-61.13960266113281,-0.5476142168045044,-0.9935093522071838],"Scale":[1.0,1.0,1.0],"Global":[0.9964058995246887,-0.08242814242839813,0.019519656896591188,20.7442569732666,0.08235751837491989,0.8887830376625061,-0.4508681893348694,19.648574829101564,0.019815487787127496,0.4508552849292755,0.8923770785331726,21.560592651367189,0.0,0.0,0.0,1.0]}]},{"UID":4199509402,"ParentUID":2650420190,"Name":"LeftFoot_$AssimpFbx$_Rotation","Static":0,"ActiveInHierarchy":1,"ActiveSelf":1,"isBoneRoot":0,"baseState":[1.0,0.0,0.0,0.0,0.0,1.0,0.0,0.0,0.0,0.0,1.0,0.0,0.0,0.0,0.0,1.0],"Navigable":0,"Walkable":0,"No Walkable":0,"openInHierarchy":1,"Components":[{"Type":0,"Enabled":1,"Position":[0.0,0.0,0.0],"Rotation":[0.0,0.0,0.0,1.0],"Euler":[-0.0,0.0,-0.0],"Scale":[1.0,1.0,1.0],"Global":[0.9964058995246887,-0.08242814242839813,0.019519656896591188,20.7442569732666,0.08235751837491989,0.8887830376625061,-0.4508681893348694,19.648574829101564,0.019815487787127496,0.4508552849292755,0.8923770785331726,21.560592651367189,0.0,0.0,0.0,1.0]}]},{"UID":3290895289,"ParentUID":4199509402,"Name":"LeftFoot","Static":0,"ActiveInHierarchy":1,"ActiveSelf":1,"isBoneRoot":0,"baseState":[1.0,0.0,0.0,0.0,0.0,1.0,0.0,0.0,0.0,0.0,1.0,0.0,0.0,0.0,0.0,1.0],"Navigable":0,"Walkable":0,"No Walkable":0,"openInHierarchy":1,"Components":[{"Type":0,"Enabled":1,"Position":[0.0,0.0,0.0],"Rotation":[0.0,0.0,0.0,1.0],"Euler":[-0.0,0.0,-0.0],"Scale":[1.0,1.0,1.0],"Global":[0.9964058995246887,-0.08242814242839813,0.019519656896591188,20.7442569732666,0.08235751837491989,0.8887830376625061,-0.4508681893348694,19.648574829101564,0.019815487787127496,0.4508552849292755,0.8923770785331726,21.560592651367189,0.0,0.0,0.0,1.0]}]},{"UID":234052632,"ParentUID":3290895289,"Name":"LeftFootEnd","Static":0,"ActiveInHierarchy":1,"ActiveSelf":1,"isBoneRoot":0,"baseState":[1.0,0.0,0.0,0.0,0.0,1.0,0.0,0.0,0.0,0.0,1.0,0.0,0.0,0.0,0.0,1.0],"Navigable":0,"Walkable":0,"No Walkable":0,"openInHierarchy":1,"Components":[{"Type":0,"Enabled":1,"Position":[-7.29076833085561e-15,0.0,5.998485565185547],"Rotation":[0.0,0.0,0.0,1.0],"Euler":[-0.0,0.0,-0.0],"Scale":[1.0,1.0,1.0],"Global":[0.9964058995246887,-0.08242814242839813,0.019519656896591188,20.861345291137697,0.08235751837491989,0.8887830376625061,-0.4508681893348694,16.944047927856447,0.019815487787127496,0.4508552849292755,0.8923770785331726,26.913503646850587,0.0,0.0,0.0,1.0]}]},{"UID":3650037934,"ParentUID":1358876612,"Name":"Spine","Static":0,"ActiveInHierarchy":1,"ActiveSelf":1,"isBoneRoot":0,"baseState":[1.0,0.0,0.0,0.0,0.0,1.0,0.0,0.0,0.0,0.0,1.0,0.0,0.0,0.0,0.0,1.0],"Navigable":0,"Walkable":0,"No Walkable":0,"openInHierarchy":1,"Components":[{"Type":0,"Enabled":1,"Position":[0.02581339329481125,-0.0059600998647511009,19.40102767944336],"Rotation":[0.09070306271314621,-0.1147945299744606,0.0038652897346764805,0.9892322421073914],"Euler":[10.669782638549805,-13.086140632629395,1.675044059753418],"Scale":[1.0,1.0,1.0],"Global":[0.9512237906455994,-0.020618654787540437,-0.3078117072582245,-1.8303813934326172,0.30754554271698,0.1418645679950714,0.9408987164497376,48.4258918762207,0.02426750399172306,-0.9896713495254517,0.14128613471984864,-0.6702672839164734,0.0,0.0,0.0,1.0]}]},{"UID":746686796,"ParentUID":3650037934,"Name":"RightUpperArmIK_$AssimpFbx$_Translation","Static":0,"ActiveInHierarchy":1,"ActiveSelf":1,"isBoneRoot":0,"baseState":[1.0,0.0,0.0,0.0,0.0,1.0,0.0,0.0,0.0,0.0,1.0,0.0,0.0,0.0,0.0,1.0],"Navigable":0,"Walkable":0,"No Walkable":0,"openInHierarchy":1,"Components":[{"Type":0,"Enabled":1,"Position":[-17.286500930786134,6.917709827423096,19.19027328491211],"Rotation":[0.0,0.0,0.0,1.0],"Euler":[-0.0,0.0,-0.0],"Scale":[1.0,1.0,1.0],"Global":[0.9512237906455994,-0.020618654787540437,-0.3078117072582245,-24.323335647583009,0.30754554271698,0.1418645679950714,0.9408987164497376,62.14698791503906,0.02426750399172306,-0.9896713495254517,0.14128613471984864,-5.224707126617432,0.0,0.0,0.0,1.0]}]},{"UID":1954112560,"ParentUID":746686796,"Name":"RightUpperArmIK_$AssimpFbx$_PreRotation","Static":0,"ActiveInHierarchy":1,"ActiveSelf":1,"isBoneRoot":0,"baseState":[1.0,0.0,0.0,0.0,0.0,1.0,0.0,0.0,0.0,0.0,1.0,0.0,0.0,0.0,0.0,1.0],"Navigable":0,"Walkable":0,"No Walkable":0,"openInHierarchy":1,"Components":[{"Type":0,"Enabled":1,"Position":[0.0,0.0,0.0],"Rotation":[0.7071068286895752,-3.090862321641907e-8,0.7071068286895752,3.090862321641907e-8],"Euler":[180.0,90.0,0.0],"Scale":[1.0,1.0,1.0],"Global":[-0.3078117370605469,0.02061857096850872,0.9512237906455994,-24.323335647583009,0.9408987164497376,-0.1418645977973938,0.30754557251930239,62.14698791503906,0.14128613471984864,0.9896713495254517,0.024267595261335374,-5.224707126617432,0.0,0.0,0.0,1.0]}]},{"UID":2336982574,"ParentUID":1954112560,"Name":"RightUpperArmIK_$AssimpFbx$_Rotation","Static":0,"ActiveInHierarchy":1,"ActiveSelf":1,"isBoneRoot":0,"baseState":[1.0,0.0,0.0,0.0,0.0,1.0,0.0,0.0,0.0,0.0,1.0,0.0,0.0,0.0,0.0,1.0],"Navigable":0,"Walkable":0,"No Walkable":0,"openInHierarchy":1,"Components":[{"Type":0,"Enabled":1,"Position":[0.0,0.0,0.0],"Rotation":[0.1907268911600113,0.02205159142613411,0.9812190532684326,-0.018606290221214296],"Euler":[-3.112774133682251,21.929725646972658,-177.22409057617188],"Scale":[1.0,1.0,1.0],"Global":[0.6414387226104736,5.587935447692871e-8,0.767174243927002,-24.323335647583009,-0.7524434328079224,0.19502483308315278,0.6291220188140869,62.14698791503906,-0.149617999792099,-0.9807983636856079,0.12509649991989137,-5.224707126617432,0.0,0.0,0.0,1.0]}]},{"UID":485448281,"ParentUID":2336982574,"Name":"RightUpperArmIK","Static":0,"ActiveInHierarchy":1,"ActiveSelf":1,"isBoneRoot":0,"baseState":[1.0,0.0,0.0,0.0,0.0,1.0,0.0,0.0,0.0,0.0,1.0,0.0,0.0,0.0,0.0,1.0],"Navigable":0,"Walkable":0,"No Walkable":0,"openInHierarchy":1,"Components":[{"Type":0,"Enabled":1,"Position":[0.0,0.0,0.0],"Rotation":[0.0,0.0,0.0,1.0],"Euler":[-0.0,0.0,-0.0],"Scale":[1.0,1.0,1.0],"Global":[0.6414387226104736,5.587935447692871e-8,0.767174243927002,-24.323335647583009,-0.7524434328079224,0.19502483308315278,0.6291220188140869,62.14698791503906,-0.149617999792099,-0.9807983636856079,0.12509649991989137,-5.224707126617432,0.0,0.0,0.0,1.0]}]},{"UID":2284163635,"ParentUID":485448281,"Name":"RightLowerArmIK","Static":0,"ActiveInHierarchy":1,"ActiveSelf":1,"isBoneRoot":0,"baseState":[1.0,0.0,0.0,0.0,0.0,1.0,0.0,0.0,0.0,0.0,1.0,0.0,0.0,0.0,0.0,1.0],"Navigable":0,"Walkable":0,"No Walkable":0,"openInHierarchy":1,"Components":[{"Type":0,"Enabled":1,"Position":[-2.1316282072803007e-14,-3.552713678800501e-15,-25.116100311279298],"Rotation":[0.0,0.4854694604873657,0.0,0.8742536306381226],"Euler":[-0.0,58.08646774291992,-0.0],"Scale":[1.0,1.0,1.0],"Global":[-0.3121241331100464,5.587935447692871e-8,0.9500412940979004,-43.591758728027347,-0.931799054145813,0.19502483308315278,-0.3061310350894928,46.34589385986328,-0.1852816343307495,-0.9807983636856079,-0.060871921479701999,-8.366643905639649,0.0,0.0,0.0,1.0]}]},{"UID":2538729396,"ParentUID":2284163635,"Name":"RightWristIK","Static":0,"ActiveInHierarchy":1,"ActiveSelf":1,"isBoneRoot":0,"baseState":[1.0,0.0,0.0,0.0,0.0,1.0,0.0,0.0,0.0,0.0,1.0,0.0,0.0,0.0,0.0,1.0],"Navigable":0,"Walkable":0,"No Walkable":0,"openInHierarchy":1,"Components":[{"Type":0,"Enabled":1,"Position":[-1.4210854715202005e-14,-6.217248937900877e-15,-23.802900314331056],"Rotation":[-0.157288059592247,-0.015486224554479123,0.9826798439025879,0.09675236791372299],"Euler":[0.000001011003746498318,-18.187294006347658,168.75381469726563],"Scale":[0.9999999403953552,1.0,1.0],"Global":[-8.940696716308594e-8,-9.685754776000977e-8,1.0,-66.20549774169922,1.0000001192092896,-2.421438694000244e-8,-5.960464477539063e-8,53.6327018737793,1.1175870895385743e-8,1.0000001192092896,7.450580596923828e-8,-6.917715549468994,0.0,0.0,0.0,1.0]}]},{"UID":2535297871,"ParentUID":3650037934,"Name":"RightUpperArmFK_$AssimpFbx$_Translation","Static":0,"ActiveInHierarchy":1,"ActiveSelf":1,"isBoneRoot":0,"baseState":[1.0,0.0,0.0,0.0,0.0,1.0,0.0,0.0,0.0,0.0,1.0,0.0,0.0,0.0,0.0,1.0],"Navigable":0,"Walkable":0,"No Walkable":0,"openInHierarchy":1,"Components":[{"Type":0,"Enabled":1,"Position":[-17.286500930786134,6.917709827423096,19.19027328491211],"Rotation":[0.0,0.0,0.0,1.0],"Euler":[-0.0,0.0,-0.0],"Scale":[1.0,1.0,1.0],"Global":[0.9512237906455994,-0.020618654787540437,-0.3078117072582245,-24.323335647583009,0.30754554271698,0.1418645679950714,0.9408987164497376,62.14698791503906,0.02426750399172306,-0.9896713495254517,0.14128613471984864,-5.224707126617432,0.0,0.0,0.0,1.0]}]},{"UID":1475546765,"ParentUID":2535297871,"Name":"RightUpperArmFK_$AssimpFbx$_PreRotation","Static":0,"ActiveInHierarchy":1,"ActiveSelf":1,"isBoneRoot":0,"baseState":[1.0,0.0,0.0,0.0,0.0,1.0,0.0,0.0,0.0,0.0,1.0,0.0,0.0,0.0,0.0,1.0],"Navigable":0,"Walkable":0,"No Walkable":0,"openInHierarchy":1,"Components":[{"Type":0,"Enabled":1,"Position":[0.0,0.0,0.0],"Rotation":[0.7071068286895752,-3.090862321641907e-8,0.7071068286895752,3.090862321641907e-8],"Euler":[180.0,90.0,0.0],"Scale":[1.0,1.0,1.0],"Global":[-0.3078117370605469,0.02061857096850872,0.9512237906455994,-24.323335647583009,0.9408987164497376,-0.1418645977973938,0.30754557251930239,62.14698791503906,0.14128613471984864,0.9896713495254517,0.024267595261335374,-5.224707126617432,0.0,0.0,0.0,1.0]}]},{"UID":315484995,"ParentUID":1475546765,"Name":"RightUpperArmFK_$AssimpFbx$_Rotation","Static":0,"ActiveInHierarchy":1,"ActiveSelf":1,"isBoneRoot":0,"baseState":[1.0,0.0,0.0,0.0,0.0,1.0,0.0,0.0,0.0,0.0,1.0,0.0,0.0,0.0,0.0,1.0],"Navigable":0,"Walkable":0,"No Walkable":0,"openInHierarchy":1,"Components":[{"Type":0,"Enabled":1,"Position":[0.0,0.0,0.0],"Rotation":[0.556762158870697,0.0841188132762909,-0.057206135243177417,0.8244194388389587],"Euler":[68.47462463378906,4.3011040687561039,-10.866599082946778],"Scale":[0.9999999403953552,1.0,0.9999999403953552],"Global":[-0.4939810037612915,0.8139137625694275,0.30582183599472048,-24.323335647583009,0.8592709898948669,0.4032672643661499,0.3146887719631195,62.14698791503906,0.1328015923500061,0.41823410987854006,-0.8985788822174072,-5.224707126617432,0.0,0.0,0.0,1.0]}]},{"UID":2113883294,"ParentUID":315484995,"Name":"RightUpperArmFK","Static":0,"ActiveInHierarchy":1,"ActiveSelf":1,"isBoneRoot":0,"baseState":[1.0,0.0,0.0,0.0,0.0,1.0,0.0,0.0,0.0,0.0,1.0,0.0,0.0,0.0,0.0,1.0],"Navigable":0,"Walkable":0,"No Walkable":0,"openInHierarchy":1,"Components":[{"Type":0,"Enabled":1,"Position":[0.0,0.0,0.0],"Rotation":[0.0,0.0,0.0,1.0],"Euler":[-0.0,0.0,-0.0],"Scale":[1.0,1.0,1.0],"Global":[-0.4939810037612915,0.8139137625694275,0.30582183599472048,-24.323335647583009,0.8592709898948669,0.4032672643661499,0.3146887719631195,62.14698791503906,0.1328015923500061,0.41823410987854006,-0.8985788822174072,-5.224707126617432,0.0,0.0,0.0,1.0]}]},{"UID":2933652910,"ParentUID":2113883294,"Name":"RightLowerArmFK","Static":0,"ActiveInHierarchy":1,"ActiveSelf":1,"isBoneRoot":0,"baseState":[1.0,0.0,0.0,0.0,0.0,1.0,0.0,0.0,0.0,0.0,1.0,0.0,0.0,0.0,0.0,1.0],"Navigable":0,"Walkable":0,"No Walkable":0,"openInHierarchy":1,"Components":[{"Type":0,"Enabled":1,"Position":[-2.1316282072803007e-14,-3.552713678800501e-15,-25.116100311279298],"Rotation":[-0.0197119303047657,0.03358307480812073,0.006860698107630014,0.9992179870605469],"Euler":[-2.2891838550567629,3.8326873779296877,0.8633849620819092],"Scale":[1.0,0.9999999403953552,0.9999999403953552],"Global":[-0.5033460855484009,0.8087250590324402,0.30431267619132998,-32.00438690185547,0.8410420417785645,0.37774553894996645,0.38724249601364138,54.24323272705078,0.19821998476982118,0.4508567452430725,-0.8703085780143738,17.344091415405275,0.0,0.0,0.0,1.0]}]},{"UID":1420447750,"ParentUID":2933652910,"Name":"RightWristFK","Static":0,"ActiveInHierarchy":1,"ActiveSelf":1,"isBoneRoot":0,"baseState":[1.0,0.0,0.0,0.0,0.0,1.0,0.0,0.0,0.0,0.0,1.0,0.0,0.0,0.0,0.0,1.0],"Navigable":0,"Walkable":0,"No Walkable":0,"openInHierarchy":1,"Components":[{"Type":0,"Enabled":1,"Position":[-1.4210854715202005e-14,-6.217248937900877e-15,-23.802900314331056],"Rotation":[0.0,0.0,0.0,1.0],"Euler":[-0.0,0.0,-0.0],"Scale":[1.0,1.0,1.0],"Global":[-0.5033460855484009,0.8087250590324402,0.30431267619132998,-39.24790954589844,0.8410420417785645,0.37774553894996645,0.38724249601364138,45.02573776245117,0.19821998476982118,0.4508567452430725,-0.8703085780143738,38.059959411621097,0.0,0.0,0.0,1.0]}]},{"UID":2127046039,"ParentUID":3650037934,"Name":"RightUpperArm_$AssimpFbx$_Translation","Static":0,"ActiveInHierarchy":1,"ActiveSelf":1,"isBoneRoot":0,"baseState":[1.0,0.0,0.0,0.0,0.0,1.0,0.0,0.0,0.0,0.0,1.0,0.0,0.0,0.0,0.0,1.0],"Navigable":0,"Walkable":0,"No Walkable":0,"openInHierarchy":1,"Components":[{"Type":0,"Enabled":1,"Position":[-17.286500930786134,6.917709827423096,19.19027328491211],"Rotation":[0.0,0.0,0.0,1.0],"Euler":[-0.0,0.0,-0.0],"Scale":[1.0,1.0,1.0],"Global":[0.9512237906455994,-0.020618654787540437,-0.3078117072582245,-24.323335647583009,0.30754554271698,0.1418645679950714,0.9408987164497376,62.14698791503906,0.02426750399172306,-0.9896713495254517,0.14128613471984864,-5.224707126617432,0.0,0.0,0.0,1.0]}]},{"UID":1945891048,"ParentUID":2127046039,"Name":"RightUpperArm_$AssimpFbx$_PreRotation","Static":0,"ActiveInHierarchy":1,"ActiveSelf":1,"isBoneRoot":0,"baseState":[1.0,0.0,0.0,0.0,0.0,1.0,0.0,0.0,0.0,0.0,1.0,0.0,0.0,0.0,0.0,1.0],"Navigable":0,"Walkable":0,"No Walkable":0,"openInHierarchy":1,"Components":[{"Type":0,"Enabled":1,"Position":[0.0,0.0,0.0],"Rotation":[0.7071068286895752,-3.090862321641907e-8,0.7071068286895752,3.090862321641907e-8],"Euler":[180.0,90.0,0.0],"Scale":[1.0,1.0,1.0],"Global":[-0.3078117370605469,0.02061857096850872,0.9512237906455994,-24.323335647583009,0.9408987164497376,-0.1418645977973938,0.30754557251930239,62.14698791503906,0.14128613471984864,0.9896713495254517,0.024267595261335374,-5.224707126617432,0.0,0.0,0.0,1.0]}]},{"UID":3308965692,"ParentUID":1945891048,"Name":"RightUpperArm_$AssimpFbx$_Rotation","Static":0,"ActiveInHierarchy":1,"ActiveSelf":1,"isBoneRoot":0,"baseState":[1.0,0.0,0.0,0.0,0.0,1.0,0.0,0.0,0.0,0.0,1.0,0.0,0.0,0.0,0.0,1.0],"Navigable":0,"Walkable":0,"No Walkable":0,"openInHierarchy":1,"Components":[{"Type":0,"Enabled":1,"Position":[0.0,0.0,0.0],"Rotation":[0.556762158870697,0.0841188132762909,-0.057206135243177417,0.8244194388389587],"Euler":[68.47462463378906,4.3011040687561039,-10.866599082946778],"Scale":[0.9999999403953552,1.0,0.9999999403953552],"Global":[-0.4939810037612915,0.8139137625694275,0.30582183599472048,-24.323335647583009,0.8592709898948669,0.4032672643661499,0.3146887719631195,62.14698791503906,0.1328015923500061,0.41823410987854006,-0.8985788822174072,-5.224707126617432,0.0,0.0,0.0,1.0]}]},{"UID":3518988709,"ParentUID":3308965692,"Name":"RightUpperArm","Static":0,"ActiveInHierarchy":1,"ActiveSelf":1,"isBoneRoot":0,"baseState":[1.0,0.0,0.0,0.0,0.0,1.0,0.0,0.0,0.0,0.0,1.0,0.0,0.0,0.0,0.0,1.0],"Navigable":0,"Walkable":0,"No Walkable":0,"openInHierarchy":1,"Components":[{"Type":0,"Enabled":1,"Position":[0.0,0.0,0.0],"Rotation":[0.0,0.0,0.0,1.0],"Euler":[-0.0,0.0,-0.0],"Scale":[1.0,1.0,1.0],"Global":[-0.4939810037612915,0.8139137625694275,0.30582183599472048,-24.323335647583009,0.8592709898948669,0.4032672643661499,0.3146887719631195,62.14698791503906,0.1328015923500061,0.41823410987854006,-0.8985788822174072,-5.224707126617432,0.0,0.0,0.0,1.0]}]},{"UID":3587442729,"ParentUID":3518988709,"Name":"RightLowerArm","Static":0,"ActiveInHierarchy":1,"ActiveSelf":1,"isBoneRoot":0,"baseState":[1.0,0.0,0.0,0.0,0.0,1.0,0.0,0.0,0.0,0.0,1.0,0.0,0.0,0.0,0.0,1.0],"Navigable":0,"Walkable":0,"No Walkable":0,"openInHierarchy":1,"Components":[{"Type":0,"Enabled":1,"Position":[-2.1316282072803007e-14,-3.552713678800501e-15,-25.116100311279298],"Rotation":[-0.0197119303047657,0.03358307480812073,0.006860698107630014,0.9992179870605469],"Euler":[-2.2891838550567629,3.8326873779296877,0.8633849620819092],"Scale":[1.0,0.9999999403953552,0.9999999403953552],"Global":[-0.5033460855484009,0.8087250590324402,0.30431267619132998,-32.00438690185547,0.8410420417785645,0.37774553894996645,0.38724249601364138,54.24323272705078,0.19821998476982118,0.4508567452430725,-0.8703085780143738,17.344091415405275,0.0,0.0,0.0,1.0]}]},{"UID":3804160126,"ParentUID":3587442729,"Name":"RightWrist","Static":0,"ActiveInHierarchy":1,"ActiveSelf":1,"isBoneRoot":0,"baseState":[1.0,0.0,0.0,0.0,0.0,1.0,0.0,0.0,0.0,0.0,1.0,0.0,0.0,0.0,0.0,1.0],"Navigable":0,"Walkable":0,"No Walkable":0,"openInHierarchy":1,"Components":[{"Type":0,"Enabled":1,"Position":[-1.4210854715202005e-14,-6.217248937900877e-15,-23.802900314331056],"Rotation":[0.0,0.0,0.0,1.0],"Euler":[-0.0,0.0,-0.0],"Scale":[1.0,1.0,1.0],"Global":[-0.5033460855484009,0.8087250590324402,0.30431267619132998,-39.24790954589844,0.8410420417785645,0.37774553894996645,0.38724249601364138,45.02573776245117,0.19821998476982118,0.4508567452430725,-0.8703085780143738,38.059959411621097,0.0,0.0,0.0,1.0]}]},{"UID":2533514686,"ParentUID":3804160126,"Name":"RightWristEnd","Static":0,"ActiveInHierarchy":1,"ActiveSelf":1,"isBoneRoot":0,"baseState":[1.0,0.0,0.0,0.0,0.0,1.0,0.0,0.0,0.0,0.0,1.0,0.0,0.0,0.0,0.0,1.0],"Navigable":0,"Walkable":0,"No Walkable":0,"openInHierarchy":1,"Components":[{"Type":0,"Enabled":1,"Position":[-7.105427357601002e-15,-2.6645352591003758e-15,-10.998499870300293],"Rotation":[0.0,0.0,0.0,1.0],"Euler":[-0.0,0.0,-0.0],"Scale":[1.0,1.0,1.0],"Global":[-0.5033460855484009,0.8087250590324402,0.30431267619132998,-42.59489440917969,0.8410420417785645,0.37774553894996645,0.38724249601364138,40.76665115356445,0.19821998476982118,0.4508567452430725,-0.8703085780143738,47.632049560546878,0.0,0.0,0.0,1.0]}]},{"UID":2102929325,"ParentUID":3650037934,"Name":"LeftUpperArmIK_$AssimpFbx$_Translation","Static":0,"ActiveInHierarchy":1,"ActiveSelf":1,"isBoneRoot":0,"baseState":[1.0,0.0,0.0,0.0,0.0,1.0,0.0,0.0,0.0,0.0,1.0,0.0,0.0,0.0,0.0,1.0],"Navigable":0,"Walkable":0,"No Walkable":0,"openInHierarchy":1,"Components":[{"Type":0,"Enabled":1,"Position":[17.286542892456056,6.917708873748779,19.190275192260743],"Rotation":[0.0,0.0,0.0,1.0],"Euler":[-0.0,0.0,-0.0],"Scale":[1.0,1.0,1.0],"Global":[0.9512237906455994,-0.020618654787540437,-0.3078117072582245,8.563364028930664,0.30754554271698,0.1418645679950714,0.9408987164497376,72.77976989746094,0.02426750399172306,-0.9896713495254517,0.14128613471984864,-4.385704040527344,0.0,0.0,0.0,1.0]}]},{"UID":1918900952,"ParentUID":2102929325,"Name":"LeftUpperArmIK_$AssimpFbx$_PreRotation","Static":0,"ActiveInHierarchy":1,"ActiveSelf":1,"isBoneRoot":0,"baseState":[1.0,0.0,0.0,0.0,0.0,1.0,0.0,0.0,0.0,0.0,1.0,0.0,0.0,0.0,0.0,1.0],"Navigable":0,"Walkable":0,"No Walkable":0,"openInHierarchy":1,"Components":[{"Type":0,"Enabled":1,"Position":[0.0,0.0,0.0],"Rotation":[0.0,0.7071068286895752,0.0,0.7071068286895752],"Euler":[0.0,90.0,0.0],"Scale":[1.0,1.0,1.0],"Global":[0.3078116774559021,-0.020618654787540437,0.9512237906455994,8.563364028930664,-0.9408987164497376,0.1418645679950714,0.3075455129146576,72.77976989746094,-0.14128613471984864,-0.9896713495254517,0.024267498403787614,-4.385704040527344,0.0,0.0,0.0,1.0]}]},{"UID":2944962391,"ParentUID":1918900952,"Name":"LeftUpperArmIK_$AssimpFbx$_Rotation","Static":0,"ActiveInHierarchy":1,"ActiveSelf":1,"isBoneRoot":0,"baseState":[1.0,0.0,0.0,0.0,0.0,1.0,0.0,0.0,0.0,0.0,1.0,0.0,0.0,0.0,0.0,1.0],"Navigable":0,"Walkable":0,"No Walkable":0,"openInHierarchy":1,"Components":[{"Type":0,"Enabled":1,"Position":[0.0,0.0,0.0],"Rotation":[0.31282681226730349,-0.010337792336940766,0.949738621711731,0.005395377054810524],"Euler":[1.6393359899520875,36.44820022583008,178.80923461914063],"Scale":[1.0,0.9999999403953552,1.0],"Global":[0.3177039623260498,-4.284083843231201e-8,0.9481898546218872,8.563364028930664,0.9400065541267395,-0.13109858334064485,-0.31496208906173708,72.77976989746094,0.12430637329816818,0.991369366645813,-0.04165051132440567,-4.385704040527344,0.0,0.0,0.0,1.0]}]},{"UID":311402354,"ParentUID":2944962391,"Name":"LeftUpperArmIK","Static":0,"ActiveInHierarchy":1,"ActiveSelf":1,"isBoneRoot":0,"baseState":[1.0,0.0,0.0,0.0,0.0,1.0,0.0,0.0,0.0,0.0,1.0,0.0,0.0,0.0,0.0,1.0],"Navigable":0,"Walkable":0,"No Walkable":0,"openInHierarchy":1,"Components":[{"Type":0,"Enabled":1,"Position":[0.0,0.0,0.0],"Rotation":[0.0,0.0,0.0,1.0],"Euler":[-0.0,0.0,-0.0],"Scale":[1.0,1.0,1.0],"Global":[0.3177039623260498,-4.284083843231201e-8,0.9481898546218872,8.563364028930664,0.9400065541267395,-0.13109858334064485,-0.31496208906173708,72.77976989746094,0.12430637329816818,0.991369366645813,-0.04165051132440567,-4.385704040527344,0.0,0.0,0.0,1.0]}]},{"UID":3205992944,"ParentUID":311402354,"Name":"LeftLowerArmIK","Static":0,"ActiveInHierarchy":1,"ActiveSelf":1,"isBoneRoot":0,"baseState":[1.0,0.0,0.0,0.0,0.0,1.0,0.0,0.0,0.0,0.0,1.0,0.0,0.0,0.0,0.0,1.0],"Navigable":0,"Walkable":0,"No Walkable":0,"openInHierarchy":1,"Components":[{"Type":0,"Enabled":1,"Position":[-1.5285317279343505e-15,1.5777218104420237e-30,25.116106033325197],"Rotation":[0.0,0.0,0.0,1.0],"Euler":[-0.0,0.0,-0.0],"Scale":[1.0,1.0,1.0],"Global":[0.3177039623260498,-4.284083843231201e-8,0.9481898546218872,32.37820053100586,0.9400065541267395,-0.13109858334064485,-0.31496208906173708,64.86914825439453,0.12430637329816818,0.991369366645813,-0.04165051132440567,-5.431802749633789,0.0,0.0,0.0,1.0]}]},{"UID":2624223362,"ParentUID":3205992944,"Name":"LeftWristIK","Static":0,"ActiveInHierarchy":1,"ActiveSelf":1,"isBoneRoot":0,"baseState":[1.0,0.0,0.0,0.0,0.0,1.0,0.0,0.0,0.0,0.0,1.0,0.0,0.0,0.0,0.0,1.0],"Navigable":0,"Walkable":0,"No Walkable":0,"openInHierarchy":1,"Components":[{"Type":0,"Enabled":1,"Position":[3.899229436511373e-14,-1.262177448353619e-29,23.802845001220704],"Rotation":[0.16060243546962739,0.010572974570095539,0.9848307371139526,0.06483491510152817],"Euler":[0.000006640630090259947,18.524093627929689,172.46688842773438],"Scale":[1.0,1.0,1.0],"Global":[-5.960464477539063e-7,-1.4901161193847657e-7,0.9999999403953552,54.94781494140625,-1.000000238418579,-3.5762786865234377e-7,-6.556510925292969e-7,57.372154235839847,3.501772880554199e-7,-1.0000001192092896,-1.4901161193847657e-7,-6.423203468322754,0.0,0.0,0.0,1.0]}]},{"UID":1949159847,"ParentUID":3650037934,"Name":"LeftUpperArmFK_$AssimpFbx$_Translation","Static":0,"ActiveInHierarchy":1,"ActiveSelf":1,"isBoneRoot":0,"baseState":[1.0,0.0,0.0,0.0,0.0,1.0,0.0,0.0,0.0,0.0,1.0,0.0,0.0,0.0,0.0,1.0],"Navigable":0,"Walkable":0,"No Walkable":0,"openInHierarchy":1,"Components":[{"Type":0,"Enabled":1,"Position":[17.286542892456056,6.917708873748779,19.190275192260743],"Rotation":[0.0,0.0,0.0,1.0],"Euler":[-0.0,0.0,-0.0],"Scale":[1.0,1.0,1.0],"Global":[0.9512237906455994,-0.020618654787540437,-0.3078117072582245,8.563364028930664,0.30754554271698,0.1418645679950714,0.9408987164497376,72.77976989746094,0.02426750399172306,-0.9896713495254517,0.14128613471984864,-4.385704040527344,0.0,0.0,0.0,1.0]}]},{"UID":3387931486,"ParentUID":1949159847,"Name":"LeftUpperArmFK_$AssimpFbx$_PreRotation","Static":0,"ActiveInHierarchy":1,"ActiveSelf":1,"isBoneRoot":0,"baseState":[1.0,0.0,0.0,0.0,0.0,1.0,0.0,0.0,0.0,0.0,1.0,0.0,0.0,0.0,0.0,1.0],"Navigable":0,"Walkable":0,"No Walkable":0,"openInHierarchy":1,"Components":[{"Type":0,"Enabled":1,"Position":[0.0,0.0,0.0],"Rotation":[0.0,0.7071068286895752,0.0,0.7071068286895752],"Euler":[0.0,90.0,0.0],"Scale":[1.0,1.0,1.0],"Global":[0.3078116774559021,-0.020618654787540437,0.9512237906455994,8.563364028930664,-0.9408987164497376,0.1418645679950714,0.3075455129146576,72.77976989746094,-0.14128613471984864,-0.9896713495254517,0.024267498403787614,-4.385704040527344,0.0,0.0,0.0,1.0]}]},{"UID":22789760,"ParentUID":3387931486,"Name":"LeftUpperArmFK_$AssimpFbx$_Rotation","Static":0,"ActiveInHierarchy":1,"ActiveSelf":1,"isBoneRoot":0,"baseState":[1.0,0.0,0.0,0.0,0.0,1.0,0.0,0.0,0.0,0.0,1.0,0.0,0.0,0.0,0.0,1.0],"Navigable":0,"Walkable":0,"No Walkable":0,"openInHierarchy":1,"Components":[{"Type":0,"Enabled":1,"Position":[0.0,0.0,0.0],"Rotation":[0.5178340077400208,0.06993471086025238,0.013773245736956597,0.8525065779685974],"Euler":[62.74095153808594,7.672128200531006,-2.830857276916504],"Scale":[0.9999999403953552,0.9999999403953552,0.9999999403953552],"Global":[0.2028515487909317,0.8471940755844116,0.49103283882141116,8.563364028930664,-0.9500160813331604,0.2918039560317993,-0.11099545657634735,72.77976989746094,-0.23732005059719087,-0.44397348165512087,0.8640408515930176,-4.385704040527344,0.0,0.0,0.0,1.0]}]},{"UID":2427720595,"ParentUID":22789760,"Name":"LeftUpperArmFK","Static":0,"ActiveInHierarchy":1,"ActiveSelf":1,"isBoneRoot":0,"baseState":[1.0,0.0,0.0,0.0,0.0,1.0,0.0,0.0,0.0,0.0,1.0,0.0,0.0,0.0,0.0,1.0],"Navigable":0,"Walkable":0,"No Walkable":0,"openInHierarchy":1,"Components":[{"Type":0,"Enabled":1,"Position":[0.0,0.0,0.0],"Rotation":[0.0,0.0,0.0,1.0],"Euler":[-0.0,0.0,-0.0],"Scale":[1.0,1.0,1.0],"Global":[0.2028515487909317,0.8471940755844116,0.49103283882141116,8.563364028930664,-0.9500160813331604,0.2918039560317993,-0.11099545657634735,72.77976989746094,-0.23732005059719087,-0.44397348165512087,0.8640408515930176,-4.385704040527344,0.0,0.0,0.0,1.0]}]},{"UID":860022490,"ParentUID":2427720595,"Name":"LeftLowerArmFK","Static":0,"ActiveInHierarchy":1,"ActiveSelf":1,"isBoneRoot":0,"baseState":[1.0,0.0,0.0,0.0,0.0,1.0,0.0,0.0,0.0,0.0,1.0,0.0,0.0,0.0,0.0,1.0],"Navigable":0,"Walkable":0,"No Walkable":0,"openInHierarchy":1,"Components":[{"Type":0,"Enabled":1,"Position":[-1.5285317279343505e-15,1.5777218104420237e-30,25.116106033325197],"Rotation":[0.01157606765627861,-0.029623854905366899,-0.008396320044994355,0.9994588494300842],"Euler":[1.299706220626831,-3.405949831008911,-0.9240021109580994],"Scale":[1.0,1.0,1.0],"Global":[0.21664831042289735,0.8617196083068848,0.45880571007728579,20.896198272705079,-0.9598634243011475,0.2737679183483124,-0.06093747168779373,69.99199676513672,-0.17811733484268189,-0.42718881368637087,0.8864444494247437,17.315637588500978,0.0,0.0,0.0,1.0]}]},{"UID":2853344445,"ParentUID":860022490,"Name":"LeftWristFK","Static":0,"ActiveInHierarchy":1,"ActiveSelf"