{"GameObjects":[{"UID":537230318,"ParentUID":0,"Name":"RootNode","Static":0,"Components":[{"Type":0,"Enabled":1,"Position":[0.0,0.0,0.0],"Rotation":[0.0,0.0,0.0,1.0],"Euler":[-0.0,0.0,-0.0],"Scale":[1.0,1.0,1.0],"Global":[1.0,0.0,0.0,0.0,0.0,1.0,0.0,0.0,0.0,0.0,1.0,0.0,0.0,0.0,0.0,1.0]}]},{"UID":1084766846,"ParentUID":537230318,"Name":"Zombunny","Static":0,"Components":[{"Type":0,"Enabled":1,"Position":[0.0,0.0,0.0],"Rotation":[0.0,0.0,0.0,1.0],"Euler":[-0.0,0.0,-0.0],"Scale":[1.0,1.0,1.0],"Global":[1.0,0.0,0.0,0.0,0.0,1.0,0.0,0.0,0.0,0.0,1.0,0.0,0.0,0.0,0.0,1.0]},{"Type":1,"Enabled":1,"meshUID":986827377,"materialFile":"Default"}]},{"UID":1695606655,"ParentUID":537230318,"Name":"Zombunny","Static":0,"Components":[{"Type":0,"Enabled":1,"Position":[0.0,0.0,0.0],"Rotation":[0.0,0.0,0.0,1.0],"Euler":[-0.0,0.0,-0.0],"Scale":[1.0,1.0,1.0],"Global":[1.0,0.0,0.0,0.0,0.0,1.0,0.0,0.0,0.0,0.0,1.0,0.0,0.0,0.0,0.0,1.0]},{"Type":1,"Enabled":1,"meshUID":3534912604,"materialFile":"Default"}]},{"UID":1098143058,"ParentUID":537230318,"Name":"Ctrl_Grp","Static":0,"Components":[{"Type":0,"Enabled":1,"Position":[0.0,0.0,0.0],"Rotation":[0.0,0.0,0.0,1.0],"Euler":[-0.0,0.0,-0.0],"Scale":[1.0,1.0,1.0],"Global":[1.0,0.0,0.0,0.0,0.0,1.0,0.0,0.0,0.0,0.0,1.0,0.0,0.0,0.0,0.0,1.0]}]},{"UID":2771501927,"ParentUID":1098143058,"Name":"Root_$AssimpFbx$_PreRotation","Static":0,"Components":[{"Type":0,"Enabled":1,"Position":[0.0,0.0,0.0],"Rotation":[0.0,0.0,0.7071068286895752,0.7071068286895752],"Euler":[-0.0,0.0,90.00000762939453],"Scale":[1.0,1.0,1.0],"Global":[-4.371138828673793e-8,-1.0,0.0,0.0,1.0,-4.371138828673793e-8,0.0,0.0,0.0,0.0,1.0,0.0,0.0,0.0,0.0,1.0]}]},{"UID":1039264502,"ParentUID":2771501927,"Name":"Root","Static":0,"Components":[{"Type":0,"Enabled":1,"Position":[0.0,0.0,0.0],"Rotation":[0.0,0.0,0.0,1.0],"Euler":[-0.0,0.0,-0.0],"Scale":[1.0,1.0,1.0],"Global":[-4.371138828673793e-8,-1.0,0.0,0.0,1.0,-4.371138828673793e-8,0.0,0.0,0.0,0.0,1.0,0.0,0.0,0.0,0.0,1.0]}]},{"UID":2724284083,"ParentUID":1039264502,"Name":"Hips_$AssimpFbx$_Translation","Static":0,"Components":[{"Type":0,"Enabled":1,"Position":[29.099836349487306,0.2726428508758545,0.0208236463367939],"Rotation":[0.0,0.0,0.0,1.0],"Euler":[-0.0,0.0,-0.0],"Scale":[1.0,1.0,1.0],"Global":[-4.371138828673793e-8,-1.0,0.0,-0.27264413237571719,1.0,-4.371138828673793e-8,0.0,29.099836349487306,0.0,0.0,1.0,0.0208236463367939,0.0,0.0,0.0,1.0]}]},{"UID":4032370091,"ParentUID":2724284083,"Name":"Hips_$AssimpFbx$_PreRotation","Static":0,"Components":[{"Type":0,"Enabled":1,"Position":[0.0,0.0,0.0],"Rotation":[-0.5,0.5,-0.5,0.5],"Euler":[-90.0,90.0,0.0],"Scale":[1.0,1.0,1.0],"Global":[1.0,0.0,0.0,-0.27264413237571719,0.0,-4.371138828673793e-8,1.0,29.099836349487306,0.0,-1.0,-4.371138828673793e-8,0.0208236463367939,0.0,0.0,0.0,1.0]}]},{"UID":4046343217,"ParentUID":4032370091,"Name":"Hips_$AssimpFbx$_Rotation","Static":0,"Components":[{"Type":0,"Enabled":1,"Position":[0.0,0.0,0.0],"Rotation":[-0.017559213563799859,-0.041035160422325137,-0.010639498941600323,0.9989467263221741],"Euler":[-2.0673911571502687,-4.681128025054932,-1.3049461841583253],"Scale":[0.9999999403953552,1.0,1.0],"Global":[0.9964057803153992,0.022697674110531808,-0.08161024004220963,-0.27264413237571719,0.08235751837491989,-0.03420829400420189,0.9960156083106995,29.099836349487306,0.019815489649772645,-0.9991569519042969,-0.03595466911792755,0.0208236463367939,0.0,0.0,0.0,1.0]}]},{"UID":2867566761,"ParentUID":4046343217,"Name":"Hips","Static":0,"Components":[{"Type":0,"Enabled":1,"Position":[0.0,0.0,0.0],"Rotation":[0.0,0.0,0.0,1.0],"Euler":[-0.0,0.0,-0.0],"Scale":[1.0,1.0,1.0],"Global":[0.9964057803153992,0.022697674110531808,-0.08161024004220963,-0.27264413237571719,0.08235751837491989,-0.03420829400420189,0.9960156083106995,29.099836349487306,0.019815489649772645,-0.9991569519042969,-0.03595466911792755,0.0208236463367939,0.0,0.0,0.0,1.0]}]},{"UID":2825678660,"ParentUID":2867566761,"Name":"Spine","Static":0,"Components":[{"Type":0,"Enabled":1,"Position":[0.02581339329481125,-0.0059600998647511009,19.40102767944336],"Rotation":[0.09070306271314621,-0.1147945299744606,0.0038652897346764805,0.9892322421073914],"Euler":[10.669782638549805,-13.086140632629395,1.675044059753418],"Scale":[1.0,1.0,1.0],"Global":[0.9512237906455994,-0.020618654787540437,-0.3078117072582245,-1.8303813934326172,0.30754554271698,0.1418645679950714,0.9408987164497376,48.4258918762207,0.02426750399172306,-0.9896713495254517,0.14128613471984864,-0.6702672839164734,0.0,0.0,0.0,1.0]}]},{"UID":1792717669,"ParentUID":2825678660,"Name":"Head","Static":0,"Components":[{"Type":0,"Enabled":1,"Position":[5.3290705182007517e-15,8.881784197001253e-16,23.02861976623535],"Rotation":[0.118906170129776,0.059647705405950549,-0.03455062583088875,0.9905099272727966],"Euler":[13.953782081604004,6.312243938446045,-4.768755912780762],"Scale":[1.0,1.0,0.9999999403953552],"Global":[0.9822041392326355,-0.012624364346265793,-0.18739157915115357,-8.918859481811524,0.1780146360397339,0.3806825876235962,0.9074093699455261,70.09349060058594,0.059881240129470828,-0.9246196746826172,0.3761553168296814,2.583357334136963,0.0,0.0,0.0,1.0]}]},{"UID":436196345,"ParentUID":1792717669,"Name":"HeadEnd","Static":0,"Components":[{"Type":0,"Enabled":1,"Position":[1.6008797342230084e-14,4.002199335557521e-15,36.048606872558597],"Rotation":[0.0,0.0,0.0,1.0],"Euler":[-0.0,0.0,-0.0],"Scale":[1.0,1.0,1.0],"Global":[0.9822041392326355,-0.012624364346265793,-0.18739157915115357,-15.674064636230469,0.1780146360397339,0.3806825876235962,0.9074093699455261,102.80433654785156,0.059881240129470828,-0.9246196746826172,0.3761553168296814,16.143232345581056,0.0,0.0,0.0,1.0]}]},{"UID":183131846,"ParentUID":1792717669,"Name":"LeftEar_$AssimpFbx$_Translation","Static":0,"Components":[{"Type":0,"Enabled":1,"Position":[33.96649169921875,6.945112705230713,40.90422058105469],"Rotation":[0.0,0.0,0.0,1.0],"Euler":[-0.0,0.0,-0.0],"Scale":[1.0,1.0,1.0],"Global":[0.9822041392326355,-0.012624364346265793,-0.18739157915115357,16.690387725830079,0.1780146360397339,0.3806825876235962,0.9074093699455261,115.9007797241211,0.059881240129470828,-0.9246196746826172,0.3761553168296814,13.58206558227539,0.0,0.0,0.0,1.0]}]},{"UID":518875971,"ParentUID":183131846,"Name":"LeftEar_$AssimpFbx$_PreRotation","Static":0,"Components":[{"Type":0,"Enabled":1,"Position":[0.0,0.0,0.0],"Rotation":[-0.07782649993896485,0.3654193580150604,0.030676344409585,0.9270764589309692],"Euler":[-13.023125648498536,42.28109359741211,8.844686508178711],"Scale":[1.0,0.9999999403953552,1.0],"Global":[0.845906138420105,-0.10134072601795197,0.5236150622367859,16.690387725830079,-0.4890034794807434,0.24450652301311494,0.837312638759613,115.9007797241211,-0.2128811627626419,-0.9643374681472778,0.15727362036705018,13.58206558227539,0.0,0.0,0.0,1.0]}]},{"UID":99732750,"ParentUID":518875971,"Name":"LeftEar_$AssimpFbx$_Rotation","Static":0,"Components":[{"Type":0,"Enabled":1,"Position":[0.0,0.0,0.0],"Rotation":[-0.049812376499176028,0.10687273740768433,-0.003810736583545804,0.9930168390274048],"Euler":[-5.762820243835449,12.276666641235352,0.1805378496646881],"Scale":[1.0,1.0,1.0],"Global":[0.7174640893936157,-0.15566658973693849,0.6789795160293579,16.690387725830079,-0.6596766114234924,0.16127508878707887,0.7340418100357056,115.9007797241211,-0.22376827895641328,-0.974555492401123,0.013019487261772156,13.58206558227539,0.0,0.0,0.0,1.0]}]},{"UID":3854169811,"ParentUID":99732750,"Name":"LeftEar","Static":0,"Components":[{"Type":0,"Enabled":1,"Position":[0.0,0.0,0.0],"Rotation":[0.0,0.0,0.0,1.0],"Euler":[-0.0,0.0,-0.0],"Scale":[1.0,1.0,1.0],"Global":[0.7174640893936157,-0.15566658973693849,0.6789795160293579,16.690387725830079,-0.6596766114234924,0.16127508878707887,0.7340418100357056,115.9007797241211,-0.22376827895641328,-0.974555492401123,0.013019487261772156,13.58206558227539,0.0,0.0,0.0,1.0]}]},{"UID":7882582,"ParentUID":3854169811,"Name":"LeftEarEnd","Static":0,"Components":[{"Type":0,"Enabled":1,"Position":[4.636124298996796e-15,3.019806626980426e-14,21.37394142150879],"Rotation":[0.0,0.0,0.0,1.0],"Euler":[-0.0,0.0,-0.0],"Scale":[1.0,1.0,1.0],"Global":[0.7174640893936157,-0.15566658973693849,0.6789795160293579,31.202856063842775,-0.6596766114234924,0.16127508878707887,0.7340418100357056,131.59014892578126,-0.22376827895641328,-0.974555492401123,0.013019487261772156,13.860342979431153,0.0,0.0,0.0,1.0]}]},{"UID":872335436,"ParentUID":1792717669,"Name":"RightEar_$AssimpFbx$_Translation","Static":0,"Components":[{"Type":0,"Enabled":1,"Position":[-33.96649932861328,6.945109844207764,40.90425491333008],"Rotation":[0.0,0.0,0.0,1.0],"Euler":[-0.0,0.0,-0.0],"Scale":[1.0,1.0,1.0],"Global":[0.9822041392326355,-0.012624364346265793,-0.18739157915115357,-50.03368377685547,0.1780146360397339,0.3806825876235962,0.9074093699455261,103.8077392578125,0.059881240129470828,-0.9246196746826172,0.3761553168296814,9.514167785644532,0.0,0.0,0.0,1.0]}]},{"UID":424523816,"ParentUID":872335436,"Name":"RightEar_$AssimpFbx$_PreRotation","Static":0,"Components":[{"Type":0,"Enabled":1,"Position":[0.0,0.0,0.0],"Rotation":[0.9270764589309692,-0.03067632019519806,0.3654193580150604,0.07782643288373947],"Euler":[166.97686767578126,42.28109359741211,8.844679832458496],"Scale":[1.0,0.9999999403953552,1.0],"Global":[0.5901848077774048,-0.12212486565113068,0.7979770302772522,-50.03368377685547,0.7492805123329163,-0.2850075364112854,-0.5977872610092163,103.8077392578125,0.3004341721534729,0.950713574886322,-0.07670131325721741,9.514167785644532,0.0,0.0,0.0,1.0]}]},{"UID":2593768459,"ParentUID":424523816,"Name":"RightEar_$AssimpFbx$_Rotation","Static":0,"Components":[{"Type":0,"Enabled":1,"Position":[0.0,0.0,0.0],"Rotation":[-0.05044253543019295,-0.06856859475374222,-0.022291842848062516,0.9961209893226624],"Euler":[-5.998259544372559,-7.721400260925293,-2.9691319465637209],"Scale":[1.0,0.9999999403953552,1.0],"Global":[0.6994298100471497,-0.16884106397628785,0.6944714188575745,-50.03368377685547,0.6691707372665405,-0.1865682154893875,-0.7193073630332947,103.8077392578125,0.25101491808891299,0.9678249359130859,-0.01750783994793892,9.514167785644532,0.0,0.0,0.0,1.0]}]},{"UID":3272009622,"ParentUID":2593768459,"Name":"RightEar","Static":0,"Components":[{"Type":0,"Enabled":1,"Position":[0.0,0.0,0.0],"Rotation":[0.0,0.0,0.0,1.0],"Euler":[-0.0,0.0,-0.0],"Scale":[1.0,1.0,1.0],"Global":[0.6994298100471497,-0.16884106397628785,0.6944714188575745,-50.03368377685547,0.6691707372665405,-0.1865682154893875,-0.7193073630332947,103.8077392578125,0.25101491808891299,0.9678249359130859,-0.01750783994793892,9.514167785644532,0.0,0.0,0.0,1.0]}]},{"UID":2591549822,"ParentUID":3272009622,"Name":"RightEarEnd","Static":0,"Components":[{"Type":0,"Enabled":1,"Position":[-0.00008285293006338179,-0.000009097042493522168,-21.373830795288087],"Rotation":[0.0,0.0,0.0,1.0],"Euler":[-0.0,0.0,-0.0],"Scale":[1.0,1.0,1.0],"Global":[0.6994298100471497,-0.16884106397628785,0.6944714188575745,-64.87725830078125,0.6691707372665405,-0.1865682154893875,-0.7193073630332947,119.18203735351563,0.25101491808891299,0.9678249359130859,-0.01750783994793892,9.888347625732422,0.0,0.0,0.0,1.0]}]},{"UID":39216467,"ParentUID":2825678660,"Name":"LeftUpperArm_$AssimpFbx$_Translation","Static":0,"Components":[{"Type":0,"Enabled":1,"Position":[17.286542892456056,6.917708873748779,19.190275192260743],"Rotation":[0.0,0.0,0.0,1.0],"Euler":[-0.0,0.0,-0.0],"Scale":[1.0,1.0,1.0],"Global":[0.9512237906455994,-0.020618654787540437,-0.3078117072582245,8.563364028930664,0.30754554271698,0.1418645679950714,0.9408987164497376,72.77976989746094,0.02426750399172306,-0.9896713495254517,0.14128613471984864,-4.385704040527344,0.0,0.0,0.0,1.0]}]},{"UID":2367847337,"ParentUID":39216467,"Name":"LeftUpperArm_$AssimpFbx$_PreRotation","Static":0,"Components":[{"Type":0,"Enabled":1,"Position":[0.0,0.0,0.0],"Rotation":[0.0,0.7071068286895752,0.0,0.7071068286895752],"Euler":[0.0,90.0,0.0],"Scale":[1.0,1.0,1.0],"Global":[0.3078116774559021,-0.020618654787540437,0.9512237906455994,8.563364028930664,-0.9408987164497376,0.1418645679950714,0.3075455129146576,72.77976989746094,-0.14128613471984864,-0.9896713495254517,0.024267498403787614,-4.385704040527344,0.0,0.0,0.0,1.0]}]},{"UID":786773962,"ParentUID":2367847337,"Name":"LeftUpperArm_$AssimpFbx$_Rotation","Static":0,"Components":[{"Type":0,"Enabled":1,"Position":[0.0,0.0,0.0],"Rotation":[0.5178340077400208,0.06993471086025238,0.013773245736956597,0.8525065779685974],"Euler":[62.74095153808594,7.672128200531006,-2.830857276916504],"Scale":[0.9999999403953552,0.9999999403953552,0.9999999403953552],"Global":[0.2028515487909317,0.8471940755844116,0.49103283882141116,8.563364028930664,-0.9500160813331604,0.2918039560317993,-0.11099545657634735,72.77976989746094,-0.23732005059719087,-0.44397348165512087,0.8640408515930176,-4.385704040527344,0.0,0.0,0.0,1.0]}]},{"UID":1401946994,"ParentUID":786773962,"Name":"LeftUpperArm","Static":0,"Components":[{"Type":0,"Enabled":1,"Position":[0.0,0.0,0.0],"Rotation":[0.0,0.0,0.0,1.0],"Euler":[-0.0,0.0,-0.0],"Scale":[1.0,1.0,1.0],"Global":[0.2028515487909317,0.8471940755844116,0.49103283882141116,8.563364028930664,-0.9500160813331604,0.2918039560317993,-0.11099545657634735,72.77976989746094,-0.23732005059719087,-0.44397348165512087,0.8640408515930176,-4.385704040527344,0.0,0.0,0.0,1.0]}]},{"UID":2956618459,"ParentUID":1401946994,"Name":"LeftLowerArm","Static":0,"Components":[{"Type":0,"Enabled":1,"Position":[-1.5285317279343505e-15,1.5777218104420237e-30,25.116106033325197],"Rotation":[0.01157606765627861,-0.029623854905366899,-0.008396320044994355,0.9994588494300842],"Euler":[1.299706220626831,-3.405949831008911,-0.9240021109580994],"Scale":[1.0,1.0,1.0],"Global":[0.21664831042289735,0.8617196083068848,0.45880571007728579,20.896198272705079,-0.9598634243011475,0.2737679183483124,-0.06093747168779373,69.99199676513672,-0.17811733484268189,-0.42718881368637087,0.8864444494247437,17.315637588500978,0.0,0.0,0.0,1.0]}]},{"UID":3577836768,"ParentUID":2956618459,"Name":"LeftWrist","Static":0,"Components":[{"Type":0,"Enabled":1,"Position":[3.899229436511373e-14,-1.262177448353619e-29,23.802845001220704],"Rotation":[0.0,-0.014149602502584458,0.0,0.9998999834060669],"Euler":[0.0,-1.6214791536331177,0.0],"Scale":[1.0,1.0,1.0],"Global":[0.22954408824443818,0.8617196083068848,0.4524916112422943,31.817079544067384,-0.961203396320343,0.2737679183483124,-0.03375242277979851,68.54151153564453,-0.15296286344528199,-0.42718881368637087,0.8911295533180237,38.41553497314453,0.0,0.0,0.0,1.0]}]},{"UID":342657125,"ParentUID":3577836768,"Name":"LeftWristEnd","Static":0,"Components":[{"Type":0,"Enabled":1,"Position":[-9.326514610792387e-15,6.310887241768095e-30,10.998556137084961],"Rotation":[0.0,0.0,0.0,1.0],"Euler":[-0.0,0.0,-0.0],"Scale":[1.0,1.0,1.0],"Global":[0.22954408824443818,0.8617196083068848,0.4524916112422943,36.7938346862793,-0.961203396320343,0.2737679183483124,-0.03375242277979851,68.17028045654297,-0.15296286344528199,-0.42718881368637087,0.8911295533180237,48.2166748046875,0.0,0.0,0.0,1.0]}]},{"UID":3296356915,"ParentUID":2825678660,"Name":"LeftUpperArmFK_$AssimpFbx$_Translation","Static":0,"Components":[{"Type":0,"Enabled":1,"Position":[17.286542892456056,6.917708873748779,19.190275192260743],"Rotation":[0.0,0.0,0.0,1.0],"Euler":[-0.0,0.0,-0.0],"Scale":[1.0,1.0,1.0],"Global":[0.9512237906455994,-0.020618654787540437,-0.3078117072582245,8.563364028930664,0.30754554271698,0.1418645679950714,0.9408987164497376,72.77976989746094,0.02426750399172306,-0.9896713495254517,0.14128613471984864,-4.385704040527344,0.0,0.0,0.0,1.0]}]},{"UID":449496285,"ParentUID":3296356915,"Name":"LeftUpperArmFK_$AssimpFbx$_PreRotation","Static":0,"Components":[{"Type":0,"Enabled":1,"Position":[0.0,0.0,0.0],"Rotation":[0.0,0.7071068286895752,0.0,0.7071068286895752],"Euler":[0.0,90.0,0.0],"Scale":[1.0,1.0,1.0],"Global":[0.3078116774559021,-0.020618654787540437,0.9512237906455994,8.563364028930664,-0.9408987164497376,0.1418645679950714,0.3075455129146576,72.77976989746094,-0.14128613471984864,-0.9896713495254517,0.024267498403787614,-4.385704040527344,0.0,0.0,0.0,1.0]}]},{"UID":3379845022,"ParentUID":449496285,"Name":"LeftUpperArmFK_$AssimpFbx$_Rotation","Static":0,"Components":[{"Type":0,"Enabled":1,"Position":[0.0,0.0,0.0],"Rotation":[0.5178340077400208,0.06993471086025238,0.013773245736956597,0.8525065779685974],"Euler":[62.74095153808594,7.672128200531006,-2.830857276916504],"Scale":[0.9999999403953552,0.9999999403953552,0.9999999403953552],"Global":[0.2028515487909317,0.8471940755844116,0.49103283882141116,8.563364028930664,-0.9500160813331604,0.2918039560317993,-0.11099545657634735,72.77976989746094,-0.23732005059719087,-0.44397348165512087,0.8640408515930176,-4.385704040527344,0.0,0.0,0.0,1.0]}]},{"UID":1582080127,"ParentUID":3379845022,"Name":"LeftUpperArmFK","Static":0,"Components":[{"Type":0,"Enabled":1,"Position":[0.0,0.0,0.0],"Rotation":[0.0,0.0,0.0,1.0],"Euler":[-0.0,0.0,-0.0],"Scale":[1.0,1.0,1.0],"Global":[0.2028515487909317,0.8471940755844116,0.49103283882141116,8.563364028930664,-0.9500160813331604,0.2918039560317993,-0.11099545657634735,72.77976989746094,-0.23732005059719087,-0.44397348165512087,0.8640408515930176,-4.385704040527344,0.0,0.0,0.0,1.0]}]},{"UID":1500657103,"ParentUID":1582080127,"Name":"LeftLowerArmFK","Static":0,"Components":[{"Type":0,"Enabled":1,"Position":[-1.5285317279343505e-15,1.5777218104420237e-30,25.116106033325197],"Rotation":[0.01157606765627861,-0.029623854905366899,-0.008396320044994355,0.9994588494300842],"Euler":[1.299706220626831,-3.405949831008911,-0.9240021109580994],"Scale":[1.0,1.0,1.0],"Global":[0.21664831042289735,0.8617196083068848,0.45880571007728579,20.896198272705079,-0.9598634243011475,0.2737679183483124,-0.06093747168779373,69.99199676513672,-0.17811733484268189,-0.42718881368637087,0.8864444494247437,17.315637588500978,0.0,0.0,0.0,1.0]}]},{"UID":3325292062,"ParentUID":1500657103,"Name":"LeftWristFK","Static":0,"Components":[{"Type":0,"Enabled":1,"Position":[3.899229436511373e-14,-1.262177448353619e-29,23.802845001220704],"Rotation":[0.0,-0.014149602502584458,0.0,0.9998999834060669],"Euler":[0.0,-1.6214791536331177,0.0],"Scale":[1.0,1.0,1.0],"Global":[0.22954408824443818,0.8617196083068848,0.4524916112422943,31.817079544067384,-0.961203396320343,0.2737679183483124,-0.03375242277979851,68.54151153564453,-0.15296286344528199,-0.42718881368637087,0.8911295533180237,38.41553497314453,0.0,0.0,0.0,1.0]}]},{"UID":3228691155,"ParentUID":2825678660,"Name":"LeftUpperArmIK_$AssimpFbx$_Translation","Static":0,"Components":[{"Type":0,"Enabled":1,"Position":[17.286542892456056,6.917708873748779,19.190275192260743],"Rotation":[0.0,0.0,0.0,1.0],"Euler":[-0.0,0.0,-0.0],"Scale":[1.0,1.0,1.0],"Global":[0.9512237906455994,-0.020618654787540437,-0.3078117072582245,8.563364028930664,0.30754554271698,0.1418645679950714,0.9408987164497376,72.77976989746094,0.02426750399172306,-0.9896713495254517,0.14128613471984864,-4.385704040527344,0.0,0.0,0.0,1.0]}]},{"UID":1422173402,"ParentUID":3228691155,"Name":"LeftUpperArmIK_$AssimpFbx$_PreRotation","Static":0,"Components":[{"Type":0,"Enabled":1,"Position":[0.0,0.0,0.0],"Rotation":[0.0,0.7071068286895752,0.0,0.7071068286895752],"Euler":[0.0,90.0,0.0],"Scale":[1.0,1.0,1.0],"Global":[0.3078116774559021,-0.020618654787540437,0.9512237906455994,8.563364028930664,-0.9408987164497376,0.1418645679950714,0.3075455129146576,72.77976989746094,-0.14128613471984864,-0.9896713495254517,0.024267498403787614,-4.385704040527344,0.0,0.0,0.0,1.0]}]},{"UID":4048115403,"ParentUID":1422173402,"Name":"LeftUpperArmIK_$AssimpFbx$_Rotation","Static":0,"Components":[{"Type":0,"Enabled":1,"Position":[0.0,0.0,0.0],"Rotation":[0.31282681226730349,-0.010337792336940766,0.949738621711731,0.005395377054810524],"Euler":[1.6393359899520875,36.44820022583008,178.80923461914063],"Scale":[1.0,0.9999999403953552,1.0],"Global":[0.3177039623260498,-4.284083843231201e-8,0.9481898546218872,8.563364028930664,0.9400065541267395,-0.13109858334064485,-0.31496208906173708,72.77976989746094,0.12430637329816818,0.991369366645813,-0.04165051132440567,-4.385704040527344,0.0,0.0,0.0,1.0]}]},{"UID":3670817926,"ParentUID":4048115403,"Name":"LeftUpperArmIK","Static":0,"Components":[{"Type":0,"Enabled":1,"Position":[0.0,0.0,0.0],"Rotation":[0.0,0.0,0.0,1.0],"Euler":[-0.0,0.0,-0.0],"Scale":[1.0,1.0,1.0],"Global":[0.3177039623260498,-4.284083843231201e-8,0.9481898546218872,8.563364028930664,0.9400065541267395,-0.13109858334064485,-0.31496208906173708,72.77976989746094,0.12430637329816818,0.991369366645813,-0.04165051132440567,-4.385704040527344,0.0,0.0,0.0,1.0]}]},{"UID":3349976238,"ParentUID":3670817926,"Name":"LeftLowerArmIK","Static":0,"Components":[{"Type":0,"Enabled":1,"Position":[-1.5285317279343505e-15,1.5777218104420237e-30,25.116106033325197],"Rotation":[0.0,0.0,0.0,1.0],"Euler":[-0.0,0.0,-0.0],"Scale":[1.0,1.0,1.0],"Global":[0.3177039623260498,-4.284083843231201e-8,0.9481898546218872,32.37820053100586,0.9400065541267395,-0.13109858334064485,-0.31496208906173708,64.86914825439453,0.12430637329816818,0.991369366645813,-0.04165051132440567,-5.431802749633789,0.0,0.0,0.0,1.0]}]},{"UID":3656950815,"ParentUID":3349976238,"Name":"LeftWristIK","Static":0,"Components":[{"Type":0,"Enabled":1,"Position":[3.899229436511373e-14,-1.262177448353619e-29,23.802845001220704],"Rotation":[0.16060243546962739,0.010572974570095539,0.9848307371139526,0.06483491510152817],"Euler":[0.000006640630090259947,18.524093627929689,172.46688842773438],"Scale":[1.0,1.0,1.0],"Global":[-5.960464477539063e-7,-1.4901161193847657e-7,0.9999999403953552,54.94781494140625,-1.000000238418579,-3.5762786865234377e-7,-6.556510925292969e-7,57.372154235839847,3.501772880554199e-7,-1.0000001192092896,-1.4901161193847657e-7,-6.423203468322754,0.0,0.0,0.0,1.0]}]},{"UID":3017689742,"ParentUID":2825678660,"Name":"RightUpperArm_$AssimpFbx$_Translation","Static":0,"Components":[{"Type":0,"Enabled":1,"Position":[-17.286500930786134,6.917709827423096,19.19027328491211],"Rotation":[0.0,0.0,0.0,1.0],"Euler":[-0.0,0.0,-0.0],"Scale":[1.0,1.0,1.0],"Global":[0.9512237906455994,-0.020618654787540437,-0.3078117072582245,-24.323335647583009,0.30754554271698,0.1418645679950714,0.9408987164497376,62.14698791503906,0.02426750399172306,-0.9896713495254517,0.14128613471984864,-5.224707126617432,0.0,0.0,0.0,1.0]}]},{"UID":2881773843,"ParentUID":3017689742,"Name":"RightUpperArm_$AssimpFbx$_PreRotation","Static":0,"Components":[{"Type":0,"Enabled":1,"Position":[0.0,0.0,0.0],"Rotation":[0.7071068286895752,-3.090862321641907e-8,0.7071068286895752,3.090862321641907e-8],"Euler":[180.0,90.0,0.0],"Scale":[1.0,1.0,1.0],"Global":[-0.3078117370605469,0.02061857096850872,0.9512237906455994,-24.323335647583009,0.9408987164497376,-0.1418645977973938,0.30754557251930239,62.14698791503906,0.14128613471984864,0.9896713495254517,0.024267595261335374,-5.224707126617432,0.0,0.0,0.0,1.0]}]},{"UID":1193915193,"ParentUID":2881773843,"Name":"RightUpperArm_$AssimpFbx$_Rotation","Static":0,"Components":[{"Type":0,"Enabled":1,"Position":[0.0,0.0,0.0],"Rotation":[0.556762158870697,0.0841188132762909,-0.057206135243177417,0.8244194388389587],"Euler":[68.47462463378906,4.3011040687561039,-10.866599082946778],"Scale":[0.9999999403953552,1.0,0.9999999403953552],"Global":[-0.4939810037612915,0.8139137625694275,0.30582183599472048,-24.323335647583009,0.8592709898948669,0.4032672643661499,0.3146887719631195,62.14698791503906,0.1328015923500061,0.41823410987854006,-0.8985788822174072,-5.224707126617432,0.0,0.0,0.0,1.0]}]},{"UID":3640979454,"ParentUID":1193915193,"Name":"RightUpperArm","Static":0,"Components":[{"Type":0,"Enabled":1,"Position":[0.0,0.0,0.0],"Rotation":[0.0,0.0,0.0,1.0],"Euler":[-0.0,0.0,-0.0],"Scale":[1.0,1.0,1.0],"Global":[-0.4939810037612915,0.8139137625694275,0.30582183599472048,-24.323335647583009,0.8592709898948669,0.4032672643661499,0.3146887719631195,62.14698791503906,0.1328015923500061,0.41823410987854006,-0.8985788822174072,-5.224707126617432,0.0,0.0,0.0,1.0]}]},{"UID":455147857,"ParentUID":3640979454,"Name":"RightLowerArm","Static":0,"Components":[{"Type":0,"Enabled":1,"Position":[-2.1316282072803007e-14,-3.552713678800501e-15,-25.116100311279298],"Rotation":[-0.0197119303047657,0.03358307480812073,0.006860698107630014,0.9992179870605469],"Euler":[-2.2891838550567629,3.8326873779296877,0.8633849620819092],"Scale":[1.0,0.9999999403953552,0.9999999403953552],"Global":[-0.5033460855484009,0.8087250590324402,0.30431267619132998,-32.00438690185547,0.8410420417785645,0.37774553894996645,0.38724249601364138,54.24323272705078,0.19821998476982118,0.4508567452430725,-0.8703085780143738,17.344091415405275,0.0,0.0,0.0,1.0]}]},{"UID":752566130,"ParentUID":455147857,"Name":"RightWrist","Static":0,"Components":[{"Type":0,"Enabled":1,"Position":[-1.4210854715202005e-14,-6.217248937900877e-15,-23.802900314331056],"Rotation":[0.0,0.0,0.0,1.0],"Euler":[-0.0,0.0,-0.0],"Scale":[1.0,1.0,1.0],"Global":[-0.5033460855484009,0.8087250590324402,0.30431267619132998,-39.24790954589844,0.8410420417785645,0.37774553894996645,0.38724249601364138,45.02573776245117,0.19821998476982118,0.4508567452430725,-0.8703085780143738,38.059959411621097,0.0,0.0,0.0,1.0]}]},{"UID":345892214,"ParentUID":752566130,"Name":"RightWristEnd","Static":0,"Components":[{"Type":0,"Enabled":1,"Position":[-7.105427357601002e-15,-2.6645352591003758e-15,-10.998499870300293],"Rotation":[0.0,0.0,0.0,1.0],"Euler":[-0.0,0.0,-0.0],"Scale":[1.0,1.0,1.0],"Global":[-0.5033460855484009,0.8087250590324402,0.30431267619132998,-42.59489440917969,0.8410420417785645,0.37774553894996645,0.38724249601364138,40.76665115356445,0.19821998476982118,0.4508567452430725,-0.8703085780143738,47.632049560546878,0.0,0.0,0.0,1.0]}]},{"UID":3046003231,"ParentUID":2825678660,"Name":"RightUpperArmFK_$AssimpFbx$_Translation","Static":0,"Components":[{"Type":0,"Enabled":1,"Position":[-17.286500930786134,6.917709827423096,19.19027328491211],"Rotation":[0.0,0.0,0.0,1.0],"Euler":[-0.0,0.0,-0.0],"Scale":[1.0,1.0,1.0],"Global":[0.9512237906455994,-0.020618654787540437,-0.3078117072582245,-24.323335647583009,0.30754554271698,0.1418645679950714,0.9408987164497376,62.14698791503906,0.02426750399172306,-0.9896713495254517,0.14128613471984864,-5.224707126617432,0.0,0.0,0.0,1.0]}]},{"UID":3500598755,"ParentUID":3046003231,"Name":"RightUpperArmFK_$AssimpFbx$_PreRotation","Static":0,"Components":[{"Type":0,"Enabled":1,"Position":[0.0,0.0,0.0],"Rotation":[0.7071068286895752,-3.090862321641907e-8,0.7071068286895752,3.090862321641907e-8],"Euler":[180.0,90.0,0.0],"Scale":[1.0,1.0,1.0],"Global":[-0.3078117370605469,0.02061857096850872,0.9512237906455994,-24.323335647583009,0.9408987164497376,-0.1418645977973938,0.30754557251930239,62.14698791503906,0.14128613471984864,0.9896713495254517,0.024267595261335374,-5.224707126617432,0.0,0.0,0.0,1.0]}]},{"UID":3574250397,"ParentUID":3500598755,"Name":"RightUpperArmFK_$AssimpFbx$_Rotation","Static":0,"Components":[{"Type":0,"Enabled":1,"Position":[0.0,0.0,0.0],"Rotation":[0.556762158870697,0.0841188132762909,-0.057206135243177417,0.8244194388389587],"Euler":[68.47462463378906,4.3011040687561039,-10.866599082946778],"Scale":[0.9999999403953552,1.0,0.9999999403953552],"Global":[-0.4939810037612915,0.8139137625694275,0.30582183599472048,-24.323335647583009,0.8592709898948669,0.4032672643661499,0.3146887719631195,62.14698791503906,0.1328015923500061,0.41823410987854006,-0.8985788822174072,-5.224707126617432,0.0,0.0,0.0,1.0]}]},{"UID":1122333678,"ParentUID":3574250397,"Name":"RightUpperArmFK","Static":0,"Components":[{"Type":0,"Enabled":1,"Position":[0.0,0.0,0.0],"Rotation":[0.0,0.0,0.0,1.0],"Euler":[-0.0,0.0,-0.0],"Scale":[1.0,1.0,1.0],"Global":[-0.4939810037612915,0.8139137625694275,0.30582183599472048,-24.323335647583009,0.8592709898948669,0.4032672643661499,0.3146887719631195,62.14698791503906,0.1328015923500061,0.41823410987854006,-0.8985788822174072,-5.224707126617432,0.0,0.0,0.0,1.0]}]},{"UID":1105994367,"ParentUID":1122333678,"Name":"RightLowerArmFK","Static":0,"Components":[{"Type":0,"Enabled":1,"Position":[-2.1316282072803007e-14,-3.552713678800501e-15,-25.116100311279298],"Rotation":[-0.0197119303047657,0.03358307480812073,0.006860698107630014,0.9992179870605469],"Euler":[-2.2891838550567629,3.8326873779296877,0.8633849620819092],"Scale":[1.0,0.9999999403953552,0.9999999403953552],"Global":[-0.5033460855484009,0.8087250590324402,0.30431267619132998,-32.00438690185547,0.8410420417785645,0.37774553894996645,0.38724249601364138,54.24323272705078,0.19821998476982118,0.4508567452430725,-0.8703085780143738,17.344091415405275,0.0,0.0,0.0,1.0]}]},{"UID":22558347,"ParentUID":1105994367,"Name":"RightWristFK","Static":0,"Components":[{"Type":0,"Enabled":1,"Position":[-1.4210854715202005e-14,-6.217248937900877e-15,-23.802900314331056],"Rotation":[0.0,0.0,0.0,1.0],"Euler":[-0.0,0.0,-0.0],"Scale":[1.0,1.0,1.0],"Global":[-0.5033460855484009,0.8087250590324402,0.30431267619132998,-39.24790954589844,0.8410420417785645,0.37774553894996645,0.38724249601364138,45.02573776245117,0.19821998476982118,0.4508567452430725,-0.8703085780143738,38.059959411621097,0.0,0.0,0.0,1.0]}]},{"UID":3467346208,"ParentUID":2825678660,"Name":"RightUpperArmIK_$AssimpFbx$_Translation","Static":0,"Components":[{"Type":0,"Enabled":1,"Position":[-17.286500930786134,6.917709827423096,19.19027328491211],"Rotation":[0.0,0.0,0.0,1.0],"Euler":[-0.0,0.0,-0.0],"Scale":[1.0,1.0,1.0],"Global":[0.9512237906455994,-0.020618654787540437,-0.3078117072582245,-24.323335647583009,0.30754554271698,0.1418645679950714,0.9408987164497376,62.14698791503906,0.02426750399172306,-0.9896713495254517,0.14128613471984864,-5.224707126617432,0.0,0.0,0.0,1.0]}]},{"UID":1107397179,"ParentUID":3467346208,"Name":"RightUpperArmIK_$AssimpFbx$_PreRotation","Static":0,"Components":[{"Type":0,"Enabled":1,"Position":[0.0,0.0,0.0],"Rotation":[0.7071068286895752,-3.090862321641907e-8,0.7071068286895752,3.090862321641907e-8],"Euler":[180.0,90.0,0.0],"Scale":[1.0,1.0,1.0],"Global":[-0.3078117370605469,0.02061857096850872,0.9512237906455994,-24.323335647583009,0.9408987164497376,-0.1418645977973938,0.30754557251930239,62.14698791503906,0.14128613471984864,0.9896713495254517,0.024267595261335374,-5.224707126617432,0.0,0.0,0.0,1.0]}]},{"UID":1247979439,"ParentUID":1107397179,"Name":"RightUpperArmIK_$AssimpFbx$_Rotation","Static":0,"Components":[{"Type":0,"Enabled":1,"Position":[0.0,0.0,0.0],"Rotation":[0.1907268911600113,0.02205159142613411,0.9812190532684326,-0.018606290221214296],"Euler":[-3.112774133682251,21.929725646972658,-177.22409057617188],"Scale":[1.0,1.0,1.0],"Global":[0.6414387226104736,5.587935447692871e-8,0.767174243927002,-24.323335647583009,-0.7524434328079224,0.19502483308315278,0.6291220188140869,62.14698791503906,-0.149617999792099,-0.9807983636856079,0.12509649991989137,-5.224707126617432,0.0,0.0,0.0,1.0]}]},{"UID":4099052707,"ParentUID":1247979439,"Name":"RightUpperArmIK","Static":0,"Components":[{"Type":0,"Enabled":1,"Position":[0.0,0.0,0.0],"Rotation":[0.0,0.0,0.0,1.0],"Euler":[-0.0,0.0,-0.0],"Scale":[1.0,1.0,1.0],"Global":[0.6414387226104736,5.587935447692871e-8,0.767174243927002,-24.323335647583009,-0.7524434328079224,0.19502483308315278,0.6291220188140869,62.14698791503906,-0.149617999792099,-0.9807983636856079,0.12509649991989137,-5.224707126617432,0.0,0.0,0.0,1.0]}]},{"UID":1166325827,"ParentUID":4099052707,"Name":"RightLowerArmIK","Static":0,"Components":[{"Type":0,"Enabled":1,"Position":[-2.1316282072803007e-14,-3.552713678800501e-15,-25.116100311279298],"Rotation":[0.0,0.4854694604873657,0.0,0.8742536306381226],"Euler":[-0.0,58.08646774291992,-0.0],"Scale":[1.0,1.0,1.0],"Global":[-0.3121241331100464,5.587935447692871e-8,0.9500412940979004,-43.591758728027347,-0.931799054145813,0.19502483308315278,-0.3061310350894928,46.34589385986328,-0.1852816343307495,-0.9807983636856079,-0.060871921479701999,-8.366643905639649,0.0,0.0,0.0,1.0]}]},{"UID":3884174680,"ParentUID":1166325827,"Name":"RightWristIK","Static":0,"Components":[{"Type":0,"Enabled":1,"Position":[-1.4210854715202005e-14,-6.217248937900877e-15,-23.802900314331056],"Rotation":[-0.157288059592247,-0.015486224554479123,0.9826798439025879,0.09675236791372299],"Euler":[0.000001011003746498318,-18.187294006347658,168.75381469726563],"Scale":[0.9999999403953552,1.0,1.0],"Global":[-8.940696716308594e-8,-9.685754776000977e-8,1.0,-66.20549774169922,1.0000001192092896,-2.421438694000244e-8,-5.960464477539063e-8,53.6327018737793,1.1175870895385743e-8,1.0000001192092896,7.450580596923828e-8,-6.917715549468994,0.0,0.0,0.0,1.0]}]},{"UID":3861346795,"ParentUID":2867566761,"Name":"LeftLeg_$AssimpFbx$_Translation","Static":0,"Components":[{"Type":0,"Enabled":1,"Position":[15.48828125,-12.964345932006836,0.01975155808031559],"Rotation":[0.0,0.0,0.0,1.0],"Euler":[-0.0,0.0,-0.0],"Scale":[1.0,1.0,1.0],"Global":[0.9964057803153992,0.022697674110531808,-0.08161024004220963,14.864097595214844,0.08235751837491989,-0.03420829400420189,0.9960156083106995,30.838573455810548,0.019815489649772645,-0.9991569519042969,-0.03595466911792755,13.280437469482422,0.0,0.0,0.0,1.0]}]},{"UID":2385158281,"ParentUID":3861346795,"Name":"LeftLeg_$AssimpFbx$_PreRotation","Static":0,"Components":[{"Type":0,"Enabled":1,"Position":[0.0,0.0,0.0],"Rotation":[0.9999510049819946,4.3272238570146728e-10,0.009899534285068512,-4.370924600038961e-8],"Euler":[-179.99998474121095,1.134421467781067,-9.91872397548832e-8],"Scale":[1.0,1.0,1.0],"Global":[0.9945948123931885,-0.02269766479730606,0.10132118314504624,14.864097595214844,0.10206059366464615,0.034208208322525027,-0.9941898584365845,30.838573455810548,0.019099771976470948,0.9991569519042969,0.03633984178304672,13.280437469482422,0.0,0.0,0.0,1.0]}]},{"UID":1595223927,"ParentUID":2385158281,"Name":"LeftLeg","Static":0,"Components":[{"Type":0,"Enabled":1,"Position":[0.0,0.0,0.0],"Rotation":[0.0,0.0,0.0,1.0],"Euler":[-0.0,0.0,-0.0],"Scale":[1.0,1.0,1.0],"Global":[0.9945948123931885,-0.02269766479730606,0.10132118314504624,14.864097595214844,0.10206059366464615,0.034208208322525027,-0.9941898584365845,30.838573455810548,0.019099771976470948,0.9991569519042969,0.03633984178304672,13.280437469482422,0.0,0.0,0.0,1.0]}]},{"UID":1263860287,"ParentUID":1595223927,"Name":"LeftFoot_$AssimpFbx$_Translation","Static":0,"Components":[{"Type":0,"Enabled":1,"Position":[4.864466667175293,7.756918907165527,12.021666526794434],"Rotation":[0.0,0.0,0.0,1.0],"Euler":[-0.0,0.0,-0.0],"Scale":[1.0,1.0,1.0],"Global":[0.9945948123931885,-0.02269766479730606,0.10132118314504624,20.7442569732666,0.10206059366464615,0.034208208322525027,-0.9941898584365845,19.648574829101564,0.019099771976470948,0.9991569519042969,0.03633984178304672,21.560592651367189,0.0,0.0,0.0,1.0]}]},{"UID":3274771521,"ParentUID":1263860287,"Name":"LeftFoot_$AssimpFbx$_PreRotation","Static":0,"Components":[{"Type":0,"Enabled":1,"Position":[0.0,0.0,0.0],"Rotation":[-0.5085271000862122,-0.008523808792233467,-0.0050344280898571018,0.8609890937805176],"Euler":[-61.13960266113281,-0.5476142168045044,-0.9935093522071838],"Scale":[1.0,1.0,1.0],"Global":[0.9964058995246887,-0.08242814242839813,0.019519656896591188,20.7442569732666,0.08235751837491989,0.8887830376625061,-0.4508681893348694,19.648574829101564,0.019815487787127496,0.4508552849292755,0.8923770785331726,21.560592651367189,0.0,0.0,0.0,1.0]}]},{"UID":933886820,"ParentUID":3274771521,"Name":"LeftFoot_$AssimpFbx$_Rotation","Static":0,"Components":[{"Type":0,"Enabled":1,"Position":[0.0,0.0,0.0],"Rotation":[0.0,0.0,0.0,1.0],"Euler":[-0.0,0.0,-0.0],"Scale":[1.0,1.0,1.0],"Global":[0.9964058995246887,-0.08242814242839813,0.019519656896591188,20.7442569732666,0.08235751837491989,0.8887830376625061,-0.4508681893348694,19.648574829101564,0.019815487787127496,0.4508552849292755,0.8923770785331726,21.560592651367189,0.0,0.0,0.0,1.0]}]},{"UID":1331785969,"ParentUID":933886820,"Name":"LeftFoot","Static":0,"Components":[{"Type":0,"Enabled":1,"Position":[0.0,0.0,0.0],"Rotation":[0.0,0.0,0.0,1.0],"Euler":[-0.0,0.0,-0.0],"Scale":[1.0,1.0,1.0],"Global":[0.9964058995246887,-0.08242814242839813,0.019519656896591188,20.7442569732666,0.08235751837491989,0.8887830376625061,-0.4508681893348694,19.648574829101564,0.019815487787127496,0.4508552849292755,0.8923770785331726,21.560592651367189,0.0,0.0,0.0,1.0]}]},{"UID":2460046628,"ParentUID":1331785969,"Name":"LeftFootEnd","Static":0,"Components":[{"Type":0,"Enabled":1,"Position":[-7.29076833085561e-15,0.0,5.998485565185547],"Rotation":[0.0,0.0,0.0,1.0],"Euler":[-0.0,0.0,-0.0],"Scale":[1.0,1.0,1.0],"Global":[0.9964058995246887,-0.08242814242839813,0.019519656896591188,20.861345291137697,0.08235751837491989,0.8887830376625061,-0.4508681893348694,16.944047927856447,0.019815487787127496,0.4508552849292755,0.8923770785331726,26.913503646850587,0.0,0.0,0.0,1.0]}]},{"UID":2816555742,"ParentUID":2867566761,"Name":"RightLeg_$AssimpFbx$_Translation","Static":0,"Components":[{"Type":0,"Enabled":1,"Position":[-15.488300323486329,-12.964300155639649,0.019738737493753434],"Rotation":[0.0,0.0,0.0,1.0],"Euler":[-0.0,0.0,-0.0],"Scale":[1.0,1.0,1.0],"Global":[0.9964057803153992,0.022697674110531808,-0.08161024004220963,-16.00114631652832,0.08235751837491989,-0.03420829400420189,0.9960156083106995,28.287405014038087,0.019815489649772645,-0.9991569519042969,-0.03595466911792755,12.666576385498047,0.0,0.0,0.0,1.0]}]},{"UID":1315161484,"ParentUID":2816555742,"Name":"RightLeg_$AssimpFbx$_PreRotation","Static":0,"Components":[{"Type":0,"Enabled":1,"Position":[0.0,0.0,0.0],"Rotation":[0.0,0.009899534285068512,0.0,0.9999510049819946],"Euler":[-0.0,1.134421467781067,-0.0],"Scale":[1.0,1.0,1.0],"Global":[0.9978262186050415,0.022697674110531808,-0.061867304146289828,-16.00114631652832,0.06262216717004776,-0.03420829400420189,0.9974509477615356,28.287405014038087,0.020523440092802049,-0.9991569519042969,-0.03555531054735184,12.666576385498047,0.0,0.0,0.0,1.0]}]},{"UID":3786867165,"ParentUID":1315161484,"Name":"RightLeg","Static":0,"Components":[{"Type":0,"Enabled":1,"Position":[0.0,0.0,0.0],"Rotation":[0.0,0.0,0.0,1.0],"Euler":[-0.0,0.0,-0.0],"Scale":[1.0,1.0,1.0],"Global":[0.9978262186050415,0.022697674110531808,-0.061867304146289828,-16.00114631652832,0.06262216717004776,-0.03420829400420189,0.9974509477615356,28.287405014038087,0.020523440092802049,-0.9991569519042969,-0.03555531054735184,12.666576385498047,0.0,0.0,0.0,1.0]}]},{"UID":1876251323,"ParentUID":3786867165,"Name":"RightFoot_$AssimpFbx$_Translation","Static":0,"Components":[{"Type":0,"Enabled":1,"Position":[-0.9827580451965332,9.173906326293946,-24.03310775756836],"Rotation":[0.0,0.0,0.0,1.0],"Euler":[-0.0,0.0,-0.0],"Scale":[1.0,1.0,1.0],"Global":[0.9978262186050415,0.022697674110531808,-0.061867304146289828,-15.286678314208985,0.06262216717004776,-0.03420829400420189,0.9974509477615356,3.9401931762695314,0.020523440092802049,-0.9991569519042969,-0.03555531054735184,4.334739685058594,0.0,0.0,0.0,1.0]}]},{"UID":2515899072,"ParentUID":1876251323,"Name":"RightFoot_$AssimpFbx$_PreRotation","Static":0,"Components":[{"Type":0,"Enabled":1,"Position":[0.0,0.0,0.0],"Rotation":[-0.5085271000862122,-0.008523808792233467,-0.0050344280898571018,0.8609890937805176],"Euler":[-61.13960266113281,-0.5476142168045044,-0.9935093522071838],"Scale":[1.0,1.0,1.0],"Global":[0.9964057803153992,0.08242814987897873,-0.01951964944601059,-15.286678314208985,0.08235752582550049,-0.8887831568717957,0.450868159532547,3.9401931762695314,0.019815491512417795,-0.45085519552230837,-0.8923771381378174,4.334739685058594,0.0,0.0,0.0,1.0]}]},{"UID":2925668687,"ParentUID":2515899072,"Name":"RightFoot_$AssimpFbx$_Rotation","Static":0,"Components":[{"Type":0,"Enabled":1,"Position":[0.0,0.0,0.0],"Rotation":[0.0,0.0,0.0,1.0],"Euler":[-0.0,0.0,-0.0],"Scale":[1.0,1.0,1.0],"Global":[0.9964057803153992,0.08242814987897873,-0.01951964944601059,-15.286678314208985,0.08235752582550049,-0.8887831568717957,0.450868159532547,3.9401931762695314,0.019815491512417795,-0.45085519552230837,-0.89