{"GameObjects":[{"UID":2460220885,"ParentUID":0,"Name":"Scene","isStatic":0,"isBoneRoot":1,"baseState":[1.0,0.0,0.0,0.0,0.0,1.0,0.0,0.0,0.0,0.0,1.0,0.0,0.0,0.0,0.0,1.0],"Components":[{"Type":0,"Enabled":1,"Position":[0.0,0.0,0.0],"Rotation":[0.0,0.0,0.0,1.0],"Euler":[-0.0,0.0,-0.0],"Scale":[1.0,1.0,1.0],"Global":[1.0,0.0,0.0,0.0,0.0,1.0,0.0,0.0,0.0,0.0,1.0,0.0,0.0,0.0,0.0,1.0],"isLocked":0},{"Type":4,"Enabled":1,"animUID":1703193615}]},{"UID":3108917062,"ParentUID":2460220885,"Name":"Ctrl_Grp","isStatic":0,"isBoneRoot":0,"baseState":[1.0,0.0,0.0,0.0,0.0,1.0,0.0,0.0,0.0,0.0,1.0,0.0,0.0,0.0,0.0,1.0],"Components":[{"Type":0,"Enabled":1,"Position":[0.0,0.0,0.0],"Rotation":[0.0,0.0,0.0,1.0],"Euler":[-0.0,0.0,-0.0],"Scale":[1.0,1.0,1.0],"Global":[1.0,0.0,0.0,0.0,0.0,1.0,0.0,0.0,0.0,0.0,1.0,0.0,0.0,0.0,0.0,1.0],"isLocked":0}]},{"UID":2899261507,"ParentUID":3108917062,"Name":"Root_$AssimpFbx$_PreRotation","isStatic":0,"isBoneRoot":0,"baseState":[1.0,0.0,0.0,0.0,0.0,1.0,0.0,0.0,0.0,0.0,1.0,0.0,0.0,0.0,0.0,1.0],"Components":[{"Type":0,"Enabled":1,"Position":[0.0,0.0,0.0],"Rotation":[0.0,0.0,0.7071068286895752,0.7071068286895752],"Euler":[-0.0,0.0,90.00000762939453],"Scale":[1.0,1.0,1.0],"Global":[-4.371138828673793e-8,-1.0,0.0,0.0,1.0,-4.371138828673793e-8,0.0,0.0,0.0,0.0,1.0,0.0,0.0,0.0,0.0,1.0],"isLocked":0}]},{"UID":3732545315,"ParentUID":2899261507,"Name":"Root","isStatic":0,"isBoneRoot":0,"baseState":[1.0,0.0,0.0,0.0,0.0,1.0,0.0,0.0,0.0,0.0,1.0,0.0,0.0,0.0,0.0,1.0],"Components":[{"Type":0,"Enabled":1,"Position":[0.0,0.0,0.0],"Rotation":[0.0,0.0,0.0,1.0],"Euler":[-0.0,0.0,-0.0],"Scale":[1.0,1.0,1.0],"Global":[-4.371138828673793e-8,-1.0,0.0,0.0,1.0,-4.371138828673793e-8,0.0,0.0,0.0,0.0,1.0,0.0,0.0,0.0,0.0,1.0],"isLocked":0}]},{"UID":1831302485,"ParentUID":3732545315,"Name":"Hips_$AssimpFbx$_Translation","isStatic":0,"isBoneRoot":0,"baseState":[1.0,0.0,0.0,0.0,0.0,1.0,0.0,0.0,0.0,0.0,1.0,0.0,0.0,0.0,0.0,1.0],"Components":[{"Type":0,"Enabled":1,"Position":[29.099836349487306,0.2726428508758545,0.0208236463367939],"Rotation":[0.0,0.0,0.0,1.0],"Euler":[-0.0,0.0,-0.0],"Scale":[1.0,1.0,1.0],"Global":[-4.371138828673793e-8,-1.0,0.0,-0.27264413237571719,1.0,-4.371138828673793e-8,0.0,29.099836349487306,0.0,0.0,1.0,0.0208236463367939,0.0,0.0,0.0,1.0],"isLocked":0}]},{"UID":1858019654,"ParentUID":1831302485,"Name":"Hips_$AssimpFbx$_PreRotation","isStatic":0,"isBoneRoot":0,"baseState":[1.0,0.0,0.0,0.0,0.0,1.0,0.0,0.0,0.0,0.0,1.0,0.0,0.0,0.0,0.0,1.0],"Components":[{"Type":0,"Enabled":1,"Position":[0.0,0.0,0.0],"Rotation":[-0.5,0.5,-0.5,0.5],"Euler":[-90.0,90.0,0.0],"Scale":[1.0,1.0,1.0],"Global":[1.0,0.0,0.0,-0.27264413237571719,0.0,-4.371138828673793e-8,1.0,29.099836349487306,0.0,-1.0,-4.371138828673793e-8,0.0208236463367939,0.0,0.0,0.0,1.0],"isLocked":0}]},{"UID":2099115220,"ParentUID":1858019654,"Name":"Hips_$AssimpFbx$_Rotation","isStatic":0,"isBoneRoot":0,"baseState":[1.0,0.0,0.0,0.0,0.0,1.0,0.0,0.0,0.0,0.0,1.0,0.0,0.0,0.0,0.0,1.0],"Components":[{"Type":0,"Enabled":1,"Position":[0.0,0.0,0.0],"Rotation":[-0.017559213563799859,-0.041035160422325137,-0.010639498941600323,0.9989467263221741],"Euler":[-2.0673911571502687,-4.681128025054932,-1.3049461841583253],"Scale":[0.9999999403953552,1.0,1.0],"Global":[0.9964057803153992,0.022697674110531808,-0.08161024004220963,-0.27264413237571719,0.08235751837491989,-0.03420829400420189,0.9960156083106995,29.099836349487306,0.019815489649772645,-0.9991569519042969,-0.03595466911792755,0.0208236463367939,0.0,0.0,0.0,1.0],"isLocked":0}]},{"UID":78954524,"ParentUID":2099115220,"Name":"Hips","isStatic":0,"isBoneRoot":0,"baseState":[1.0,0.0,0.0,0.0,0.0,1.0,0.0,0.0,0.0,0.0,1.0,0.0,0.0,0.0,0.0,1.0],"Components":[{"Type":0,"Enabled":1,"Position":[0.0,0.0,0.0],"Rotation":[0.0,0.0,0.0,1.0],"Euler":[-0.0,0.0,-0.0],"Scale":[1.0,1.0,1.0],"Global":[0.9964057803153992,0.022697674110531808,-0.08161024004220963,-0.27264413237571719,0.08235751837491989,-0.03420829400420189,0.9960156083106995,29.099836349487306,0.019815489649772645,-0.9991569519042969,-0.03595466911792755,0.0208236463367939,0.0,0.0,0.0,1.0],"isLocked":0}]},{"UID":2562735751,"ParentUID":78954524,"Name":"RightLeg_$AssimpFbx$_Translation","isStatic":0,"isBoneRoot":0,"baseState":[1.0,0.0,0.0,0.0,0.0,1.0,0.0,0.0,0.0,0.0,1.0,0.0,0.0,0.0,0.0,1.0],"Components":[{"Type":0,"Enabled":1,"Position":[-15.488300323486329,-12.964300155639649,0.019738737493753434],"Rotation":[0.0,0.0,0.0,1.0],"Euler":[-0.0,0.0,-0.0],"Scale":[1.0,1.0,1.0],"Global":[0.9964057803153992,0.022697674110531808,-0.08161024004220963,-16.00114631652832,0.08235751837491989,-0.03420829400420189,0.9960156083106995,28.287405014038087,0.019815489649772645,-0.9991569519042969,-0.03595466911792755,12.666576385498047,0.0,0.0,0.0,1.0],"isLocked":0}]},{"UID":3784095445,"ParentUID":2562735751,"Name":"RightLeg_$AssimpFbx$_PreRotation","isStatic":0,"isBoneRoot":0,"baseState":[1.0,0.0,0.0,0.0,0.0,1.0,0.0,0.0,0.0,0.0,1.0,0.0,0.0,0.0,0.0,1.0],"Components":[{"Type":0,"Enabled":1,"Position":[0.0,0.0,0.0],"Rotation":[0.0,0.009899534285068512,0.0,0.9999510049819946],"Euler":[-0.0,1.134421467781067,-0.0],"Scale":[1.0,1.0,1.0],"Global":[0.9978262186050415,0.022697674110531808,-0.061867304146289828,-16.00114631652832,0.06262216717004776,-0.03420829400420189,0.9974509477615356,28.287405014038087,0.020523440092802049,-0.9991569519042969,-0.03555531054735184,12.666576385498047,0.0,0.0,0.0,1.0],"isLocked":0}]},{"UID":1711112855,"ParentUID":3784095445,"Name":"RightLeg","isStatic":0,"isBoneRoot":0,"baseState":[1.0,0.0,0.0,0.0,0.0,1.0,0.0,0.0,0.0,0.0,1.0,0.0,0.0,0.0,0.0,1.0],"Components":[{"Type":0,"Enabled":1,"Position":[0.0,0.0,0.0],"Rotation":[0.0,0.0,0.0,1.0],"Euler":[-0.0,0.0,-0.0],"Scale":[1.0,1.0,1.0],"Global":[0.9978262186050415,0.022697674110531808,-0.061867304146289828,-16.00114631652832,0.06262216717004776,-0.03420829400420189,0.9974509477615356,28.287405014038087,0.020523440092802049,-0.9991569519042969,-0.03555531054735184,12.666576385498047,0.0,0.0,0.0,1.0],"isLocked":0}]},{"UID":1567154132,"ParentUID":1711112855,"Name":"RightFoot_$AssimpFbx$_Translation","isStatic":0,"isBoneRoot":0,"baseState":[1.0,0.0,0.0,0.0,0.0,1.0,0.0,0.0,0.0,0.0,1.0,0.0,0.0,0.0,0.0,1.0],"Components":[{"Type":0,"Enabled":1,"Position":[-0.9827580451965332,9.173906326293946,-24.03310775756836],"Rotation":[0.0,0.0,0.0,1.0],"Euler":[-0.0,0.0,-0.0],"Scale":[1.0,1.0,1.0],"Global":[0.9978262186050415,0.022697674110531808,-0.061867304146289828,-15.286678314208985,0.06262216717004776,-0.03420829400420189,0.9974509477615356,3.9401931762695314,0.020523440092802049,-0.9991569519042969,-0.03555531054735184,4.334739685058594,0.0,0.0,0.0,1.0],"isLocked":0}]},{"UID":1999190705,"ParentUID":1567154132,"Name":"RightFoot_$AssimpFbx$_PreRotation","isStatic":0,"isBoneRoot":0,"baseState":[1.0,0.0,0.0,0.0,0.0,1.0,0.0,0.0,0.0,0.0,1.0,0.0,0.0,0.0,0.0,1.0],"Components":[{"Type":0,"Enabled":1,"Position":[0.0,0.0,0.0],"Rotation":[-0.5085271000862122,-0.008523808792233467,-0.0050344280898571018,0.8609890937805176],"Euler":[-61.13960266113281,-0.5476142168045044,-0.9935093522071838],"Scale":[1.0,1.0,1.0],"Global":[0.9964057803153992,0.08242814987897873,-0.01951964944601059,-15.286678314208985,0.08235752582550049,-0.8887831568717957,0.450868159532547,3.9401931762695314,0.019815491512417795,-0.45085519552230837,-0.8923771381378174,4.334739685058594,0.0,0.0,0.0,1.0],"isLocked":0}]},{"UID":4005300486,"ParentUID":1999190705,"Name":"RightFoot_$AssimpFbx$_Rotation","isStatic":0,"isBoneRoot":0,"baseState":[1.0,0.0,0.0,0.0,0.0,1.0,0.0,0.0,0.0,0.0,1.0,0.0,0.0,0.0,0.0,1.0],"Components":[{"Type":0,"Enabled":1,"Position":[0.0,0.0,0.0],"Rotation":[0.0,0.0,0.0,1.0],"Euler":[-0.0,0.0,-0.0],"Scale":[1.0,1.0,1.0],"Global":[0.9964057803153992,0.08242814987897873,-0.01951964944601059,-15.286678314208985,0.08235752582550049,-0.8887831568717957,0.450868159532547,3.9401931762695314,0.019815491512417795,-0.45085519552230837,-0.8923771381378174,4.334739685058594,0.0,0.0,0.0,1.0],"isLocked":0}]},{"UID":647135130,"ParentUID":4005300486,"Name":"RightFoot","isStatic":0,"isBoneRoot":0,"baseState":[1.0,0.0,0.0,0.0,0.0,1.0,0.0,0.0,0.0,0.0,1.0,0.0,0.0,0.0,0.0,1.0],"Components":[{"Type":0,"Enabled":1,"Position":[0.0,0.0,0.0],"Rotation":[0.0,0.0,0.0,1.0],"Euler":[-0.0,0.0,-0.0],"Scale":[1.0,1.0,1.0],"Global":[0.9964057803153992,0.08242814987897873,-0.01951964944601059,-15.286678314208985,0.08235752582550049,-0.8887831568717957,0.450868159532547,3.9401931762695314,0.019815491512417795,-0.45085519552230837,-0.8923771381378174,4.334739685058594,0.0,0.0,0.0,1.0],"isLocked":0}]},{"UID":3139138009,"ParentUID":647135130,"Name":"RightFootEnd","isStatic":0,"isBoneRoot":0,"baseState":[1.0,0.0,0.0,0.0,0.0,1.0,0.0,0.0,0.0,0.0,1.0,0.0,0.0,0.0,0.0,1.0],"Components":[{"Type":0,"Enabled":1,"Position":[9.414691248821328e-14,-0.000034134402085328478,-5.998554229736328],"Rotation":[0.0,0.0,0.0,1.0],"Euler":[-0.0,0.0,-0.0],"Scale":[1.0,1.0,1.0],"Global":[0.9964057803153992,0.08242814987897873,-0.01951964944601059,-15.169591903686524,0.08235752582550049,-0.8887831568717957,0.450868159532547,1.235666275024414,0.019815491512417795,-0.45085519552230837,-0.8923771381378174,9.687726974487305,0.0,0.0,0.0,1.0],"isLocked":0}]},{"UID":1011242593,"ParentUID":78954524,"Name":"LeftLeg_$AssimpFbx$_Translation","isStatic":0,"isBoneRoot":0,"baseState":[1.0,0.0,0.0,0.0,0.0,1.0,0.0,0.0,0.0,0.0,1.0,0.0,0.0,0.0,0.0,1.0],"Components":[{"Type":0,"Enabled":1,"Position":[15.48828125,-12.964345932006836,0.01975155808031559],"Rotation":[0.0,0.0,0.0,1.0],"Euler":[-0.0,0.0,-0.0],"Scale":[1.0,1.0,1.0],"Global":[0.9964057803153992,0.022697674110531808,-0.08161024004220963,14.864097595214844,0.08235751837491989,-0.03420829400420189,0.9960156083106995,30.838573455810548,0.019815489649772645,-0.9991569519042969,-0.03595466911792755,13.280437469482422,0.0,0.0,0.0,1.0],"isLocked":0}]},{"UID":1959480279,"ParentUID":1011242593,"Name":"LeftLeg_$AssimpFbx$_PreRotation","isStatic":0,"isBoneRoot":0,"baseState":[1.0,0.0,0.0,0.0,0.0,1.0,0.0,0.0,0.0,0.0,1.0,0.0,0.0,0.0,0.0,1.0],"Components":[{"Type":0,"Enabled":1,"Position":[0.0,0.0,0.0],"Rotation":[0.9999510049819946,4.3272238570146728e-10,0.009899534285068512,-4.370924600038961e-8],"Euler":[-179.99998474121095,1.134421467781067,-9.91872397548832e-8],"Scale":[1.0,1.0,1.0],"Global":[0.9945948123931885,-0.02269766479730606,0.10132118314504624,14.864097595214844,0.10206059366464615,0.034208208322525027,-0.9941898584365845,30.838573455810548,0.019099771976470948,0.9991569519042969,0.03633984178304672,13.280437469482422,0.0,0.0,0.0,1.0],"isLocked":0}]},{"UID":863610485,"ParentUID":1959480279,"Name":"LeftLeg","isStatic":0,"isBoneRoot":0,"baseState":[1.0,0.0,0.0,0.0,0.0,1.0,0.0,0.0,0.0,0.0,1.0,0.0,0.0,0.0,0.0,1.0],"Components":[{"Type":0,"Enabled":1,"Position":[0.0,0.0,0.0],"Rotation":[0.0,0.0,0.0,1.0],"Euler":[-0.0,0.0,-0.0],"Scale":[1.0,1.0,1.0],"Global":[0.9945948123931885,-0.02269766479730606,0.10132118314504624,14.864097595214844,0.10206059366464615,0.034208208322525027,-0.9941898584365845,30.838573455810548,0.019099771976470948,0.9991569519042969,0.03633984178304672,13.280437469482422,0.0,0.0,0.0,1.0],"isLocked":0}]},{"UID":2834155984,"ParentUID":863610485,"Name":"LeftFoot_$AssimpFbx$_Translation","isStatic":0,"isBoneRoot":0,"baseState":[1.0,0.0,0.0,0.0,0.0,1.0,0.0,0.0,0.0,0.0,1.0,0.0,0.0,0.0,0.0,1.0],"Components":[{"Type":0,"Enabled":1,"Position":[4.864466667175293,7.756918907165527,12.021666526794434],"Rotation":[0.0,0.0,0.0,1.0],"Euler":[-0.0,0.0,-0.0],"Scale":[1.0,1.0,1.0],"Global":[0.9945948123931885,-0.02269766479730606,0.10132118314504624,20.7442569732666,0.10206059366464615,0.034208208322525027,-0.9941898584365845,19.648574829101564,0.019099771976470948,0.9991569519042969,0.03633984178304672,21.560592651367189,0.0,0.0,0.0,1.0],"isLocked":0}]},{"UID":2484866500,"ParentUID":2834155984,"Name":"LeftFoot_$AssimpFbx$_PreRotation","isStatic":0,"isBoneRoot":0,"baseState":[1.0,0.0,0.0,0.0,0.0,1.0,0.0,0.0,0.0,0.0,1.0,0.0,0.0,0.0,0.0,1.0],"Components":[{"Type":0,"Enabled":1,"Position":[0.0,0.0,0.0],"Rotation":[-0.5085271000862122,-0.008523808792233467,-0.0050344280898571018,0.8609890937805176],"Euler":[-61.13960266113281,-0.5476142168045044,-0.9935093522071838],"Scale":[1.0,1.0,1.0],"Global":[0.9964058995246887,-0.08242814242839813,0.019519656896591188,20.7442569732666,0.08235751837491989,0.8887830376625061,-0.4508681893348694,19.648574829101564,0.019815487787127496,0.4508552849292755,0.8923770785331726,21.560592651367189,0.0,0.0,0.0,1.0],"isLocked":0}]},{"UID":2231732310,"ParentUID":2484866500,"Name":"LeftFoot_$AssimpFbx$_Rotation","isStatic":0,"isBoneRoot":0,"baseState":[1.0,0.0,0.0,0.0,0.0,1.0,0.0,0.0,0.0,0.0,1.0,0.0,0.0,0.0,0.0,1.0],"Components":[{"Type":0,"Enabled":1,"Position":[0.0,0.0,0.0],"Rotation":[0.0,0.0,0.0,1.0],"Euler":[-0.0,0.0,-0.0],"Scale":[1.0,1.0,1.0],"Global":[0.9964058995246887,-0.08242814242839813,0.019519656896591188,20.7442569732666,0.08235751837491989,0.8887830376625061,-0.4508681893348694,19.648574829101564,0.019815487787127496,0.4508552849292755,0.8923770785331726,21.560592651367189,0.0,0.0,0.0,1.0],"isLocked":0}]},{"UID":928331457,"ParentUID":2231732310,"Name":"LeftFoot","isStatic":0,"isBoneRoot":0,"baseState":[1.0,0.0,0.0,0.0,0.0,1.0,0.0,0.0,0.0,0.0,1.0,0.0,0.0,0.0,0.0,1.0],"Components":[{"Type":0,"Enabled":1,"Position":[0.0,0.0,0.0],"Rotation":[0.0,0.0,0.0,1.0],"Euler":[-0.0,0.0,-0.0],"Scale":[1.0,1.0,1.0],"Global":[0.9964058995246887,-0.08242814242839813,0.019519656896591188,20.7442569732666,0.08235751837491989,0.8887830376625061,-0.4508681893348694,19.648574829101564,0.019815487787127496,0.4508552849292755,0.8923770785331726,21.560592651367189,0.0,0.0,0.0,1.0],"isLocked":0}]},{"UID":360184524,"ParentUID":928331457,"Name":"LeftFootEnd","isStatic":0,"isBoneRoot":0,"baseState":[1.0,0.0,0.0,0.0,0.0,1.0,0.0,0.0,0.0,0.0,1.0,0.0,0.0,0.0,0.0,1.0],"Components":[{"Type":0,"Enabled":1,"Position":[-7.29076833085561e-15,0.0,5.998485565185547],"Rotation":[0.0,0.0,0.0,1.0],"Euler":[-0.0,0.0,-0.0],"Scale":[1.0,1.0,1.0],"Global":[0.9964058995246887,-0.08242814242839813,0.019519656896591188,20.861345291137697,0.08235751837491989,0.8887830376625061,-0.4508681893348694,16.944047927856447,0.019815487787127496,0.4508552849292755,0.8923770785331726,26.913503646850587,0.0,0.0,0.0,1.0],"isLocked":0}]},{"UID":3891506694,"ParentUID":78954524,"Name":"Spine","isStatic":0,"isBoneRoot":0,"baseState":[1.0,0.0,0.0,0.0,0.0,1.0,0.0,0.0,0.0,0.0,1.0,0.0,0.0,0.0,0.0,1.0],"Components":[{"Type":0,"Enabled":1,"Position":[0.02581339329481125,-0.0059600998647511009,19.40102767944336],"Rotation":[0.09070306271314621,-0.1147945299744606,0.0038652897346764805,0.9892322421073914],"Euler":[10.669782638549805,-13.086140632629395,1.675044059753418],"Scale":[1.0,1.0,1.0],"Global":[0.9512237906455994,-0.020618654787540437,-0.3078117072582245,-1.8303813934326172,0.30754554271698,0.1418645679950714,0.9408987164497376,48.4258918762207,0.02426750399172306,-0.9896713495254517,0.14128613471984864,-0.6702672839164734,0.0,0.0,0.0,1.0],"isLocked":0}]},{"UID":191687137,"ParentUID":3891506694,"Name":"RightUpperArmIK_$AssimpFbx$_Translation","isStatic":0,"isBoneRoot":0,"baseState":[1.0,0.0,0.0,0.0,0.0,1.0,0.0,0.0,0.0,0.0,1.0,0.0,0.0,0.0,0.0,1.0],"Components":[{"Type":0,"Enabled":1,"Position":[-17.286500930786134,6.917709827423096,19.19027328491211],"Rotation":[0.0,0.0,0.0,1.0],"Euler":[-0.0,0.0,-0.0],"Scale":[1.0,1.0,1.0],"Global":[0.9512237906455994,-0.020618654787540437,-0.3078117072582245,-24.323335647583009,0.30754554271698,0.1418645679950714,0.9408987164497376,62.14698791503906,0.02426750399172306,-0.9896713495254517,0.14128613471984864,-5.224707126617432,0.0,0.0,0.0,1.0],"isLocked":0}]},{"UID":2907070940,"ParentUID":191687137,"Name":"RightUpperArmIK_$AssimpFbx$_PreRotation","isStatic":0,"isBoneRoot":0,"baseState":[1.0,0.0,0.0,0.0,0.0,1.0,0.0,0.0,0.0,0.0,1.0,0.0,0.0,0.0,0.0,1.0],"Components":[{"Type":0,"Enabled":1,"Position":[0.0,0.0,0.0],"Rotation":[0.7071068286895752,-3.090862321641907e-8,0.7071068286895752,3.090862321641907e-8],"Euler":[180.0,90.0,0.0],"Scale":[1.0,1.0,1.0],"Global":[-0.3078117370605469,0.02061857096850872,0.9512237906455994,-24.323335647583009,0.9408987164497376,-0.1418645977973938,0.30754557251930239,62.14698791503906,0.14128613471984864,0.9896713495254517,0.024267595261335374,-5.224707126617432,0.0,0.0,0.0,1.0],"isLocked":0}]},{"UID":1761999971,"ParentUID":2907070940,"Name":"RightUpperArmIK_$AssimpFbx$_Rotation","isStatic":0,"isBoneRoot":0,"baseState":[1.0,0.0,0.0,0.0,0.0,1.0,0.0,0.0,0.0,0.0,1.0,0.0,0.0,0.0,0.0,1.0],"Components":[{"Type":0,"Enabled":1,"Position":[0.0,0.0,0.0],"Rotation":[0.1907268911600113,0.02205159142613411,0.9812190532684326,-0.018606290221214296],"Euler":[-3.112774133682251,21.929725646972658,-177.22409057617188],"Scale":[1.0,1.0,1.0],"Global":[0.6414387226104736,5.587935447692871e-8,0.767174243927002,-24.323335647583009,-0.7524434328079224,0.19502483308315278,0.6291220188140869,62.14698791503906,-0.149617999792099,-0.9807983636856079,0.12509649991989137,-5.224707126617432,0.0,0.0,0.0,1.0],"isLocked":0}]},{"UID":3633371563,"ParentUID":1761999971,"Name":"RightUpperArmIK","isStatic":0,"isBoneRoot":0,"baseState":[1.0,0.0,0.0,0.0,0.0,1.0,0.0,0.0,0.0,0.0,1.0,0.0,0.0,0.0,0.0,1.0],"Components":[{"Type":0,"Enabled":1,"Position":[0.0,0.0,0.0],"Rotation":[0.0,0.0,0.0,1.0],"Euler":[-0.0,0.0,-0.0],"Scale":[1.0,1.0,1.0],"Global":[0.6414387226104736,5.587935447692871e-8,0.767174243927002,-24.323335647583009,-0.7524434328079224,0.19502483308315278,0.6291220188140869,62.14698791503906,-0.149617999792099,-0.9807983636856079,0.12509649991989137,-5.224707126617432,0.0,0.0,0.0,1.0],"isLocked":0}]},{"UID":1157206233,"ParentUID":3633371563,"Name":"RightLowerArmIK","isStatic":0,"isBoneRoot":0,"baseState":[1.0,0.0,0.0,0.0,0.0,1.0,0.0,0.0,0.0,0.0,1.0,0.0,0.0,0.0,0.0,1.0],"Components":[{"Type":0,"Enabled":1,"Position":[-2.1316282072803007e-14,-3.552713678800501e-15,-25.116100311279298],"Rotation":[0.0,0.4854694604873657,0.0,0.8742536306381226],"Euler":[-0.0,58.08646774291992,-0.0],"Scale":[1.0,1.0,1.0],"Global":[-0.3121241331100464,5.587935447692871e-8,0.9500412940979004,-43.591758728027347,-0.931799054145813,0.19502483308315278,-0.3061310350894928,46.34589385986328,-0.1852816343307495,-0.9807983636856079,-0.060871921479701999,-8.366643905639649,0.0,0.0,0.0,1.0],"isLocked":0}]},{"UID":1707017693,"ParentUID":1157206233,"Name":"RightWristIK","isStatic":0,"isBoneRoot":0,"baseState":[1.0,0.0,0.0,0.0,0.0,1.0,0.0,0.0,0.0,0.0,1.0,0.0,0.0,0.0,0.0,1.0],"Components":[{"Type":0,"Enabled":1,"Position":[-1.4210854715202005e-14,-6.217248937900877e-15,-23.802900314331056],"Rotation":[-0.157288059592247,-0.015486224554479123,0.9826798439025879,0.09675236791372299],"Euler":[0.000001011003746498318,-18.187294006347658,168.75381469726563],"Scale":[0.9999999403953552,1.0,1.0],"Global":[-8.940696716308594e-8,-9.685754776000977e-8,1.0,-66.20549774169922,1.0000001192092896,-2.421438694000244e-8,-5.960464477539063e-8,53.6327018737793,1.1175870895385743e-8,1.0000001192092896,7.450580596923828e-8,-6.917715549468994,0.0,0.0,0.0,1.0],"isLocked":0}]},{"UID":2049486134,"ParentUID":3891506694,"Name":"RightUpperArmFK_$AssimpFbx$_Translation","isStatic":0,"isBoneRoot":0,"baseState":[1.0,0.0,0.0,0.0,0.0,1.0,0.0,0.0,0.0,0.0,1.0,0.0,0.0,0.0,0.0,1.0],"Components":[{"Type":0,"Enabled":1,"Position":[-17.286500930786134,6.917709827423096,19.19027328491211],"Rotation":[0.0,0.0,0.0,1.0],"Euler":[-0.0,0.0,-0.0],"Scale":[1.0,1.0,1.0],"Global":[0.9512237906455994,-0.020618654787540437,-0.3078117072582245,-24.323335647583009,0.30754554271698,0.1418645679950714,0.9408987164497376,62.14698791503906,0.02426750399172306,-0.9896713495254517,0.14128613471984864,-5.224707126617432,0.0,0.0,0.0,1.0],"isLocked":0}]},{"UID":4082134565,"ParentUID":2049486134,"Name":"RightUpperArmFK_$AssimpFbx$_PreRotation","isStatic":0,"isBoneRoot":0,"baseState":[1.0,0.0,0.0,0.0,0.0,1.0,0.0,0.0,0.0,0.0,1.0,0.0,0.0,0.0,0.0,1.0],"Components":[{"Type":0,"Enabled":1,"Position":[0.0,0.0,0.0],"Rotation":[0.7071068286895752,-3.090862321641907e-8,0.7071068286895752,3.090862321641907e-8],"Euler":[180.0,90.0,0.0],"Scale":[1.0,1.0,1.0],"Global":[-0.3078117370605469,0.02061857096850872,0.9512237906455994,-24.323335647583009,0.9408987164497376,-0.1418645977973938,0.30754557251930239,62.14698791503906,0.14128613471984864,0.9896713495254517,0.024267595261335374,-5.224707126617432,0.0,0.0,0.0,1.0],"isLocked":0}]},{"UID":108294586,"ParentUID":4082134565,"Name":"RightUpperArmFK_$AssimpFbx$_Rotation","isStatic":0,"isBoneRoot":0,"baseState":[1.0,0.0,0.0,0.0,0.0,1.0,0.0,0.0,0.0,0.0,1.0,0.0,0.0,0.0,0.0,1.0],"Components":[{"Type":0,"Enabled":1,"Position":[0.0,0.0,0.0],"Rotation":[0.556762158870697,0.0841188132762909,-0.057206135243177417,0.8244194388389587],"Euler":[68.47462463378906,4.3011040687561039,-10.866599082946778],"Scale":[0.9999999403953552,1.0,0.9999999403953552],"Global":[-0.4939810037612915,0.8139137625694275,0.30582183599472048,-24.323335647583009,0.8592709898948669,0.4032672643661499,0.3146887719631195,62.14698791503906,0.1328015923500061,0.41823410987854006,-0.8985788822174072,-5.224707126617432,0.0,0.0,0.0,1.0],"isLocked":0}]},{"UID":3923744341,"ParentUID":108294586,"Name":"RightUpperArmFK","isStatic":0,"isBoneRoot":0,"baseState":[1.0,0.0,0.0,0.0,0.0,1.0,0.0,0.0,0.0,0.0,1.0,0.0,0.0,0.0,0.0,1.0],"Components":[{"Type":0,"Enabled":1,"Position":[0.0,0.0,0.0],"Rotation":[0.0,0.0,0.0,1.0],"Euler":[-0.0,0.0,-0.0],"Scale":[1.0,1.0,1.0],"Global":[-0.4939810037612915,0.8139137625694275,0.30582183599472048,-24.323335647583009,0.8592709898948669,0.4032672643661499,0.3146887719631195,62.14698791503906,0.1328015923500061,0.41823410987854006,-0.8985788822174072,-5.224707126617432,0.0,0.0,0.0,1.0],"isLocked":0}]},{"UID":3166128582,"ParentUID":3923744341,"Name":"RightLowerArmFK","isStatic":0,"isBoneRoot":0,"baseState":[1.0,0.0,0.0,0.0,0.0,1.0,0.0,0.0,0.0,0.0,1.0,0.0,0.0,0.0,0.0,1.0],"Components":[{"Type":0,"Enabled":1,"Position":[-2.1316282072803007e-14,-3.552713678800501e-15,-25.116100311279298],"Rotation":[-0.0197119303047657,0.03358307480812073,0.006860698107630014,0.9992179870605469],"Euler":[-2.2891838550567629,3.8326873779296877,0.8633849620819092],"Scale":[1.0,0.9999999403953552,0.9999999403953552],"Global":[-0.5033460855484009,0.8087250590324402,0.30431267619132998,-32.00438690185547,0.8410420417785645,0.37774553894996645,0.38724249601364138,54.24323272705078,0.19821998476982118,0.4508567452430725,-0.8703085780143738,17.344091415405275,0.0,0.0,0.0,1.0],"isLocked":0}]},{"UID":290703509,"ParentUID":3166128582,"Name":"RightWristFK","isStatic":0,"isBoneRoot":0,"baseState":[1.0,0.0,0.0,0.0,0.0,1.0,0.0,0.0,0.0,0.0,1.0,0.0,0.0,0.0,0.0,1.0],"Components":[{"Type":0,"Enabled":1,"Position":[-1.4210854715202005e-14,-6.217248937900877e-15,-23.802900314331056],"Rotation":[0.0,0.0,0.0,1.0],"Euler":[-0.0,0.0,-0.0],"Scale":[1.0,1.0,1.0],"Global":[-0.5033460855484009,0.8087250590324402,0.30431267619132998,-39.24790954589844,0.8410420417785645,0.37774553894996645,0.38724249601364138,45.02573776245117,0.19821998476982118,0.4508567452430725,-0.8703085780143738,38.059959411621097,0.0,0.0,0.0,1.0],"isLocked":0}]},{"UID":4102805929,"ParentUID":3891506694,"Name":"RightUpperArm_$AssimpFbx$_Translation","isStatic":0,"isBoneRoot":0,"baseState":[1.0,0.0,0.0,0.0,0.0,1.0,0.0,0.0,0.0,0.0,1.0,0.0,0.0,0.0,0.0,1.0],"Components":[{"Type":0,"Enabled":1,"Position":[-17.286500930786134,6.917709827423096,19.19027328491211],"Rotation":[0.0,0.0,0.0,1.0],"Euler":[-0.0,0.0,-0.0],"Scale":[1.0,1.0,1.0],"Global":[0.9512237906455994,-0.020618654787540437,-0.3078117072582245,-24.323335647583009,0.30754554271698,0.1418645679950714,0.9408987164497376,62.14698791503906,0.02426750399172306,-0.9896713495254517,0.14128613471984864,-5.224707126617432,0.0,0.0,0.0,1.0],"isLocked":0}]},{"UID":815178559,"ParentUID":4102805929,"Name":"RightUpperArm_$AssimpFbx$_PreRotation","isStatic":0,"isBoneRoot":0,"baseState":[1.0,0.0,0.0,0.0,0.0,1.0,0.0,0.0,0.0,0.0,1.0,0.0,0.0,0.0,0.0,1.0],"Components":[{"Type":0,"Enabled":1,"Position":[0.0,0.0,0.0],"Rotation":[0.7071068286895752,-3.090862321641907e-8,0.7071068286895752,3.090862321641907e-8],"Euler":[180.0,90.0,0.0],"Scale":[1.0,1.0,1.0],"Global":[-0.3078117370605469,0.02061857096850872,0.9512237906455994,-24.323335647583009,0.9408987164497376,-0.1418645977973938,0.30754557251930239,62.14698791503906,0.14128613471984864,0.9896713495254517,0.024267595261335374,-5.224707126617432,0.0,0.0,0.0,1.0],"isLocked":0}]},{"UID":3841693044,"ParentUID":815178559,"Name":"RightUpperArm_$AssimpFbx$_Rotation","isStatic":0,"isBoneRoot":0,"baseState":[1.0,0.0,0.0,0.0,0.0,1.0,0.0,0.0,0.0,0.0,1.0,0.0,0.0,0.0,0.0,1.0],"Components":[{"Type":0,"Enabled":1,"Position":[0.0,0.0,0.0],"Rotation":[0.556762158870697,0.0841188132762909,-0.057206135243177417,0.8244194388389587],"Euler":[68.47462463378906,4.3011040687561039,-10.866599082946778],"Scale":[0.9999999403953552,1.0,0.9999999403953552],"Global":[-0.4939810037612915,0.8139137625694275,0.30582183599472048,-24.323335647583009,0.8592709898948669,0.4032672643661499,0.3146887719631195,62.14698791503906,0.1328015923500061,0.41823410987854006,-0.8985788822174072,-5.224707126617432,0.0,0.0,0.0,1.0],"isLocked":0}]},{"UID":1417463223,"ParentUID":3841693044,"Name":"RightUpperArm","isStatic":0,"isBoneRoot":0,"baseState":[1.0,0.0,0.0,0.0,0.0,1.0,0.0,0.0,0.0,0.0,1.0,0.0,0.0,0.0,0.0,1.0],"Components":[{"Type":0,"Enabled":1,"Position":[0.0,0.0,0.0],"Rotation":[0.0,0.0,0.0,1.0],"Euler":[-0.0,0.0,-0.0],"Scale":[1.0,1.0,1.0],"Global":[-0.4939810037612915,0.8139137625694275,0.30582183599472048,-24.323335647583009,0.8592709898948669,0.4032672643661499,0.3146887719631195,62.14698791503906,0.1328015923500061,0.41823410987854006,-0.8985788822174072,-5.224707126617432,0.0,0.0,0.0,1.0],"isLocked":0}]},{"UID":2778288785,"ParentUID":1417463223,"Name":"RightLowerArm","isStatic":0,"isBoneRoot":0,"baseState":[1.0,0.0,0.0,0.0,0.0,1.0,0.0,0.0,0.0,0.0,1.0,0.0,0.0,0.0,0.0,1.0],"Components":[{"Type":0,"Enabled":1,"Position":[-2.1316282072803007e-14,-3.552713678800501e-15,-25.116100311279298],"Rotation":[-0.0197119303047657,0.03358307480812073,0.006860698107630014,0.9992179870605469],"Euler":[-2.2891838550567629,3.8326873779296877,0.8633849620819092],"Scale":[1.0,0.9999999403953552,0.9999999403953552],"Global":[-0.5033460855484009,0.8087250590324402,0.30431267619132998,-32.00438690185547,0.8410420417785645,0.37774553894996645,0.38724249601364138,54.24323272705078,0.19821998476982118,0.4508567452430725,-0.8703085780143738,17.344091415405275,0.0,0.0,0.0,1.0],"isLocked":0}]},{"UID":1141136930,"ParentUID":2778288785,"Name":"RightWrist","isStatic":0,"isBoneRoot":0,"baseState":[1.0,0.0,0.0,0.0,0.0,1.0,0.0,0.0,0.0,0.0,1.0,0.0,0.0,0.0,0.0,1.0],"Components":[{"Type":0,"Enabled":1,"Position":[-1.4210854715202005e-14,-6.217248937900877e-15,-23.802900314331056],"Rotation":[0.0,0.0,0.0,1.0],"Euler":[-0.0,0.0,-0.0],"Scale":[1.0,1.0,1.0],"Global":[-0.5033460855484009,0.8087250590324402,0.30431267619132998,-39.24790954589844,0.8410420417785645,0.37774553894996645,0.38724249601364138,45.02573776245117,0.19821998476982118,0.4508567452430725,-0.8703085780143738,38.059959411621097,0.0,0.0,0.0,1.0],"isLocked":0}]},{"UID":3482740202,"ParentUID":1141136930,"Name":"RightWristEnd","isStatic":0,"isBoneRoot":0,"baseState":[1.0,0.0,0.0,0.0,0.0,1.0,0.0,0.0,0.0,0.0,1.0,0.0,0.0,0.0,0.0,1.0],"Components":[{"Type":0,"Enabled":1,"Position":[-7.105427357601002e-15,-2.6645352591003758e-15,-10.998499870300293],"Rotation":[0.0,0.0,0.0,1.0],"Euler":[-0.0,0.0,-0.0],"Scale":[1.0,1.0,1.0],"Global":[-0.5033460855484009,0.8087250590324402,0.30431267619132998,-42.59489440917969,0.8410420417785645,0.37774553894996645,0.38724249601364138,40.76665115356445,0.19821998476982118,0.4508567452430725,-0.8703085780143738,47.632049560546878,0.0,0.0,0.0,1.0],"isLocked":0}]},{"UID":3681250697,"ParentUID":3891506694,"Name":"LeftUpperArmIK_$AssimpFbx$_Translation","isStatic":0,"isBoneRoot":0,"baseState":[1.0,0.0,0.0,0.0,0.0,1.0,0.0,0.0,0.0,0.0,1.0,0.0,0.0,0.0,0.0,1.0],"Components":[{"Type":0,"Enabled":1,"Position":[17.286542892456056,6.917708873748779,19.190275192260743],"Rotation":[0.0,0.0,0.0,1.0],"Euler":[-0.0,0.0,-0.0],"Scale":[1.0,1.0,1.0],"Global":[0.9512237906455994,-0.020618654787540437,-0.3078117072582245,8.563364028930664,0.30754554271698,0.1418645679950714,0.9408987164497376,72.77976989746094,0.02426750399172306,-0.9896713495254517,0.14128613471984864,-4.385704040527344,0.0,0.0,0.0,1.0],"isLocked":0}]},{"UID":2932717222,"ParentUID":3681250697,"Name":"LeftUpperArmIK_$AssimpFbx$_PreRotation","isStatic":0,"isBoneRoot":0,"baseState":[1.0,0.0,0.0,0.0,0.0,1.0,0.0,0.0,0.0,0.0,1.0,0.0,0.0,0.0,0.0,1.0],"Components":[{"Type":0,"Enabled":1,"Position":[0.0,0.0,0.0],"Rotation":[0.0,0.7071068286895752,0.0,0.7071068286895752],"Euler":[0.0,90.0,0.0],"Scale":[1.0,1.0,1.0],"Global":[0.3078116774559021,-0.020618654787540437,0.9512237906455994,8.563364028930664,-0.9408987164497376,0.1418645679950714,0.3075455129146576,72.77976989746094,-0.14128613471984864,-0.9896713495254517,0.024267498403787614,-4.385704040527344,0.0,0.0,0.0,1.0],"isLocked":0}]},{"UID":2742310933,"ParentUID":2932717222,"Name":"LeftUpperArmIK_$AssimpFbx$_Rotation","isStatic":0,"isBoneRoot":0,"baseState":[1.0,0.0,0.0,0.0,0.0,1.0,0.0,0.0,0.0,0.0,1.0,0.0,0.0,0.0,0.0,1.0],"Components":[{"Type":0,"Enabled":1,"Position":[0.0,0.0,0.0],"Rotation":[0.31282681226730349,-0.010337792336940766,0.949738621711731,0.005395377054810524],"Euler":[1.6393359899520875,36.44820022583008,178.80923461914063],"Scale":[1.0,0.9999999403953552,1.0],"Global":[0.3177039623260498,-4.284083843231201e-8,0.9481898546218872,8.563364028930664,0.9400065541267395,-0.13109858334064485,-0.31496208906173708,72.77976989746094,0.12430637329816818,0.991369366645813,-0.04165051132440567,-4.385704040527344,0.0,0.0,0.0,1.0],"isLocked":0}]},{"UID":1927365415,"ParentUID":2742310933,"Name":"LeftUpperArmIK","isStatic":0,"isBoneRoot":0,"baseState":[1.0,0.0,0.0,0.0,0.0,1.0,0.0,0.0,0.0,0.0,1.0,0.0,0.0,0.0,0.0,1.0],"Components":[{"Type":0,"Enabled":1,"Position":[0.0,0.0,0.0],"Rotation":[0.0,0.0,0.0,1.0],"Euler":[-0.0,0.0,-0.0],"Scale":[1.0,1.0,1.0],"Global":[0.3177039623260498,-4.284083843231201e-8,0.9481898546218872,8.563364028930664,0.9400065541267395,-0.13109858334064485,-0.31496208906173708,72.77976989746094,0.12430637329816818,0.991369366645813,-0.04165051132440567,-4.385704040527344,0.0,0.0,0.0,1.0],"isLocked":0}]},{"UID":1771795461,"ParentUID":1927365415,"Name":"LeftLowerArmIK","isStatic":0,"isBoneRoot":0,"baseState":[1.0,0.0,0.0,0.0,0.0,1.0,0.0,0.0,0.0,0.0,1.0,0.0,0.0,0.0,0.0,1.0],"Components":[{"Type":0,"Enabled":1,"Position":[-1.5285317279343505e-15,1.5777218104420237e-30,25.116106033325197],"Rotation":[0.0,0.0,0.0,1.0],"Euler":[-0.0,0.0,-0.0],"Scale":[1.0,1.0,1.0],"Global":[0.3177039623260498,-4.284083843231201e-8,0.9481898546218872,32.37820053100586,0.9400065541267395,-0.13109858334064485,-0.31496208906173708,64.86914825439453,0.12430637329816818,0.991369366645813,-0.04165051132440567,-5.431802749633789,0.0,0.0,0.0,1.0],"isLocked":0}]},{"UID":603049131,"ParentUID":1771795461,"Name":"LeftWristIK","isStatic":0,"isBoneRoot":0,"baseState":[1.0,0.0,0.0,0.0,0.0,1.0,0.0,0.0,0.0,0.0,1.0,0.0,0.0,0.0,0.0,1.0],"Components":[{"Type":0,"Enabled":1,"Position":[3.899229436511373e-14,-1.262177448353619e-29,23.802845001220704],"Rotation":[0.16060243546962739,0.010572974570095539,0.9848307371139526,0.06483491510152817],"Euler":[0.000006640630090259947,18.524093627929689,172.46688842773438],"Scale":[1.0,1.0,1.0],"Global":[-5.960464477539063e-7,-1.4901161193847657e-7,0.9999999403953552,54.94781494140625,-1.000000238418579,-3.5762786865234377e-7,-6.556510925292969e-7,57.372154235839847,3.501772880554199e-7,-1.0000001192092896,-1.4901161193847657e-7,-6.423203468322754,0.0,0.0,0.0,1.0],"isLocked":0}]},{"UID":1685564002,"ParentUID":3891506694,"Name":"LeftUpperArmFK_$AssimpFbx$_Translation","isStatic":0,"isBoneRoot":0,"baseState":[1.0,0.0,0.0,0.0,0.0,1.0,0.0,0.0,0.0,0.0,1.0,0.0,0.0,0.0,0.0,1.0],"Components":[{"Type":0,"Enabled":1,"Position":[17.286542892456056,6.917708873748779,19.190275192260743],"Rotation":[0.0,0.0,0.0,1.0],"Euler":[-0.0,0.0,-0.0],"Scale":[1.0,1.0,1.0],"Global":[0.9512237906455994,-0.020618654787540437,-0.3078117072582245,8.563364028930664,0.30754554271698,0.1418645679950714,0.9408987164497376,72.77976989746094,0.02426750399172306,-0.9896713495254517,0.14128613471984864,-4.385704040527344,0.0,0.0,0.0,1.0],"isLocked":0}]},{"UID":252124576,"ParentUID":1685564002,"Name":"LeftUpperArmFK_$AssimpFbx$_PreRotation","isStatic":0,"isBoneRoot":0,"baseState":[1.0,0.0,0.0,0.0,0.0,1.0,0.0,0.0,0.0,0.0,1.0,0.0,0.0,0.0,0.0,1.0],"Components":[{"Type":0,"Enabled":1,"Position":[0.0,0.0,0.0],"Rotation":[0.0,0.7071068286895752,0.0,0.7071068286895752],"Euler":[0.0,90.0,0.0],"Scale":[1.0,1.0,1.0],"Global":[0.3078116774559021,-0.020618654787540437,0.9512237906455994,8.563364028930664,-0.9408987164497376,0.1418645679950714,0.3075455129146576,72.77976989746094,-0.14128613471984864,-0.9896713495254517,0.024267498403787614,-4.385704040527344,0.0,0.0,0.0,1.0],"isLocked":0}]},{"UID":4202656784,"ParentUID":252124576,"Name":"LeftUpperArmFK_$AssimpFbx$_Rotation","isStatic":0,"isBoneRoot":0,"baseState":[1.0,0.0,0.0,0.0,0.0,1.0,0.0,0.0,0.0,0.0,1.0,0.0,0.0,0.0,0.0,1.0],"Components":[{"Type":0,"Enabled":1,"Position":[0.0,0.0,0.0],"Rotation":[0.5178340077400208,0.06993471086025238,0.013773245736956597,0.8525065779685974],"Euler":[62.74095153808594,7.672128200531006,-2.830857276916504],"Scale":[0.9999999403953552,0.9999999403953552,0.9999999403953552],"Global":[0.2028515487909317,0.8471940755844116,0.49103283882141116,8.563364028930664,-0.9500160813331604,0.2918039560317993,-0.11099545657634735,72.77976989746094,-0.23732005059719087,-0.44397348165512087,0.8640408515930176,-4.385704040527344,0.0,0.0,0.0,1.0],"isLocked":0}]},{"UID":2881115007,"ParentUID":4202656784,"Name":"LeftUpperArmFK","isStatic":0,"isBoneRoot":0,"baseState":[1.0,0.0,0.0,0.0,0.0,1.0,0.0,0.0,0.0,0.0,1.0,0.0,0.0,0.0,0.0,1.0],"Components":[{"Type":0,"Enabled":1,"Position":[0.0,0.0,0.0],"Rotation":[0.0,0.0,0.0,1.0],"Euler":[-0.0,0.0,-0.0],"Scale":[1.0,1.0,1.0],"Global":[0.2028515487909317,0.8471940755844116,0.49103283882141116,8.563364028930664,-0.9500160813331604,0.2918039560317993,-0.11099545657634735,72.77976989746094,-0.23732005059719087,-0.44397348165512087,0.8640408515930176,-4.385704040527344,0.0,0.0,0.0,1.0],"isLocked":0}]},{"UID":3230692032,"ParentUID":2881115007,"Name":"LeftLowerArmFK","isStatic":0,"isBoneRoot":0,"baseState":[1.0,0.0,0.0,0.0,0.0,1.0,0.0,0.0,0.0,0.0,1.0,0.0,0.0,0.0,0.0,1.0],"Components":[{"Type":0,"Enabled":1,"Position":[-1.5285317279343505e-15,1.5777218104420237e-30,25.116106033325197],"Rotation":[0.01157606765627861,-0.029623854905366899,-0.008396320044994355,0.9994588494300842],"Euler":[1.299706220626831,-3.405949831008911,-0.9240021109580994],"Scale":[1.0,1.0,1.0],"Global":[0.21664831042289735,0.8617196083068848,0.45880571007728579,20.896198272705079,-0.9598634243011475,0.2737679183483124,-0.06093747168779373,69.99199676513672,-0.17811733484268189,-0.42718881368637087,0.8864444494247437,17.315637588500978,0.0,0.0,0.0,1.0],"isLocked":0}]},{"UID":2346064504,"ParentUID":3230692032,"Name":"LeftWristFK","isStatic":0,"isBoneRoot":0,"baseState":[1.0,0.0,0.0,0.0,0.0,1.0,0.0,0.0,0.0,0.0,1.0,0.0,0.0,0.0,0.0,1.0],"Components":[{"Type":0,"Enabled":1,"Position":[3.899229436511373e-14,-1.262177448353619e-29,23.802845001220704],"Rotation":[0.0,-0.014149602502584458,0.0,0.9998999834060669],"Euler":[0.0,-1.6214791536331177,0.0],"Scale":[1.0,1.0,1.0],"Global":[0.22954408824443818,0.8617196083068848,0.4524916112422943,31.817079544067384,-0.961203396320343,0.2737679183483124,-0.03375242277979851,68.54151153564453,-0.15296286344528199,-0.42718881368637087,0.8911295533180237,38.41553497314453,0.0,0.0,0.0,1.0],"isLocked":0}]},{"UID":1547044371,"ParentUID":3891506694,"Name":"LeftUpperArm_$AssimpFbx$_Translation","isStatic":0,"isBoneRoot":0,"baseState":[1.0,0.0,0.0,0.0,0.0,1.0,0.0,0.0,0.0,0.0,1.0,0.0,0.0,0.0,0.0,1.0],"Components":[{"Type":0,"Enabled":1,"Position":[17.286542892456056,6.917708873748779,19.190275192260743],"Rotation":[0.0,0.0,0.0,1.0],"Euler":[-0.0,0.0,-0.0],"Scale":[1.0,1.0,1.0],"Global":[0.9512237906455994,-0.020618654787540437,-0.3078117072582245,8.563364028930664,0.30754554271698,0.1418645679950714,0.9408987164497376,72.77976989746094,0.02426750399172306,-0.9896713495254517,0.14128613471984864,-4.385704040527344,0.0,0.0,0.0,1.0],"isLocked":0}]},{"UID":637346012,"ParentUID":1547044371,"Name":"LeftUpperArm_$AssimpFbx$_PreRotation","isStatic":0,"isBoneRoot":0,"baseState":[1.0,0.0,0.0,0.0,0.0,1.0,0.0,0.0,0.0,0.0,1.0,0.0,0.0,0.0,0.0,1.0],"Components":[{"Type":0,"Enabled":1,"Position":[0.0,0.0,0.0],"Rotation":[0.0,0.7071068286895752,0.0,0.7071068286895752],"Euler":[0.0,90.0,0.0],"Scale":[1.0,1.0,1.0],"Global":[0.3078116774559021,-0.020618654787540437,0.9512237906455994,8.563364028930664,-0.9408987164497376,0.1418645679950714,0.3075455129146576,72.77976989746094,-0.14128613471984864,-0.9896713495254517,0.024267498403787614,-4.385704040527344,0.0,0.0,0.0,1.0],"isLocked":0}]},{"UID":3953934002,"ParentUID":637346012,"Name":"LeftUpperArm_$AssimpFbx$_Rotation","isStatic":0,"isBoneRoot":0,"baseState":[1.0,0.0,0.0,0.0,0.0,1.0,0.0,0.0,0.0,0.0,1.0,0.0,0.0,0.0,0.0,1.0],"Components":[{"Type":0,"Enabled":1,"Position":[0.0,0.0,0.0],"Rotation":[0.5178340077400208,0.06993471086025238,0.013773245736956597,0.8525065779685974],"Euler":[62.74095153808594,7.672128200531006,-2.830857276916504],"Scale":[0.9999999403953552,0.9999999403953552,0.9999999403953552],"Global":[0.2028515487909317,0.8471940755844116,0.49103283882141116,8.563364028930664,-0.9500160813331604,0.2918039560317993,-0.11099545657634735,72.77976989746094,-0.23732005059719087,-0.44397348165512087,0.8640408515930176,-4.385704040527344,0.0,0.0,0.0,1.0],"isLocked":0}]},{"UID":2604545991,"ParentUID":3953934002,"Name":"LeftUpperArm","isStatic":0,"isBoneRoot":0,"baseState":[1.0,0.0,0.0,0.0,0.0,1.0,0.0,0.0,0.0,0.0,1.0,0.0,0.0,0.0,0.0,1.0],"Components":[{"Type":0,"Enabled":1,"Position":[0.0,0.0,0.0],"Rotation":[0.0,0.0,0.0,1.0],"Euler":[-0.0,0.0,-0.0],"Scale":[1.0,1.0,1.0],"Global":[0.2028515487909317,0.8471940755844116,0.49103283882141116,8.563364028930664,-0.9500160813331604,0.2918039560317993,-0.11099545657634735,72.77976989746094,-0.23732005059719087,-0.44397348165512087,0.8640408515930176,-4.385704040527344,0.0,0.0,0.0,1.0],"isLocked":0}]},{"UID":2462480434,"ParentUID":2604545991,"Name":"LeftLowerArm","isStatic":0,"isBoneRoot":0,"baseState":[1.0,0.0,0.0,0.0,0.0,1.0,0.0,0.0,0.0,0.0,1.0,0.0,0.0,0.0,0.0,1.0],"Components":[{"Type":0,"Enabled":1,"Position":[-1.5285317279343505e-15,1.5777218104420237e-30,25.116106033325197],"Rotation":[0.01157606765627861,-0.029623854905366899,-0.008396320044994355,0.9994588494300842],"Euler":[1.299706220626831,-3.405949831008911,-0.9240021109580994],"Scale":[1.0,1.0,1.0],"Global":[0.21664831042289735,0.8617196083068848,0.45880571007728579,20.896198272705079,-0.9598634243011475,0.2737679183483124,-0.06093747168779373,69.99199676513672,-0.17811733484268189,-0.42718881368637087,0.8864444494247437,17.315637588500978,0.0,0.0,0.0,1.0],"isLocked":0}]},{"UID":3313049150,"ParentUID":2462480434,"Name":"LeftWrist","isStatic":0,"isBoneRoot":0,"baseState":[1.0,0.0,0.0,0.0,0.0,1.0,0.0,0.0,0.0,0.0,1.0,0.0,0.0,0.0,0.0,1.0],"Components":[{"Type":0,"Enabled":1,"Position":[3.899229436511373e-14,-1.262177448353619e-29,23.802845001220704],"Rotation":[0.0,-0.014149602502584458,0.0,0.9998999834060669],"Euler":[0.0,-1.6214791536331177,0.0],"Scale":[1.0,1.0,1.0],"Global":[0.22954408824443818,0.8617196083068848,0.4524916112422943,31.817079544067384,-0.961203396320343,0.2737679183483124,-0.03375242277979851,68.54151153564453,-0.15296286344528199,-0.42718881368637087,0.8911295533180237,38.41553497314453,0.0,0.0,0.0,1.0],"isLocked":0}]},{"UID":1410698210,"ParentUID":3313049150,"Name":"LeftWristEnd","isStatic":0,"isBo