{"GameObjects":[{"UID":211222017,"ParentUID":0,"Name":"Zone0","Static":0,"ActiveInHierarchy":1,"ActiveSelf":1,"isBoneRoot":1,"baseState":[1.0,0.0,0.0,0.0,0.0,1.0,0.0,0.0,0.0,0.0,1.0,0.0,0.0,0.0,0.0,1.0],"Components":[{"Type":0,"Enabled":1,"Position":[0.0,0.0,0.0],"Rotation":[0.0,0.0,0.0,1.0],"Euler":[-0.0,0.0,-0.0],"Scale":[1.0,1.0,1.0],"Global":[1.0,0.0,0.0,0.0,0.0,1.0,0.0,0.0,0.0,0.0,1.0,0.0,0.0,0.0,0.0,1.0]}]},{"UID":2785289424,"ParentUID":211222017,"Name":"Zone0_$AssimpFbx$_Translation","Static":0,"ActiveInHierarchy":1,"ActiveSelf":1,"isBoneRoot":0,"baseState":[1.0,0.0,0.0,0.0,0.0,1.0,0.0,0.0,0.0,0.0,1.0,0.0,0.0,0.0,0.0,1.0],"Components":[{"Type":0,"Enabled":1,"Position":[-21.0869140625,659.3587036132813,5.289306640625],"Rotation":[0.0,0.0,0.0,1.0],"Euler":[-0.0,0.0,-0.0],"Scale":[1.0,1.0,1.0],"Global":[1.0,0.0,0.0,-21.0869140625,0.0,1.0,0.0,659.3587036132813,0.0,0.0,1.0,5.289306640625,0.0,0.0,0.0,1.0]}]},{"UID":966068290,"ParentUID":2785289424,"Name":"Zone0_$AssimpFbx$_PreRotation","Static":0,"ActiveInHierarchy":1,"ActiveSelf":1,"isBoneRoot":0,"baseState":[1.0,0.0,0.0,0.0,0.0,1.0,0.0,0.0,0.0,0.0,1.0,0.0,0.0,0.0,0.0,1.0],"Components":[{"Type":0,"Enabled":1,"Position":[0.0,0.0,0.0],"Rotation":[-0.7071068286895752,0.0,0.0,0.7071068286895752],"Euler":[-90.00000762939453,0.0,0.0],"Scale":[1.0,1.0,1.0],"Global":[1.0,-0.0,0.0,-21.0869140625,0.0,-1.1920928955078126e-7,1.0000001192092896,659.3587036132813,0.0,-1.0000001192092896,-1.1920928955078126e-7,5.289306640625,0.0,0.0,0.0,1.0]}]},{"UID":2320827538,"ParentUID":966068290,"Name":"Zone0_$AssimpFbx$_Scaling","Static":0,"ActiveInHierarchy":1,"ActiveSelf":1,"isBoneRoot":0,"baseState":[1.0,0.0,0.0,0.0,0.0,1.0,0.0,0.0,0.0,0.0,1.0,0.0,0.0,0.0,0.0,1.0],"Components":[{"Type":0,"Enabled":1,"Position":[0.0,0.0,0.0],"Rotation":[0.0,0.0,0.0,1.0],"Euler":[-0.0,0.0,-0.0],"Scale":[10.127909660339356,6.272649765014648,52.324371337890628],"Global":[10.127909660339356,0.0,0.0,-21.0869140625,0.0,-7.477581220882712e-7,52.324378967285159,659.3587036132813,0.0,-6.272650718688965,-0.000006237551133381203,5.289306640625,0.0,0.0,0.0,1.0]}]},{"UID":3871377560,"ParentUID":2320827538,"Name":"Zone0","Static":0,"ActiveInHierarchy":1,"ActiveSelf":1,"isBoneRoot":0,"baseState":[1.0,0.0,0.0,0.0,0.0,1.0,0.0,0.0,0.0,0.0,1.0,0.0,0.0,0.0,0.0,1.0],"Components":[{"Type":0,"Enabled":1,"Position":[0.0,0.0,0.0],"Rotation":[0.0,0.0,0.0,1.0],"Euler":[-0.0,0.0,-0.0],"Scale":[1.0,1.0,1.0],"Global":[10.127909660339356,0.0,0.0,-21.0869140625,0.0,-7.477581220882712e-7,52.324378967285159,659.3587036132813,0.0,-6.272650718688965,-0.000006237551133381203,5.289306640625,0.0,0.0,0.0,1.0]}]},{"UID":615631784,"ParentUID":3871377560,"Name":"mesh","Static":0,"ActiveInHierarchy":1,"ActiveSelf":1,"isBoneRoot":0,"baseState":[1.0,0.0,0.0,0.0,0.0,1.0,0.0,0.0,0.0,0.0,1.0,0.0,0.0,0.0,0.0,1.0],"Components":[{"Type":1,"Enabled":1,"meshUID":2835637593,"materialFile":"Default"},{"Type":0,"Enabled":1,"Position":[0.0,0.0,0.0],"Rotation":[0.0,0.0,0.0,1.0],"Euler":[-0.0,0.0,-0.0],"Scale":[1.0,1.0,1.0],"Global":[10.127909660339356,0.0,0.0,-21.0869140625,0.0,-7.477581220882712e-7,52.324378967285159,659.3587036132813,0.0,-6.272650718688965,-0.000006237551133381203,5.289306640625,0.0,0.0,0.0,1.0]}]},{"UID":2840272063,"ParentUID":3871377560,"Name":"mesh","Static":0,"ActiveInHierarchy":1,"ActiveSelf":1,"isBoneRoot":0,"baseState":[1.0,0.0,0.0,0.0,0.0,1.0,0.0,0.0,0.0,0.0,1.0,0.0,0.0,0.0,0.0,1.0],"Components":[{"Type":1,"Enabled":1,"meshUID":3368711831,"materialFile":"Default"},{"Type":0,"Enabled":1,"Position":[0.0,0.0,0.0],"Rotation":[0.0,0.0,0.0,1.0],"Euler":[-0.0,0.0,-0.0],"Scale":[1.0,1.0,1.0],"Global":[10.127909660339356,0.0,0.0,-21.0869140625,0.0,-7.477581220882712e-7,52.324378967285159,659.3587036132813,0.0,-6.272650718688965,-0.000006237551133381203,5.289306640625,0.0,0.0,0.0,1.0]}]},{"UID":3724102410,"ParentUID":3871377560,"Name":"mesh","Static":0,"ActiveInHierarchy":1,"ActiveSelf":1,"isBoneRoot":0,"baseState":[1.0,0.0,0.0,0.0,0.0,1.0,0.0,0.0,0.0,0.0,1.0,0.0,0.0,0.0,0.0,1.0],"Components":[{"Type":1,"Enabled":1,"meshUID":2046007832,"materialFile":"Default"},{"Type":0,"Enabled":1,"Position":[0.0,0.0,0.0],"Rotation":[0.0,0.0,0.0,1.0],"Euler":[-0.0,0.0,-0.0],"Scale":[1.0,1.0,1.0],"Global":[10.127909660339356,0.0,0.0,-21.0869140625,0.0,-7.477581220882712e-7,52.324378967285159,659.3587036132813,0.0,-6.272650718688965,-0.000006237551133381203,5.289306640625,0.0,0.0,0.0,1.0]}]},{"UID":1242987467,"ParentUID":3871377560,"Name":"mesh","Static":0,"ActiveInHierarchy":1,"ActiveSelf":1,"isBoneRoot":0,"baseState":[1.0,0.0,0.0,0.0,0.0,1.0,0.0,0.0,0.0,0.0,1.0,0.0,0.0,0.0,0.0,1.0],"Components":[{"Type":1,"Enabled":1,"meshUID":1522961740,"materialFile":"Default"},{"Type":0,"Enabled":1,"Position":[0.0,0.0,0.0],"Rotation":[0.0,0.0,0.0,1.0],"Euler":[-0.0,0.0,-0.0],"Scale":[1.0,1.0,1.0],"Global":[10.127909660339356,0.0,0.0,-21.0869140625,0.0,-7.477581220882712e-7,52.324378967285159,659.3587036132813,0.0,-6.272650718688965,-0.000006237551133381203,5.289306640625,0.0,0.0,0.0,1.0]}]},{"UID":654109057,"ParentUID":3871377560,"Name":"mesh","Static":0,"ActiveInHierarchy":1,"ActiveSelf":1,"isBoneRoot":0,"baseState":[1.0,0.0,0.0,0.0,0.0,1.0,0.0,0.0,0.0,0.0,1.0,0.0,0.0,0.0,0.0,1.0],"Components":[{"Type":1,"Enabled":1,"meshUID":1690657797,"materialFile":"Default"},{"Type":0,"Enabled":1,"Position":[0.0,0.0,0.0],"Rotation":[0.0,0.0,0.0,1.0],"Euler":[-0.0,0.0,-0.0],"Scale":[1.0,1.0,1.0],"Global":[10.127909660339356,0.0,0.0,-21.0869140625,0.0,-7.477581220882712e-7,52.324378967285159,659.3587036132813,0.0,-6.272650718688965,-0.000006237551133381203,5.289306640625,0.0,0.0,0.0,1.0]}]},{"UID":1468379258,"ParentUID":3871377560,"Name":"mesh","Static":0,"ActiveInHierarchy":1,"ActiveSelf":1,"isBoneRoot":0,"baseState":[1.0,0.0,0.0,0.0,0.0,1.0,0.0,0.0,0.0,0.0,1.0,0.0,0.0,0.0,0.0,1.0],"Components":[{"Type":1,"Enabled":1,"meshUID":1539834111,"materialFile":"Default"},{"Type":0,"Enabled":1,"Position":[0.0,0.0,0.0],"Rotation":[0.0,0.0,0.0,1.0],"Euler":[-0.0,0.0,-0.0],"Scale":[1.0,1.0,1.0],"Global":[10.127909660339356,0.0,0.0,-21.0869140625,0.0,-7.477581220882712e-7,52.324378967285159,659.3587036132813,0.0,-6.272650718688965,-0.000006237551133381203,5.289306640625,0.0,0.0,0.0,1.0]}]},{"UID":128693751,"ParentUID":3871377560,"Name":"mesh","Static":0,"ActiveInHierarchy":1,"ActiveSelf":1,"isBoneRoot":0,"baseState":[1.0,0.0,0.0,0.0,0.0,1.0,0.0,0.0,0.0,0.0,1.0,0.0,0.0,0.0,0.0,1.0],"Components":[{"Type":1,"Enabled":1,"meshUID":1073023543,"materialFile":"Default"},{"Type":0,"Enabled":1,"Position":[0.0,0.0,0.0],"Rotation":[0.0,0.0,0.0,1.0],"Euler":[-0.0,0.0,-0.0],"Scale":[1.0,1.0,1.0],"Global":[10.127909660339356,0.0,0.0,-21.0869140625,0.0,-7.477581220882712e-7,52.324378967285159,659.3587036132813,0.0,-6.272650718688965,-0.000006237551133381203,5.289306640625,0.0,0.0,0.0,1.0]}]},{"UID":1948282972,"ParentUID":3871377560,"Name":"mesh","Static":0,"ActiveInHierarchy":1,"ActiveSelf":1,"isBoneRoot":0,"baseState":[1.0,0.0,0.0,0.0,0.0,1.0,0.0,0.0,0.0,0.0,1.0,0.0,0.0,0.0,0.0,1.0],"Components":[{"Type":1,"Enabled":1,"meshUID":637966000,"materialFile":"Default"},{"Type":0,"Enabled":1,"Position":[0.0,0.0,0.0],"Rotation":[0.0,0.0,0.0,1.0],"Euler":[-0.0,0.0,-0.0],"Scale":[1.0,1.0,1.0],"Global":[10.127909660339356,0.0,0.0,-21.0869140625,0.0,-7.477581220882712e-7,52.324378967285159,659.3587036132813,0.0,-6.272650718688965,-0.000006237551133381203,5.289306640625,0.0,0.0,0.0,1.0]}]},{"UID":4262520030,"ParentUID":3871377560,"Name":"mesh","Static":0,"ActiveInHierarchy":1,"ActiveSelf":1,"isBoneRoot":0,"baseState":[1.0,0.0,0.0,0.0,0.0,1.0,0.0,0.0,0.0,0.0,1.0,0.0,0.0,0.0,0.0,1.0],"Components":[{"Type":1,"Enabled":1,"meshUID":1210049133,"materialFile":"Default"},{"Type":0,"Enabled":1,"Position":[0.0,0.0,0.0],"Rotation":[0.0,0.0,0.0,1.0],"Euler":[-0.0,0.0,-0.0],"Scale":[1.0,1.0,1.0],"Global":[10.127909660339356,0.0,0.0,-21.0869140625,0.0,-7.477581220882712e-7,52.324378967285159,659.3587036132813,0.0,-6.272650718688965,-0.000006237551133381203,5.289306640625,0.0,0.0,0.0,1.0]}]},{"UID":1838562624,"ParentUID":3871377560,"Name":"mesh","Static":0,"ActiveInHierarchy":1,"ActiveSelf":1,"isBoneRoot":0,"baseState":[1.0,0.0,0.0,0.0,0.0,1.0,0.0,0.0,0.0,0.0,1.0,0.0,0.0,0.0,0.0,1.0],"Components":[{"Type":1,"Enabled":1,"meshUID":3837555781,"materialFile":"Default"},{"Type":0,"Enabled":1,"Position":[0.0,0.0,0.0],"Rotation":[0.0,0.0,0.0,1.0],"Euler":[-0.0,0.0,-0.0],"Scale":[1.0,1.0,1.0],"Global":[10.127909660339356,0.0,0.0,-21.0869140625,0.0,-7.477581220882712e-7,52.324378967285159,659.3587036132813,0.0,-6.272650718688965,-0.000006237551133381203,5.289306640625,0.0,0.0,0.0,1.0]}]},{"UID":2987667154,"ParentUID":3871377560,"Name":"mesh","Static":0,"ActiveInHierarchy":1,"ActiveSelf":1,"isBoneRoot":0,"baseState":[1.0,0.0,0.0,0.0,0.0,1.0,0.0,0.0,0.0,0.0,1.0,0.0,0.0,0.0,0.0,1.0],"Components":[{"Type":1,"Enabled":1,"meshUID":2388687611,"materialFile":"Default"},{"Type":0,"Enabled":1,"Position":[0.0,0.0,0.0],"Rotation":[0.0,0.0,0.0,1.0],"Euler":[-0.0,0.0,-0.0],"Scale":[1.0,1.0,1.0],"Global":[10.127909660339356,0.0,0.0,-21.0869140625,0.0,-7.477581220882712e-7,52.324378967285159,659.3587036132813,0.0,-6.272650718688965,-0.000006237551133381203,5.289306640625,0.0,0.0,0.0,1.0]}]},{"UID":3715103375,"ParentUID":3871377560,"Name":"mesh","Static":0,"ActiveInHierarchy":1,"ActiveSelf":1,"isBoneRoot":0,"baseState":[1.0,0.0,0.0,0.0,0.0,1.0,0.0,0.0,0.0,0.0,1.0,0.0,0.0,0.0,0.0,1.0],"Components":[{"Type":1,"Enabled":1,"meshUID":3282880335,"materialFile":"Default"},{"Type":0,"Enabled":1,"Position":[0.0,0.0,0.0],"Rotation":[0.0,0.0,0.0,1.0],"Euler":[-0.0,0.0,-0.0],"Scale":[1.0,1.0,1.0],"Global":[10.127909660339356,0.0,0.0,-21.0869140625,0.0,-7.477581220882712e-7,52.324378967285159,659.3587036132813,0.0,-6.272650718688965,-0.000006237551133381203,5.289306640625,0.0,0.0,0.0,1.0]}]},{"UID":1009215187,"ParentUID":3871377560,"Name":"mesh","Static":0,"ActiveInHierarchy":1,"ActiveSelf":1,"isBoneRoot":0,"baseState":[1.0,0.0,0.0,0.0,0.0,1.0,0.0,0.0,0.0,0.0,1.0,0.0,0.0,0.0,0.0,1.0],"Components":[{"Type":1,"Enabled":1,"meshUID":3474957329,"materialFile":"Default"},{"Type":0,"Enabled":1,"Position":[0.0,0.0,0.0],"Rotation":[0.0,0.0,0.0,1.0],"Euler":[-0.0,0.0,-0.0],"Scale":[1.0,1.0,1.0],"Global":[10.127909660339356,0.0,0.0,-21.0869140625,0.0,-7.477581220882712e-7,52.324378967285159,659.3587036132813,0.0,-6.272650718688965,-0.000006237551133381203,5.289306640625,0.0,0.0,0.0,1.0]}]},{"UID":938409455,"ParentUID":3871377560,"Name":"mesh","Static":0,"ActiveInHierarchy":1,"ActiveSelf":1,"isBoneRoot":0,"baseState":[1.0,0.0,0.0,0.0,0.0,1.0,0.0,0.0,0.0,0.0,1.0,0.0,0.0,0.0,0.0,1.0],"Components":[{"Type":1,"Enabled":1,"meshUID":482265008,"materialFile":"Default"},{"Type":0,"Enabled":1,"Position":[0.0,0.0,0.0],"Rotation":[0.0,0.0,0.0,1.0],"Euler":[-0.0,0.0,-0.0],"Scale":[1.0,1.0,1.0],"Global":[10.127909660339356,0.0,0.0,-21.0869140625,0.0,-7.477581220882712e-7,52.324378967285159,659.3587036132813,0.0,-6.272650718688965,-0.000006237551133381203,5.289306640625,0.0,0.0,0.0,1.0]}]},{"UID":136961442,"ParentUID":3871377560,"Name":"mesh","Static":0,"ActiveInHierarchy":1,"ActiveSelf":1,"isBoneRoot":0,"baseState":[1.0,0.0,0.0,0.0,0.0,1.0,0.0,0.0,0.0,0.0,1.0,0.0,0.0,0.0,0.0,1.0],"Components":[{"Type":1,"Enabled":1,"meshUID":2186640557,"materialFile":"Default"},{"Type":0,"Enabled":1,"Position":[0.0,0.0,0.0],"Rotation":[0.0,0.0,0.0,1.0],"Euler":[-0.0,0.0,-0.0],"Scale":[1.0,1.0,1.0],"Global":[10.127909660339356,0.0,0.0,-21.0869140625,0.0,-7.477581220882712e-7,52.324378967285159,659.3587036132813,0.0,-6.272650718688965,-0.000006237551133381203,5.289306640625,0.0,0.0,0.0,1.0]}]},{"UID":1026046216,"ParentUID":3871377560,"Name":"mesh","Static":0,"ActiveInHierarchy":1,"ActiveSelf":1,"isBoneRoot":0,"baseState":[1.0,0.0,0.0,0.0,0.0,1.0,0.0,0.0,0.0,0.0,1.0,0.0,0.0,0.0,0.0,1.0],"Components":[{"Type":1,"Enabled":1,"meshUID":856904086,"materialFile":"Default"},{"Type":0,"Enabled":1,"Position":[0.0,0.0,0.0],"Rotation":[0.0,0.0,0.0,1.0],"Euler":[-0.0,0.0,-0.0],"Scale":[1.0,1.0,1.0],"Global":[10.127909660339356,0.0,0.0,-21.0869140625,0.0,-7.477581220882712e-7,52.324378967285159,659.3587036132813,0.0,-6.272650718688965,-0.000006237551133381203,5.289306640625,0.0,0.0,0.0,1.0]}]},{"UID":3193750500,"ParentUID":0,"Name":"Player","Static":0,"ActiveInHierarchy":1,"ActiveSelf":1,"isBoneRoot":1,"baseState":[1.0,0.0,0.0,0.0,0.0,1.0,0.0,0.0,0.0,0.0,1.0,0.0,0.0,0.0,0.0,1.0],"Components":[{"Type":0,"Enabled":1,"Position":[0.0,0.0,0.0],"Rotation":[0.0,0.0,0.0,1.0],"Euler":[-0.0,0.0,-0.0],"Scale":[1.0,1.0,1.0],"Global":[1.0,0.0,0.0,0.0,0.0,1.0,0.0,0.0,0.0,0.0,1.0,0.0,0.0,0.0,0.0,1.0]},{"Type":9,"Enabled":1,"animUID":2585286007}]},{"UID":324090773,"ParentUID":3193750500,"Name":"Player_$AssimpFbx$_Translation","Static":0,"ActiveInHierarchy":1,"ActiveSelf":1,"isBoneRoot":0,"baseState":[1.0,0.0,0.0,0.0,0.0,1.0,0.0,0.0,0.0,0.0,1.0,0.0,0.0,0.0,0.0,1.0],"Components":[{"Type":0,"Enabled":1,"Position":[0.0,0.028208956122398378,0.0],"Rotation":[0.0,0.0,0.0,1.0],"Euler":[-0.0,0.0,-0.0],"Scale":[1.0,1.0,1.0],"Global":[1.0,0.0,0.0,0.0,0.0,1.0,0.0,0.028208956122398378,0.0,0.0,1.0,0.0,0.0,0.0,0.0,1.0]}]},{"UID":15430764,"ParentUID":324090773,"Name":"Player_$AssimpFbx$_RotationPivot","Static":0,"ActiveInHierarchy":1,"ActiveSelf":1,"isBoneRoot":0,"baseState":[1.0,0.0,0.0,0.0,0.0,1.0,0.0,0.0,0.0,0.0,1.0,0.0,0.0,0.0,0.0,1.0],"Components":[{"Type":0,"Enabled":1,"Position":[0.0,-0.02884424477815628,0.0],"Rotation":[0.0,0.0,0.0,1.0],"Euler":[-0.0,0.0,-0.0],"Scale":[1.0,1.0,1.0],"Global":[1.0,0.0,0.0,0.0,0.0,1.0,0.0,-0.000635288655757904,0.0,0.0,1.0,0.0,0.0,0.0,0.0,1.0]}]},{"UID":549631667,"ParentUID":15430764,"Name":"Player_$AssimpFbx$_RotationPivotInverse","Static":0,"ActiveInHierarchy":1,"ActiveSelf":1,"isBoneRoot":0,"baseState":[1.0,0.0,0.0,0.0,0.0,1.0,0.0,0.0,0.0,0.0,1.0,0.0,0.0,0.0,0.0,1.0],"Components":[{"Type":0,"Enabled":1,"Position":[-0.0,0.02884424477815628,-0.0],"Rotation":[0.0,0.0,0.0,1.0],"Euler":[-0.0,0.0,-0.0],"Scale":[1.0,1.0,1.0],"Global":[1.0,0.0,0.0,0.0,0.0,1.0,0.0,0.028208956122398378,0.0,0.0,1.0,0.0,0.0,0.0,0.0,1.0]}]},{"UID":3523913363,"ParentUID":549631667,"Name":"Player_$AssimpFbx$_ScalingPivot","Static":0,"ActiveInHierarchy":1,"ActiveSelf":1,"isBoneRoot":0,"baseState":[1.0,0.0,0.0,0.0,0.0,1.0,0.0,0.0,0.0,0.0,1.0,0.0,0.0,0.0,0.0,1.0],"Components":[{"Type":0,"Enabled":1,"Position":[0.0,-0.02884424477815628,0.0],"Rotation":[0.0,0.0,0.0,1.0],"Euler":[-0.0,0.0,-0.0],"Scale":[1.0,1.0,1.0],"Global":[1.0,0.0,0.0,0.0,0.0,1.0,0.0,-0.000635288655757904,0.0,0.0,1.0,0.0,0.0,0.0,0.0,1.0]}]},{"UID":2180825007,"ParentUID":3523913363,"Name":"Player_$AssimpFbx$_ScalingPivotInverse","Static":0,"ActiveInHierarchy":1,"ActiveSelf":1,"isBoneRoot":0,"baseState":[1.0,0.0,0.0,0.0,0.0,1.0,0.0,0.0,0.0,0.0,1.0,0.0,0.0,0.0,0.0,1.0],"Components":[{"Type":0,"Enabled":1,"Position":[-0.0,0.02884424477815628,-0.0],"Rotation":[0.0,0.0,0.0,1.0],"Euler":[-0.0,0.0,-0.0],"Scale":[1.0,1.0,1.0],"Global":[1.0,0.0,0.0,0.0,0.0,1.0,0.0,0.028208956122398378,0.0,0.0,1.0,0.0,0.0,0.0,0.0,1.0]}]},{"UID":646678831,"ParentUID":2180825007,"Name":"Player","Static":0,"ActiveInHierarchy":1,"ActiveSelf":1,"isBoneRoot":0,"baseState":[1.0,0.0,0.0,0.0,0.0,1.0,0.0,0.0,0.0,0.0,1.0,0.0,0.0,0.0,0.0,1.0],"Components":[{"Type":0,"Enabled":1,"Position":[0.0,0.0,0.0],"Rotation":[0.0,0.0,0.0,1.0],"Euler":[-0.0,0.0,-0.0],"Scale":[1.0,1.0,1.0],"Global":[1.0,0.0,0.0,0.0,0.0,1.0,0.0,0.028208956122398378,0.0,0.0,1.0,0.0,0.0,0.0,0.0,1.0]}]},{"UID":2123436975,"ParentUID":646678831,"Name":"mesh","Static":0,"ActiveInHierarchy":1,"ActiveSelf":1,"isBoneRoot":0,"baseState":[1.0,0.0,0.0,0.0,0.0,1.0,0.0,0.0,0.0,0.0,1.0,0.0,0.0,0.0,0.0,1.0],"Components":[{"Type":1,"Enabled":1,"meshUID":1861801052,"materialFile":"Default"},{"Type":0,"Enabled":1,"Position":[0.0,0.0,0.0],"Rotation":[0.0,0.0,0.0,1.0],"Euler":[-0.0,0.0,-0.0],"Scale":[1.0,1.0,1.0],"Global":[1.0,0.0,0.0,0.0,0.0,1.0,0.0,0.028208956122398378,0.0,0.0,1.0,0.0,0.0,0.0,0.0,1.0]}]},{"UID":3092066231,"ParentUID":3193750500,"Name":"PlayerCtrl_$AssimpFbx$_RotationPivot","Static":0,"ActiveInHierarchy":1,"ActiveSelf":1,"isBoneRoot":0,"baseState":[1.0,0.0,0.0,0.0,0.0,1.0,0.0,0.0,0.0,0.0,1.0,0.0,0.0,0.0,0.0,1.0],"Components":[{"Type":0,"Enabled":1,"Position":[-2.0,0.0,0.0],"Rotation":[0.0,0.0,0.0,1.0],"Euler":[-0.0,0.0,-0.0],"Scale":[1.0,1.0,1.0],"Global":[1.0,0.0,0.0,-2.0,0.0,1.0,0.0,0.0,0.0,0.0,1.0,0.0,0.0,0.0,0.0,1.0]}]},{"UID":2972569146,"ParentUID":3092066231,"Name":"PlayerCtrl_$AssimpFbx$_RotationPivotInverse","Static":0,"ActiveInHierarchy":1,"ActiveSelf":1,"isBoneRoot":0,"baseState":[1.0,0.0,0.0,0.0,0.0,1.0,0.0,0.0,0.0,0.0,1.0,0.0,0.0,0.0,0.0,1.0],"Components":[{"Type":0,"Enabled":1,"Position":[2.0,-0.0,-0.0],"Rotation":[0.0,0.0,0.0,1.0],"Euler":[-0.0,0.0,-0.0],"Scale":[1.0,1.0,1.0],"Global":[1.0,0.0,0.0,0.0,0.0,1.0,0.0,0.0,0.0,0.0,1.0,0.0,0.0,0.0,0.0,1.0]}]},{"UID":642913298,"ParentUID":2972569146,"Name":"PlayerCtrl_$AssimpFbx$_ScalingPivot","Static":0,"ActiveInHierarchy":1,"ActiveSelf":1,"isBoneRoot":0,"baseState":[1.0,0.0,0.0,0.0,0.0,1.0,0.0,0.0,0.0,0.0,1.0,0.0,0.0,0.0,0.0,1.0],"Components":[{"Type":0,"Enabled":1,"Position":[-2.0,0.0,0.0],"Rotation":[0.0,0.0,0.0,1.0],"Euler":[-0.0,0.0,-0.0],"Scale":[1.0,1.0,1.0],"Global":[1.0,0.0,0.0,-2.0,0.0,1.0,0.0,0.0,0.0,0.0,1.0,0.0,0.0,0.0,0.0,1.0]}]},{"UID":2960435911,"ParentUID":642913298,"Name":"PlayerCtrl_$AssimpFbx$_ScalingPivotInverse","Static":0,"ActiveInHierarchy":1,"ActiveSelf":1,"isBoneRoot":0,"baseState":[1.0,0.0,0.0,0.0,0.0,1.0,0.0,0.0,0.0,0.0,1.0,0.0,0.0,0.0,0.0,1.0],"Components":[{"Type":0,"Enabled":1,"Position":[2.0,-0.0,-0.0],"Rotation":[0.0,0.0,0.0,1.0],"Euler":[-0.0,0.0,-0.0],"Scale":[1.0,1.0,1.0],"Global":[1.0,0.0,0.0,0.0,0.0,1.0,0.0,0.0,0.0,0.0,1.0,0.0,0.0,0.0,0.0,1.0]}]},{"UID":1873815003,"ParentUID":2960435911,"Name":"PlayerCtrl","Static":0,"ActiveInHierarchy":1,"ActiveSelf":1,"isBoneRoot":0,"baseState":[1.0,0.0,0.0,0.0,0.0,1.0,0.0,0.0,0.0,0.0,1.0,0.0,0.0,0.0,0.0,1.0],"Components":[{"Type":0,"Enabled":1,"Position":[0.0,0.0,0.0],"Rotation":[0.0,0.0,0.0,1.0],"Euler":[-0.0,0.0,-0.0],"Scale":[1.0,1.0,1.0],"Global":[1.0,0.0,0.0,0.0,0.0,1.0,0.0,0.0,0.0,0.0,1.0,0.0,0.0,0.0,0.0,1.0]}]},{"UID":430719073,"ParentUID":1873815003,"Name":"Ctrl_Grp","Static":0,"ActiveInHierarchy":1,"ActiveSelf":1,"isBoneRoot":0,"baseState":[1.0,0.0,0.0,0.0,0.0,1.0,0.0,0.0,0.0,0.0,1.0,0.0,0.0,0.0,0.0,1.0],"Components":[{"Type":0,"Enabled":1,"Position":[0.0,0.0,0.0],"Rotation":[0.0,0.0,0.0,1.0],"Euler":[-0.0,0.0,-0.0],"Scale":[1.0,1.0,1.0],"Global":[1.0,0.0,0.0,0.0,0.0,1.0,0.0,0.0,0.0,0.0,1.0,0.0,0.0,0.0,0.0,1.0]}]},{"UID":1187073112,"ParentUID":430719073,"Name":"Gun_$AssimpFbx$_Translation","Static":0,"ActiveInHierarchy":1,"ActiveSelf":1,"isBoneRoot":0,"baseState":[1.0,0.0,0.0,0.0,0.0,1.0,0.0,0.0,0.0,0.0,1.0,0.0,0.0,0.0,0.0,1.0],"Components":[{"Type":0,"Enabled":1,"Position":[-40.25261688232422,26.91025733947754,-18.04804039001465],"Rotation":[0.0,0.0,0.0,1.0],"Euler":[-0.0,0.0,-0.0],"Scale":[1.0,1.0,1.0],"Global":[1.0,0.0,0.0,-40.25261688232422,0.0,1.0,0.0,26.91025733947754,0.0,0.0,1.0,-18.04804039001465,0.0,0.0,0.0,1.0]}]},{"UID":216909848,"ParentUID":1187073112,"Name":"Gun_$AssimpFbx$_PreRotation","Static":0,"ActiveInHierarchy":1,"ActiveSelf":1,"isBoneRoot":0,"baseState":[1.0,0.0,0.0,0.0,0.0,1.0,0.0,0.0,0.0,0.0,1.0,0.0,0.0,0.0,0.0,1.0],"Components":[{"Type":0,"Enabled":1,"Position":[0.0,0.0,0.0],"Rotation":[0.4482978880405426,-0.4482978582382202,0.5468354821205139,0.5468354225158691],"Euler":[78.6900634765625,0.000005122641596244648,90.0],"Scale":[1.0,1.0,1.0],"Global":[0.0,-1.0,8.940696716308594e-8,-40.25261688232422,0.19611608982086183,-1.1920928955078126e-7,-0.9805806875228882,26.91025733947754,0.9805806875228882,0.0,0.19611608982086183,-18.04804039001465,0.0,0.0,0.0,1.0]}]},{"UID":2059526832,"ParentUID":216909848,"Name":"Gun_$AssimpFbx$_Rotation","Static":0,"ActiveInHierarchy":1,"ActiveSelf":1,"isBoneRoot":0,"baseState":[1.0,0.0,0.0,0.0,0.0,1.0,0.0,0.0,0.0,0.0,1.0,0.0,0.0,0.0,0.0,1.0],"Components":[{"Type":0,"Enabled":1,"Position":[0.0,0.0,0.0],"Rotation":[0.0,0.0,0.0,1.0],"Euler":[-0.0,0.0,-0.0],"Scale":[1.0,1.0,1.0],"Global":[0.0,-1.0,8.940696716308594e-8,-40.25261688232422,0.19611608982086183,-1.1920928955078126e-7,-0.9805806875228882,26.91025733947754,0.9805806875228882,0.0,0.19611608982086183,-18.04804039001465,0.0,0.0,0.0,1.0]}]},{"UID":531079429,"ParentUID":2059526832,"Name":"Gun","Static":0,"ActiveInHierarchy":1,"ActiveSelf":1,"isBoneRoot":0,"baseState":[1.0,0.0,0.0,0.0,0.0,1.0,0.0,0.0,0.0,0.0,1.0,0.0,0.0,0.0,0.0,1.0],"Components":[{"Type":0,"Enabled":1,"Position":[0.0,0.0,0.0],"Rotation":[0.0,0.0,0.0,1.0],"Euler":[-0.0,0.0,-0.0],"Scale":[1.0,1.0,1.0],"Global":[0.0,-1.0,8.940696716308594e-8,-40.25261688232422,0.19611608982086183,-1.1920928955078126e-7,-0.9805806875228882,26.91025733947754,0.9805806875228882,0.0,0.19611608982086183,-18.04804039001465,0.0,0.0,0.0,1.0]}]},{"UID":4063092064,"ParentUID":531079429,"Name":"GunBarrelStretch_$AssimpFbx$_Translation","Static":0,"ActiveInHierarchy":1,"ActiveSelf":1,"isBoneRoot":0,"baseState":[1.0,0.0,0.0,0.0,0.0,1.0,0.0,0.0,0.0,0.0,1.0,0.0,0.0,0.0,0.0,1.0],"Components":[{"Type":0,"Enabled":1,"Position":[29.340702056884767,-0.0000019073459043283947,2.0117011070251467],"Rotation":[0.0,0.0,0.0,1.0],"Euler":[-0.0,0.0,-0.0],"Scale":[1.0,1.0,1.0],"Global":[0.0,-1.0,8.940696716308594e-8,-40.25261306762695,0.19611608982086183,-1.1920928955078126e-7,-0.9805806875228882,30.69180679321289,0.9805806875228882,0.0,0.19611608982086183,11.117412567138672,0.0,0.0,0.0,1.0]}]},{"UID":4021951639,"ParentUID":4063092064,"Name":"GunBarrelStretch_$AssimpFbx$_PreRotation","Static":0,"ActiveInHierarchy":1,"ActiveSelf":1,"isBoneRoot":0,"baseState":[1.0,0.0,0.0,0.0,0.0,1.0,0.0,0.0,0.0,0.0,1.0,0.0,0.0,0.0,0.0,1.0],"Components":[{"Type":0,"Enabled":1,"Position":[0.0,0.0,0.0],"Rotation":[0.0,0.6339218616485596,0.0,0.7733970880508423],"Euler":[-0.0,78.68013000488281,-0.0],"Scale":[1.0,1.0,1.0],"Global":[-8.766770065449237e-8,-1.0,1.754934864095503e-8,-40.25261306762695,1.0,-1.1920928955078126e-7,-0.00017341971397399902,30.69180679321289,0.00017341971397399902,0.0,1.0,11.117412567138672,0.0,0.0,0.0,1.0]}]},{"UID":1188544354,"ParentUID":4021951639,"Name":"GunBarrelStretch_$AssimpFbx$_Rotation","Static":0,"ActiveInHierarchy":1,"ActiveSelf":1,"isBoneRoot":0,"baseState":[1.0,0.0,0.0,0.0,0.0,1.0,0.0,0.0,0.0,0.0,1.0,0.0,0.0,0.0,0.0,1.0],"Components":[{"Type":0,"Enabled":1,"Position":[0.0,0.0,0.0],"Rotation":[0.0,0.0,0.0,1.0],"Euler":[-0.0,0.0,-0.0],"Scale":[1.0,1.0,1.0],"Global":[-8.766770065449237e-8,-1.0,1.754934864095503e-8,-40.25261306762695,1.0,-1.1920928955078126e-7,-0.00017341971397399902,30.69180679321289,0.00017341971397399902,0.0,1.0,11.117412567138672,0.0,0.0,0.0,1.0]}]},{"UID":128796250,"ParentUID":1188544354,"Name":"GunBarrelStretch","Static":0,"ActiveInHierarchy":1,"ActiveSelf":1,"isBoneRoot":0,"baseState":[1.0,0.0,0.0,0.0,0.0,1.0,0.0,0.0,0.0,0.0,1.0,0.0,0.0,0.0,0.0,1.0],"Components":[{"Type":0,"Enabled":1,"Position":[0.0,0.0,0.0],"Rotation":[0.0,0.0,0.0,1.0],"Euler":[-0.0,0.0,-0.0],"Scale":[1.0,1.0,1.0],"Global":[-8.766770065449237e-8,-1.0,1.754934864095503e-8,-40.25261306762695,1.0,-1.1920928955078126e-7,-0.00017341971397399902,30.69180679321289,0.00017341971397399902,0.0,1.0,11.117412567138672,0.0,0.0,0.0,1.0]}]},{"UID":2857362916,"ParentUID":128796250,"Name":"GunBarrelEnd_$AssimpFbx$_Translation","Static":0,"ActiveInHierarchy":1,"ActiveSelf":1,"isBoneRoot":0,"baseState":[1.0,0.0,0.0,0.0,0.0,1.0,0.0,0.0,0.0,0.0,1.0,0.0,0.0,0.0,0.0,1.0],"Components":[{"Type":0,"Enabled":1,"Position":[2.1316282072803007e-14,-2.7817748105007922e-12,63.14011001586914],"Rotation":[0.0,0.0,0.0,1.0],"Euler":[-0.0,0.0,-0.0],"Scale":[1.0,1.0,1.0],"Global":[-8.766770065449237e-8,-1.0,1.754934864095503e-8,-40.25261306762695,1.0,-1.1920928955078126e-7,-0.00017341971397399902,30.680856704711915,0.00017341971397399902,0.0,1.0,74.25752258300781,0.0,0.0,0.0,1.0]}]},{"UID":3616922180,"ParentUID":2857362916,"Name":"GunBarrelEnd_$AssimpFbx$_PreRotation","Static":0,"ActiveInHierarchy":1,"ActiveSelf":1,"isBoneRoot":0,"baseState":[1.0,0.0,0.0,0.0,0.0,1.0,0.0,0.0,0.0,0.0,1.0,0.0,0.0,0.0,0.0,1.0],"Components":[{"Type":0,"Enabled":1,"Position":[0.0,0.0,0.0],"Rotation":[-0.00006129914982011542,0.00006129915709607303,-0.7071068286895752,0.7071068286895752],"Euler":[4.168816403193887e-10,0.009933952242136002,-90.00000762939453],"Scale":[1.0,1.0,1.0],"Global":[1.0000001192092896,3.1538540667952478e-8,1.7541424313094468e-8,-40.25261306762695,1.5472649203540635e-14,1.0000001192092896,-3.952300176024437e-8,30.680856704711915,-2.794919851112354e-11,3.9537553675472739e-8,1.0,74.25752258300781,0.0,0.0,0.0,1.0]}]},{"UID":3863983349,"ParentUID":3616922180,"Name":"GunBarrelEnd","Static":0,"ActiveInHierarchy":1,"ActiveSelf":1,"isBoneRoot":0,"baseState":[1.0,0.0,0.0,0.0,0.0,1.0,0.0,0.0,0.0,0.0,1.0,0.0,0.0,0.0,0.0,1.0],"Components":[{"Type":0,"Enabled":1,"Position":[0.0,0.0,0.0],"Rotation":[0.0,0.0,0.0,1.0],"Euler":[-0.0,0.0,-0.0],"Scale":[1.0,1.0,1.0],"Global":[1.0000001192092896,3.1538540667952478e-8,1.7541424313094468e-8,-40.25261306762695,1.5472649203540635e-14,1.0000001192092896,-3.952300176024437e-8,30.680856704711915,-2.794919851112354e-11,3.9537553675472739e-8,1.0,74.25752258300781,0.0,0.0,0.0,1.0]}]},{"UID":1933833858,"ParentUID":1873815003,"Name":"Root","Static":0,"ActiveInHierarchy":1,"ActiveSelf":1,"isBoneRoot":0,"baseState":[1.0,0.0,0.0,0.0,0.0,1.0,0.0,0.0,0.0,0.0,1.0,0.0,0.0,0.0,0.0,1.0],"Components":[{"Type":0,"Enabled":1,"Position":[0.0,0.0,0.0],"Rotation":[0.0,0.0,0.0,1.0],"Euler":[-0.0,0.0,-0.0],"Scale":[1.0,1.0,1.0],"Global":[1.0,0.0,0.0,0.0,0.0,1.0,0.0,0.0,0.0,0.0,1.0,0.0,0.0,0.0,0.0,1.0]}]},{"UID":3618244607,"ParentUID":1933833858,"Name":"Hips_$AssimpFbx$_Translation","Static":0,"ActiveInHierarchy":1,"ActiveSelf":1,"isBoneRoot":0,"baseState":[1.0,0.0,0.0,0.0,0.0,1.0,0.0,0.0,0.0,0.0,1.0,0.0,0.0,0.0,0.0,1.0],"Components":[{"Type":0,"Enabled":1,"Position":[-13.460859298706055,16.36138153076172,-4.540376663208008],"Rotation":[0.0,0.0,0.0,1.0],"Euler":[-0.0,0.0,-0.0],"Scale":[1.0,1.0,1.0],"Global":[1.0,0.0,0.0,-13.460859298706055,0.0,1.0,0.0,16.36138153076172,0.0,0.0,1.0,-4.540376663208008,0.0,0.0,0.0,1.0]}]},{"UID":527912419,"ParentUID":3618244607,"Name":"Hips_$AssimpFbx$_PreRotation","Static":0,"ActiveInHierarchy":1,"ActiveSelf":1,"isBoneRoot":0,"baseState":[1.0,0.0,0.0,0.0,0.0,1.0,0.0,0.0,0.0,0.0,1.0,0.0,0.0,0.0,0.0,1.0],"Components":[{"Type":0,"Enabled":1,"Position":[0.0,0.0,0.0],"Rotation":[-0.6859511137008667,0.0,0.0,0.7276476621627808],"Euler":[-86.62089538574219,0.0,0.0],"Scale":[1.0,1.0,1.0],"Global":[1.0,0.0,0.0,-13.460859298706055,0.0,0.05894213914871216,0.9982614517211914,16.36138153076172,0.0,-0.9982614517211914,0.05894213914871216,-4.540376663208008,0.0,0.0,0.0,1.0]}]},{"UID":2406929063,"ParentUID":527912419,"Name":"Hips_$AssimpFbx$_Rotation","Static":0,"ActiveInHierarchy":1,"ActiveSelf":1,"isBoneRoot":0,"baseState":[1.0,0.0,0.0,0.0,0.0,1.0,0.0,0.0,0.0,0.0,1.0,0.0,0.0,0.0,0.0,1.0],"Components":[{"Type":0,"Enabled":1,"Position":[0.0,0.0,0.0],"Rotation":[0.0,0.0,0.0,1.0],"Euler":[-0.0,0.0,-0.0],"Scale":[1.0,1.0,1.0],"Global":[1.0,0.0,0.0,-13.460859298706055,0.0,0.05894213914871216,0.9982614517211914,16.36138153076172,0.0,-0.9982614517211914,0.05894213914871216,-4.540376663208008,0.0,0.0,0.0,1.0]}]},{"UID":1594666760,"ParentUID":2406929063,"Name":"Hips","Static":0,"ActiveInHierarchy":1,"ActiveSelf":1,"isBoneRoot":0,"baseState":[1.0,0.0,0.0,0.0,0.0,1.0,0.0,0.0,0.0,0.0,1.0,0.0,0.0,0.0,0.0,1.0],"Components":[{"Type":0,"Enabled":1,"Position":[0.0,0.0,0.0],"Rotation":[0.0,0.0,0.0,1.0],"Euler":[-0.0,0.0,-0.0],"Scale":[1.0,1.0,1.0],"Global":[1.0,0.0,0.0,-13.460859298706055,0.0,0.05894213914871216,0.9982614517211914,16.36138153076172,0.0,-0.9982614517211914,0.05894213914871216,-4.540376663208008,0.0,0.0,0.0,1.0]}]},{"UID":165319825,"ParentUID":1594666760,"Name":"Tail1_$AssimpFbx$_Translation","Static":0,"ActiveInHierarchy":1,"ActiveSelf":1,"isBoneRoot":0,"baseState":[1.0,0.0,0.0,0.0,0.0,1.0,0.0,0.0,0.0,0.0,1.0,0.0,0.0,0.0,0.0,1.0],"Components":[{"Type":0,"Enabled":1,"Position":[0.09591574221849442,13.50897216796875,3.4315316677093508],"Rotation":[0.0,0.0,0.0,1.0],"Euler":[-0.0,0.0,-0.0],"Scale":[1.0,1.0,1.0],"Global":[1.0,0.0,0.0,-13.364943504333496,0.0,0.05894213914871216,0.9982614517211914,20.583194732666017,0.0,-0.9982614517211914,0.05894213914871216,-17.82360076904297,0.0,0.0,0.0,1.0]}]},{"UID":2291485814,"ParentUID":165319825,"Name":"Tail1_$AssimpFbx$_PreRotation","Static":0,"ActiveInHierarchy":1,"ActiveSelf":1,"isBoneRoot":0,"baseState":[1.0,0.0,0.0,0.0,0.0,1.0,0.0,0.0,0.0,0.0,1.0,0.0,0.0,0.0,0.0,1.0],"Components":[{"Type":0,"Enabled":1,"Position":[0.0,0.0,0.0],"Rotation":[0.90977543592453,0.0017177591798827053,-0.003764995140954852,-0.4150802195072174],"Euler":[-130.9508056640625,-0.47422054409980776,-1.3340670790285003e-8],"Scale":[1.0,0.9999999403953552,0.9999999403953552],"Global":[0.9999657273292542,2.3283062977608183e-10,-0.008276615291833878,-13.364943504333496,-0.00504670012742281,-0.7925906777381897,-0.6097332835197449,20.583194732666017,-0.006559968926012516,0.6097540855407715,-0.7925635576248169,-17.82360076904297,0.0,0.0,0.0,1.0]}]},{"UID":1290543474,"ParentUID":2291485814,"Name":"Tail1_$AssimpFbx$_Rotation","Static":0,"ActiveInHierarchy":1,"ActiveSelf":1,"isBoneRoot":0,"baseState":[1.0,0.0,0.0,0.0,0.0,1.0,0.0,0.0,0.0,0.0,1.0,0.0,0.0,0.0,0.0,1.0],"Components":[{"Type":0,"Enabled":1,"Position":[0.0,0.0,0.0],"Rotation":[0.1715678572654724,0.0020388246048241855,0.0010709846392273903,0.9851696491241455],"Euler":[19.757854461669923,0.2512238025665283,0.08082278072834015],"Scale":[0.9999999403953552,0.9999999403953552,1.0],"Global":[0.9999852776527405,-0.004208480939269066,-0.0034047747030854227,-13.364943504333496,-0.005048331804573536,-0.9520421624183655,-0.3059253394603729,20.583194732666017,-0.00195400882512331,0.30593791604042055,-0.9520494341850281,-17.82360076904297,0.0,0.0,0.0,1.0]}]},{"UID":3464679897,"ParentUID":1290543474,"Name":"Tail1","Static":0,"ActiveInHierarchy":1,"ActiveSelf":1,"isBoneRoot":0,"baseState":[1.0,0.0,0.0,0.0,0.0,1.0,0.0,0.0,0.0,0.0,1.0,0.0,0.0,0.0,0.0,1.0],"Components":[{"Type":0,"Enabled":1,"Position":[0.0,0.0,0.0],"Rotation":[0.0,0.0,0.0,1.0],"Euler":[-0.0,0.0,-0.0],"Scale":[1.0,1.0,1.0],"Global":[0.9999852776527405,-0.004208480939269066,-0.0034047747030854227,-13.364943504333496,-0.005048331804573536,-0.9520421624183655,-0.3059253394603729,20.583194732666017,-0.00195400882512331,0.30593791604042055,-0.9520494341850281,-17.82360076904297,0.0,0.0,0.0,1.0]}]},{"UID":3278162680,"ParentUID":3464679897,"Name":"Tail2_$AssimpFbx$_Translation","Static":0,"ActiveInHierarchy":1,"ActiveSelf":1,"isBoneRoot":0,"baseState":[1.0,0.0,0.0,0.0,0.0,1.0,0.0,0.0,0.0,0.0,1.0,0.0,0.0,0.0,0.0,1.0],"Components":[{"Type":0,"Enabled":1,"Position":[-2.2032933235168459,10.826773643493653,7.460284233093262],"Rotation":[0.0,0.0,0.0,1.0],"Euler":[-0.0,0.0,-0.0],"Scale":[1.0,1.0,1.0],"Global":[0.9999852776527405,-0.004208480939269066,-0.0034047747030854227,-15.639169692993164,-0.005048331804573536,-0.9520421624183655,-0.3059253394603729,8.00448226928711,-0.00195400882512331,0.30593791604042055,-0.9520494341850281,-21.609535217285158,0.0,0.0,0.0,1.0]}]},{"UID":2683297271,"ParentUID":3278162680,"Name":"Tail2_$AssimpFbx$_PreRotation","Static":0,"ActiveInHierarchy":1,"ActiveSelf":1,"isBoneRoot":0,"baseState":[1.0,0.0,0.0,0.0,0.0,1.0,0.0,0.0,0.0,0.0,1.0,0.0,0.0,0.0,0.0,1.0],"Components":[{"Type":0,"Enabled":1,"Position":[0.0,0.0,0.0],"Rotation":[0.27228251099586489,0.0039819832891225819,-0.0011268079979345203,0.9622084498405457],"Euler":[31.601423263549806,0.4039027988910675,-0.24849286675453187],"Scale":[0.9999999403953552,1.0,0.9999999403953552],"Global":[0.9999791383743286,-0.001031642546877265,0.00635466817766428,-15.639169692993164,-0.002516132779419422,-0.9711946249008179,0.23827442526817323,8.00448226928711,0.0059258053079247479,-0.23828557133674622,-0.9711769819259644,-21.609535217285158,0.0,0.0,0.0,1.0]}]},{"UID":1382066363,"ParentUID":2683297271,"Name":"Tail2_$AssimpFbx$_Rotation","Static":0,"ActiveInHierarchy":1,"ActiveSelf":1,"isBoneRoot":0,"baseState":[1.0,0.0,0.0,0.0,0.0,1.0,0.0,0.0,0.0,0.0,1.0,0.0,0.0,0.0,0.0,1.0],"Components":[{"Type":0,"Enabled":1,"Position":[0.0,0.0,0.0],"Rotation":[-0.27229100465774538,-0.004526485223323107,-0.0010878689354285598,0.9622036814689636],"Euler":[-31.602689743041993,-0.465153306722641,-0.2611949145793915],"Scale":[1.0,1.0,1.0],"Global":[0.9999945759773254,0.0003500112798064947,-0.003246680833399296,-15.639169692993164,-0.0006601379718631506,-0.9520435333251953,-0.3059617280960083,8.00448226928711,-0.003198071848601103,0.3059621751308441,-0.9520382285118103,-21.609535217285158,0.0,0.0,0.0,1.0]}]},{"UID":3403706091,"ParentUID":1382066363,"Name":"Tail2","Static":0,"ActiveInHierarchy":1,"ActiveSelf":1,"isBoneRoot":0,"baseState":[1.0,0.0,0.0,0.0,0.0,1.0,0.0,0.0,0.0,0.0,1.0,0.0,0.0,0.0,0.0,1.0],"Components":[{"Type":0,"Enabled":1,"Position":[0.0,0.0,0.0],"Rotation":[0.0,0.0,0.0,1.0],"Euler":[-0.0,0.0,-0.0],"Scale":[1.0,1.0,1.0],"Global":[0.9999945759773254,0.0003500112798064947,-0.003246680833399296,-15.639169692993164,-0.0006601379718631506,-0.9520435333251953,-0.3059617280960083,8.00448226928711,-0.003198071848601103,0.3059621751308441,-0.9520382285118103,-21.609535217285158,0.0,0.0,0.0,1.0]}]},{"UID":3198357122,"ParentUID":3403706091,"Name":"Tail3_$AssimpFbx$_Translation","Static":0,"ActiveInHierarchy":1,"ActiveSelf":1,"isBoneRoot":0,"baseState":[1.0,0.0,0.0,0.0,0.0,1.0,0.0,0.0,0.0,0.0,1.0,0.0,0.0,0.0,0.0,1.0],"Components":[{"Type":0,"Enabled":1,"Position":[5.15371979033924e-13,1.6431300764452318e-14,17.295822143554689],"Rotation":[0.0,0.0,0.0,1.0],"Euler":[-0.0,0.0,-0.0],"Scale":[1.0,1.0,1.0],"Global":[0.9999945759773254,0.0003500112798064947,-0.003246680833399296,-15.695323944091797,-0.0006601379718631506,-0.9520435333251953,-0.3059617280960083,2.71262264251709,-0.003198071848601103,0.3059621751308441,-0.9520382285118103,-38.07582092285156,0.0,0.0,0.0,1.0]}]},{"UID":3840157260,"ParentUID":3198357122,"Name":"Tail3_$AssimpFbx$_PreRotation","Static":0,"ActiveInHierarchy":1,"ActiveSelf":1,"isBoneRoot":0,"baseState":[1.0,0.0,0.0,0.0,0.0,1.0,0.0,0.0,0.0,0.0,1.0,0.0,0.0,0.0,0.0,1.0],"Components":[{"Type":0,"Enabled":1,"Position":[0.0,0.0,0.0],"Rotation":[0.9986426830291748,0.0,0.0,-0.052084781229496],"Euler":[-174.02880859375,0.0,-0.0],"Scale":[1.0,1.0,1.0],"Global":[0.9999945759773254,-0.000010365969501435757,0.0032654767856001856,-15.695323944091797,-0.0006601379718631506,0.9787067770957947,0.20526236295700074,2.71262264251709,-0.003198071848601103,-0.20526336133480073,0.9787015914916992,-38.07582092285156,0.0,0.0,0.0,1.0]}]},{"UID":4140188861,"ParentUID":3840157260,"Name":"Tail3","Static":0,"ActiveInHierarchy":1,"ActiveSelf":1,"isBoneRoot":0,"baseState":[1.0,0.0,0.0,0.0,0.0,1.0,0.0,0.0,0.0,0.0,1.0,0.0,0.0,0.0,0.0,1.0],"Components":[{"Type":0,"Enabled":1,"Position":[0.0,0.0,0.0],"Rotation":[0.0,0.0,0.0,1.0],"Euler":[-0.0,0.0,-0.0],"Scale":[1.0,1.0,1.0],"Global":[0.9999945759773254,-0.000010365969501435757,0.0032654767856001856,-15.695323944091797,-0.0006601379718631506,0.9787067770957947,0.20526236295700074,2.71262264251709,-0.003198071848601103,-0.20526336133480073,0.9787015914916992,-38.07582092285156,0.0,0.0,0.0,1.0]}]},{"UID":1417770150,"ParentUID":1594666760,"Name":"HipSway_$AssimpFbx$_PreRotation","Static":0,"ActiveInHierarchy":1,"ActiveSelf":1,"isBoneRoot":0,"baseState":[1.0,0.0,0.0,0.0,0.0,1.0,0.0,0.0,0.0,0.0,1.0,0.0,0.0,0.0,0.0,1.0],"Components":[{"Type":0,"Enabled":1,"Position":[0.0,0.0,0.0],"Rotation":[0.686904788017273,0.0017144732410088182,0.0013568312861025334,0.7267441749572754],"Euler":[86.77149200439453,0.24958088994026185,-0.021957170218229295],"Scale":[1.0,1.0,0.9999999403953552],"Global":[0.9999904632568359,0.00038322131149470806,0.004355994053184986,-13.460859298706055,-0.0003717752988450229,0.999996542930603,-0.0026281997561454775,16.36138153076172,-0.004356986843049526,0.00262654572725296,0.9999871253967285,-4.540376663208008,0.0,0.0,0.0,1.0]}]},{"UID":546492479,"ParentUID":1417770150,"Name":"HipSway_$AssimpFbx$_Rotation","Static":0,"ActiveInHierarchy":1,"ActiveSelf":1,"isBoneRoot":0,"baseState":[1.0,0.0,0.0,0.0,0.0,1.0,0.0,0.0,0.0,0.0,1.0,0.0,0.0,0.0,0.0,1.0],"Components":[{"Type":0,"Enabled":1,"Position":[0.0,0.0,0.0],"Rotation":[0.015434717759490013,-0.10364553332328797,0.11929430067539215,0.9873137474060059],"Euler":[3.23069429397583,-11.594200134277344,14.107060432434082],"Scale":[1.0,1.0,1.0],"Global":[0.951040506362915,-0.23836182057857514,-0.19673767685890199,-13.460859298706055,0.23146075010299684,0.9711315631866455,-0.05770203471183777,16.36138153076172,0.20481213927268983,0.009339917451143265,0.9787567853927612,-4.540376663208008,0.0,0.0,0.0,1.0]}]},{"UID":2707330919,"ParentUID":546492479,"Name":"HipSway","Static":0,"ActiveInHierarchy":1,"ActiveSelf":1,"isBoneRoot":0,"baseState":[1.0,0.0,0.0,0.0,0.0,1.0,0.0,0.0,0.0,0.0,1.0,0.0,0.0,0.0,0.0,1.0],"Components":[{"Type":0,"Enabled":1,"Position":[0.0,0.0,0.0],"Rotation":[0.0,0.0,0.0,1.0],"Euler":[-0.0,0.0,-0.0],"Scale":[1.0,1.0,1.0],"Global":[0.951040506362915,-0.23836182057857514,-0.19673767685890199,-13.460859298706055,0.23146075010299684,0.9711315631866455,-0.05770203471183777,16.36138153076172,0.20481213927268983,0.009339917451143265,0.9787567853927612,-4.540376663208008,0.0,0.0,0.0,1.0]}]},{"UID":3905799053,"ParentUID":2707330919,"Name":"RightLeg_$AssimpFbx$_Translation","Static":0,"ActiveInHierarchy":1,"ActiveSelf":1,"isBoneRoot":0,"baseState":[1.0,0.0,0.0,0.0,0.0,1.0,0.0,0.0,0.0,0.0,1.0,0.0,0.0,0.0,0.0,1.0],"Components":[{"Type":0,"Enabled":1,"Position":[-16.864547729492189,-1.2364217042922974,14.716957092285157],"Rotation":[0.0,0.0,0.0,1.0],"Euler":[-0.0,0.0,-0.0],"Scale":[1.0,1.0,1.0],"Global":[0.951040506362915,-0.23836182057857514,-0.19673767685890199,-32.10039138793945,0.23146075010299684,0.9711315631866455,-0.05770203471183777,10.407974243164063,0.20481213927268983,0.009339917451143265,0.9787567853927612,6.398332595825195,0.0,0.0,0.0,1.0]}]},{"UID":4156491057,"ParentUID":3905799053,"Name":"RightLeg_$AssimpFbx$_PreRotation","Static":0,"ActiveInHierarchy":1,"ActiveSelf":1,"isBoneRoot":0,"baseState":[1.0,0.0,0.0,0.0,0.0,1.0,0.0,0.0,0.0,0.0,1.0,0.0,0.0,0.0,0.0,1.0],"Components":[{"Type":0,"Enabled":1,"Position":[0.0,0.0,0.0],"Rotation":[-0.08715205639600754,-0.6052075028419495,0.7886784076690674,0.06414765119552612],"Euler":[75.03054809570313,-12.422283172607422,-179.74732971191407],"Scale":[0.9999999403953552,0.9999999403953552,1.0],"Global":[-0.9662599563598633,0.25589436292648318,-0.029329907149076463,-32.10039138793945,-0.021880270913243295,-0.1950090378522873,-0.9805576205253601,10.407974243164063,-0.2566387355327606,-0.946831464767456,0.19402815401554109,6.398332595825195,0.0,0.0,0.0,1.0]}]},{"UID":3793103652,"ParentUID":4156491057,"Name":"RightLeg_$AssimpFbx$_Rotation","Static":0,"ActiveInHierarchy":1,"ActiveSelf":1,"isBoneRoot":0,"baseState":[1.0,0.0,0.0,0.0,0.0,1.0,0.0,0.0,0.0,0.0,1.0,0.0,0.0,0.0,0.0,1.0],"Components":[{"Type":0,"Enabled":1,"Position":[0.0,0.0,0.0],"Rotation":[0.0,0.0,0.0,1.0],"Euler":[-0.0,0.0,-0.0],"Scale":[1.0,1.0,1.0],"Global":[-0.9662599563598633,0.25589436292648318,-0.029329907149076463,-32.10039138793945,-0.021880270913243295,-0.1950090378522873,-0.9805576205253601,10.407974243164063,-0.2566387355327606,-0.946831464767456,0.19402815401554109,6.398332595825195,0.0,0.0,0.0,1.0]}]},{"UID":1342512418,"ParentUID":3793103652,"Name":"RightLeg","Static":0,"ActiveInHierarchy":1,"ActiveSelf":1,"isBoneRoot":0,"baseState":[1.0,0.0,0.0,0.0,0.0,1.0,0.0,0.0,0.0,0.0,1.0,0.0,0.0,0.0,0.0,1.0],"Components":[{"Type":0,"Enabled":1,"Position":[0.0,0.0,0.0],"Rotation":[0.0,0.0,0.0,1.0],"Euler":[-0.0,0.0,-0.0],"Scale":[1.0,1.0,1.0],"Global":[-0.9662599563598633,0.25589436292648318,-0.029329907149076463,-32.10039138793945,-0.021880270913243295,-0.1950090378522873,-0.9805576205253601,10.407974243164063