{
    "GameObjects": [
        {
            "UID": 2130443023,
            "ParentUID": 0,
            "Name": "BandoleroNormal",
            "Tag": "Default",
            "Static": 0,
            "ActiveInHierarchy": 1,
            "ActiveSelf": 1,
            "isBoneRoot": 0,
            "baseState": [
                1.0,
                0.0,
                0.0,
                0.0,
                0.0,
                1.0,
                0.0,
                0.0,
                0.0,
                0.0,
                1.0,
                0.0,
                0.0,
                0.0,
                0.0,
                1.0
            ],
            "Navigable": 0,
            "No Walkable": 0,
            "openInHierarchy": 0,
            "isPrefab": 1,
            "isPrefabSync": 0,
            "prefabUID": 0,
            "Components": [
                {
                    "Type": 0,
                    "Enabled": 1,
                    "Position": [
                        -1426.5562744140626,
                        349.910888671875,
                        887.0250854492188
                    ],
                    "Rotation": [
                        -0.000001994335434574168,
                        -0.577991783618927,
                        -3.5958487387688367e-7,
                        0.8160426020622253
                    ],
                    "Euler": [
                        -0.0006337477825582027,
                        -70.61883544921875,
                        -0.0004993690527044237
                    ],
                    "Scale": [
                        1.0000001192092896,
                        1.0,
                        1.0000001192092896
                    ],
                    "Global": [
                        0.3318510353565216,
                        0.000002892292286560405,
                        -0.9433319568634033,
                        -1426.5562744140626,
                        0.0000017185454908030807,
                        1.0,
                        0.000003670599880933878,
                        349.910888671875,
                        0.9433319568634033,
                        -0.0000028392503281793326,
                        0.3318510353565216,
                        887.0250854492188,
                        0.0,
                        0.0,
                        0.0,
                        1.0
                    ]
                },
                {
                    "Type": 15,
                    "Enabled": 1,
                    "pos": [
                        0.0,
                        120.0,
                        0.0
                    ],
                    "r": [
                        50.0,
                        100.0,
                        30.0
                    ],
                    "boxType": 3,
                    "debug_draw": 1
                },
                {
                    "Type": 9,
                    "Enabled": 1,
                    "script": "EnemyControllerScript",
                    "scriptInfo": {
                        "type": 4,
                        "level": 1,
                        "playerTag": "Player",
                        "health": 8,
                        "experience": 40,
                        "enemyCursor": "RedGlow.cur"
                    }
                },
                {
                    "Type": 9,
                    "Enabled": 1,
                    "script": "RangeEnemyAIScript",
                    "scriptInfo": {
                        "activationDistance": 1000.0,
                        "runSpeed": 200.0,
                        "maxAttackDistance": 800.0,
                        "minAttackDistance": 500.0,
                        "returnSpeed": 200.0,
                        "disengageDistance": 1200.0,
                        "attackDuration": 1.0,
                        "attackDamage": 20.0,
                        "numberOfProjectiles": 1,
                        "projectileName1": "EnemyProjectile",
                        "projectileName2": "EnemyProjectile2",
                        "projectileName3": "EnemyProjectile3",
                        "projectileDelay1": 0.25999999046325686,
                        "projectileDelay2": 1.0,
                        "projectileDelay3": 1.399999976158142,
                        "cooldownTime": 1.0
                    }
                }
            ]
        },
        {
            "UID": 3326763738,
            "ParentUID": 2130443023,
            "Name": "Scene",
            "Tag": "Default",
            "Static": 0,
            "ActiveInHierarchy": 1,
            "ActiveSelf": 1,
            "isBoneRoot": 1,
            "baseState": [
                1.0,
                0.0,
                0.0,
                0.0,
                0.0,
                1.0,
                0.0,
                0.0,
                0.0,
                0.0,
                1.0,
                0.0,
                0.0,
                0.0,
                0.0,
                1.0
            ],
            "Navigable": 0,
            "No Walkable": 0,
            "openInHierarchy": 1,
            "isPrefab": 0,
            "isPrefabSync": 0,
            "prefabUID": 0,
            "Components": [
                {
                    "Type": 0,
                    "Enabled": 1,
                    "Position": [
                        0.0,
                        0.0,
                        0.0
                    ],
                    "Rotation": [
                        0.0,
                        0.0,
                        0.0,
                        1.0
                    ],
                    "Euler": [
                        -0.0,
                        0.0,
                        -0.0
                    ],
                    "Scale": [
                        1.0,
                        1.0,
                        1.0
                    ],
                    "Global": [
                        0.3318510353565216,
                        0.000002892292286560405,
                        -0.9433319568634033,
                        -1426.5562744140626,
                        0.0000017185454908030807,
                        1.0,
                        0.000003670599880933878,
                        349.910888671875,
                        0.9433319568634033,
                        -0.0000028392503281793326,
                        0.3318510353565216,
                        887.0250854492188,
                        0.0,
                        0.0,
                        0.0,
                        1.0
                    ]
                },
                {
                    "Type": 4,
                    "Enabled": 1,
                    "stateMachineUID": 18891358
                }
            ]
        },
        {
            "UID": 3663708376,
            "ParentUID": 3326763738,
            "Name": "joint1_$AssimpFbx$_Translation",
            "Tag": "Default",
            "Static": 0,
            "ActiveInHierarchy": 1,
            "ActiveSelf": 1,
            "isBoneRoot": 0,
            "baseState": [
                1.0,
                0.0,
                0.0,
                0.0,
                0.0,
                1.0,
                0.0,
                0.0,
                0.0,
                0.0,
                1.0,
                0.0,
                0.0,
                0.0,
                0.0,
                1.0
            ],
            "Navigable": 0,
            "No Walkable": 0,
            "openInHierarchy": 0,
            "isPrefab": 0,
            "isPrefabSync": 0,
            "prefabUID": 0,
            "Components": [
                {
                    "Type": 0,
                    "Enabled": 1,
                    "Position": [
                        -2.2959518432617189,
                        135.7368927001953,
                        -5.411640167236328
                    ],
                    "Rotation": [
                        0.0,
                        0.0,
                        0.0,
                        1.0
                    ],
                    "Euler": [
                        -0.0,
                        0.0,
                        -0.0
                    ],
                    "Scale": [
                        1.0,
                        1.0,
                        1.0
                    ],
                    "Global": [
                        0.3318510353565216,
                        0.000002892292286560405,
                        -0.9433319568634033,
                        -1422.2127685546876,
                        0.0000017185454908030807,
                        1.0,
                        0.000003670599880933878,
                        485.64776611328127,
                        0.9433319568634033,
                        -0.0000028392503281793326,
                        0.3318510353565216,
                        883.06298828125,
                        0.0,
                        0.0,
                        0.0,
                        1.0
                    ]
                }
            ]
        },
        {
            "UID": 710046140,
            "ParentUID": 3663708376,
            "Name": "joint1_$AssimpFbx$_PreRotation",
            "Tag": "Default",
            "Static": 0,
            "ActiveInHierarchy": 1,
            "ActiveSelf": 1,
            "isBoneRoot": 0,
            "baseState": [
                1.0,
                0.0,
                0.0,
                0.0,
                0.0,
                1.0,
                0.0,
                0.0,
                0.0,
                0.0,
                1.0,
                0.0,
                0.0,
                0.0,
                0.0,
                1.0
            ],
            "Navigable": 0,
            "No Walkable": 0,
            "openInHierarchy": 1,
            "isPrefab": 0,
            "isPrefabSync": 0,
            "prefabUID": 0,
            "Components": [
                {
                    "Type": 0,
                    "Enabled": 1,
                    "Position": [
                        0.0,
                        0.0,
                        0.0
                    ],
                    "Rotation": [
                        0.4552939832210541,
                        0.541024386882782,
                        0.4552939832210541,
                        0.541024386882782
                    ],
                    "Euler": [
                        80.16394805908203,
                        90.0,
                        0.0
                    ],
                    "Scale": [
                        0.9999999403953552,
                        0.9999999403953552,
                        1.0
                    ],
                    "Global": [
                        0.16115179657936097,
                        -0.9294649958610535,
                        0.3318510353565216,
                        -1422.2127685546876,
                        0.9852998852729797,
                        0.17083314061164857,
                        0.0000017185454908030807,
                        485.64776611328127,
                        -0.05669274926185608,
                        0.32697251439094546,
                        0.9433319568634033,
                        883.06298828125,
                        0.0,
                        0.0,
                        0.0,
                        1.0
                    ]
                }
            ]
        },
        {
            "UID": 3392795530,
            "ParentUID": 710046140,
            "Name": "joint1_$AssimpFbx$_Rotation",
            "Tag": "Default",
            "Static": 0,
            "ActiveInHierarchy": 1,
            "ActiveSelf": 1,
            "isBoneRoot": 0,
            "baseState": [
                1.0,
                0.0,
                0.0,
                0.0,
                0.0,
                1.0,
                0.0,
                0.0,
                0.0,
                0.0,
                1.0,
                0.0,
                0.0,
                0.0,
                0.0,
                1.0
            ],
            "Navigable": 0,
            "No Walkable": 0,
            "openInHierarchy": 1,
            "isPrefab": 0,
            "isPrefabSync": 0,
            "prefabUID": 0,
            "Components": [
                {
                    "Type": 0,
                    "Enabled": 1,
                    "Position": [
                        0.0,
                        0.0,
                        0.0
                    ],
                    "Rotation": [
                        0.0,
                        0.0,
                        0.0,
                        1.0
                    ],
                    "Euler": [
                        -0.0,
                        0.0,
                        -0.0
                    ],
                    "Scale": [
                        1.0,
                        1.0,
                        1.0
                    ],
                    "Global": [
                        0.16115179657936097,
                        -0.9294649958610535,
                        0.3318510353565216,
                        -1422.2127685546876,
                        0.9852998852729797,
                        0.17083314061164857,
                        0.0000017185454908030807,
                        485.64776611328127,
                        -0.05669274926185608,
                        0.32697251439094546,
                        0.9433319568634033,
                        883.06298828125,
                        0.0,
                        0.0,
                        0.0,
                        1.0
                    ]
                }
            ]
        },
        {
            "UID": 3686415914,
            "ParentUID": 3392795530,
            "Name": "joint1_$AssimpFbx$_Scaling",
            "Tag": "Default",
            "Static": 0,
            "ActiveInHierarchy": 1,
            "ActiveSelf": 1,
            "isBoneRoot": 0,
            "baseState": [
                1.0,
                0.0,
                0.0,
                0.0,
                0.0,
                1.0,
                0.0,
                0.0,
                0.0,
                0.0,
                1.0,
                0.0,
                0.0,
                0.0,
                0.0,
                1.0
            ],
            "Navigable": 0,
            "No Walkable": 0,
            "openInHierarchy": 1,
            "isPrefab": 0,
            "isPrefabSync": 0,
            "prefabUID": 0,
            "Components": [
                {
                    "Type": 0,
                    "Enabled": 1,
                    "Position": [
                        0.0,
                        0.0,
                        0.0
                    ],
                    "Rotation": [
                        0.0,
                        0.0,
                        0.0,
                        1.0
                    ],
                    "Euler": [
                        -0.0,
                        0.0,
                        -0.0
                    ],
                    "Scale": [
                        1.0,
                        1.0,
                        1.0
                    ],
                    "Global": [
                        0.16115179657936097,
                        -0.9294649958610535,
                        0.3318510353565216,
                        -1422.2127685546876,
                        0.9852998852729797,
                        0.17083314061164857,
                        0.0000017185454908030807,
                        485.64776611328127,
                        -0.05669274926185608,
                        0.32697251439094546,
                        0.9433319568634033,
                        883.06298828125,
                        0.0,
                        0.0,
                        0.0,
                        1.0
                    ]
                }
            ]
        },
        {
            "UID": 721960990,
            "ParentUID": 3686415914,
            "Name": "joint1",
            "Tag": "Default",
            "Static": 0,
            "ActiveInHierarchy": 1,
            "ActiveSelf": 1,
            "isBoneRoot": 0,
            "baseState": [
                1.0,
                0.0,
                0.0,
                0.0,
                0.0,
                1.0,
                0.0,
                0.0,
                0.0,
                0.0,
                1.0,
                0.0,
                0.0,
                0.0,
                0.0,
                1.0
            ],
            "Navigable": 0,
            "No Walkable": 0,
            "openInHierarchy": 1,
            "isPrefab": 0,
            "isPrefabSync": 0,
            "prefabUID": 0,
            "Components": [
                {
                    "Type": 0,
                    "Enabled": 1,
                    "Position": [
                        0.0,
                        0.0,
                        0.0
                    ],
                    "Rotation": [
                        0.0,
                        0.0,
                        0.0,
                        1.0
                    ],
                    "Euler": [
                        -0.0,
                        0.0,
                        -0.0
                    ],
                    "Scale": [
                        1.0,
                        1.0,
                        1.0
                    ],
                    "Global": [
                        0.16115179657936097,
                        -0.9294649958610535,
                        0.3318510353565216,
                        -1422.2127685546876,
                        0.9852998852729797,
                        0.17083314061164857,
                        0.0000017185454908030807,
                        485.64776611328127,
                        -0.05669274926185608,
                        0.32697251439094546,
                        0.9433319568634033,
                        883.06298828125,
                        0.0,
                        0.0,
                        0.0,
                        1.0
                    ]
                }
            ]
        },
        {
            "UID": 2570561590,
            "ParentUID": 721960990,
            "Name": "joint19_$AssimpFbx$_Translation",
            "Tag": "Default",
            "Static": 0,
            "ActiveInHierarchy": 1,
            "ActiveSelf": 1,
            "isBoneRoot": 0,
            "baseState": [
                1.0,
                0.0,
                0.0,
                0.0,
                0.0,
                1.0,
                0.0,
                0.0,
                0.0,
                0.0,
                1.0,
                0.0,
                0.0,
                0.0,
                0.0,
                1.0
            ],
            "Navigable": 0,
            "No Walkable": 0,
            "openInHierarchy": 1,
            "isPrefab": 0,
            "isPrefabSync": 0,
            "prefabUID": 0,
            "Components": [
                {
                    "Type": 0,
                    "Enabled": 1,
                    "Position": [
                        -19.092594146728517,
                        3.049351453781128,
                        -21.38054847717285
                    ],
                    "Rotation": [
                        0.0,
                        0.0,
                        0.0,
                        1.0
                    ],
                    "Euler": [
                        -0.0,
                        0.0,
                        -0.0
                    ],
                    "Scale": [
                        1.0,
                        1.0,
                        1.0
                    ],
                    "Global": [
                        0.16115179657936097,
                        -0.9294649958610535,
                        0.3318510353565216,
                        -1435.218994140625,
                        0.9852998852729797,
                        0.17083314061164857,
                        0.0000017185454908030807,
                        467.3567199707031,
                        -0.05669274926185608,
                        0.32697251439094546,
                        0.9433319568634033,
                        864.9735107421875,
                        0.0,
                        0.0,
                        0.0,
                        1.0
                    ]
                }
            ]
        },
        {
            "UID": 1158858005,
            "ParentUID": 2570561590,
            "Name": "joint19_$AssimpFbx$_PreRotation",
            "Tag": "Default",
            "Static": 0,
            "ActiveInHierarchy": 1,
            "ActiveSelf": 1,
            "isBoneRoot": 0,
            "baseState": [
                1.0,
                0.0,
                0.0,
                0.0,
                0.0,
                1.0,
                0.0,
                0.0,
                0.0,
                0.0,
                1.0,
                0.0,
                0.0,
                0.0,
                0.0,
                1.0
            ],
            "Navigable": 0,
            "No Walkable": 0,
            "openInHierarchy": 0,
            "isPrefab": 0,
            "isPrefabSync": 0,
            "prefabUID": 0,
            "Components": [
                {
                    "Type": 0,
                    "Enabled": 1,
                    "Position": [
                        0.0,
                        0.0,
                        0.0
                    ],
                    "Rotation": [
                        -0.26317155361175539,
                        0.0015788862947374583,
                        0.11776045709848404,
                        0.9575337171554565
                    ],
                    "Euler": [
                        -30.347415924072267,
                        -3.3800466060638429,
                        13.10549259185791
                    ],
                    "Scale": [
                        0.9999999403953552,
                        1.0,
                        1.0
                    ],
                    "Global": [
                        -0.07373066991567612,
                        -0.9785414338111877,
                        -0.19240731000900269,
                        -1435.218994140625,
                        0.9963515996932983,
                        -0.08059221506118775,
                        0.028071383014321328,
                        467.3567199707031,
                        -0.0429755337536335,
                        -0.18963569402694703,
                        0.9809137582778931,
                        864.9735107421875,
                        0.0,
                        0.0,
                        0.0,
                        1.0
                    ]
                }
            ]
        },
        {
            "UID": 3616159050,
            "ParentUID": 1158858005,
            "Name": "joint19_$AssimpFbx$_Rotation",
            "Tag": "Default",
            "Static": 0,
            "ActiveInHierarchy": 1,
            "ActiveSelf": 1,
            "isBoneRoot": 0,
            "baseState": [
                1.0,
                0.0,
                0.0,
                0.0,
                0.0,
                1.0,
                0.0,
                0.0,
                0.0,
                0.0,
                1.0,
                0.0,
                0.0,
                0.0,
                0.0,
                1.0
            ],
            "Navigable": 0,
            "No Walkable": 0,
            "openInHierarchy": 1,
            "isPrefab": 0,
            "isPrefabSync": 0,
            "prefabUID": 0,
            "Components": [
                {
                    "Type": 0,
                    "Enabled": 1,
                    "Position": [
                        0.0,
                        0.0,
                        0.0
                    ],
                    "Rotation": [
                        -0.023206425830721856,
                        -0.024497846141457559,
                        0.04264898598194122,
                        0.9985201358795166
                    ],
                    "Euler": [
                        -2.539721965789795,
                        -2.9177677631378176,
                        4.826791763305664
                    ],
                    "Scale": [
                        1.0,
                        1.0,
                        1.0
                    ],
                    "Global": [
                        -0.16686296463012696,
                        -0.9584126472473145,
                        -0.23152095079421998,
                        -1435.218994140625,
                        0.9858930706977844,
                        -0.16529996693134309,
                        -0.026276053860783578,
                        467.3567199707031,
                        -0.013087090104818344,
                        -0.23263949155807496,
                        0.9724751710891724,
                        864.9735107421875,
                        0.0,
                        0.0,
                        0.0,
                        1.0
                    ]
                }
            ]
        },
        {
            "UID": 2956045537,
            "ParentUID": 3616159050,
            "Name": "joint19_$AssimpFbx$_Scaling",
            "Tag": "Default",
            "Static": 0,
            "ActiveInHierarchy": 1,
            "ActiveSelf": 1,
            "isBoneRoot": 0,
            "baseState": [
                1.0,
                0.0,
                0.0,
                0.0,
                0.0,
                1.0,
                0.0,
                0.0,
                0.0,
                0.0,
                1.0,
                0.0,
                0.0,
                0.0,
                0.0,
                1.0
            ],
            "Navigable": 0,
            "No Walkable": 0,
            "openInHierarchy": 0,
            "isPrefab": 0,
            "isPrefabSync": 0,
            "prefabUID": 0,
            "Components": [
                {
                    "Type": 0,
                    "Enabled": 1,
                    "Position": [
                        0.0,
                        0.0,
                        0.0
                    ],
                    "Rotation": [
                        0.0,
                        0.0,
                        0.0,
                        1.0
                    ],
                    "Euler": [
                        -0.0,
                        0.0,
                        -0.0
                    ],
                    "Scale": [
                        1.0,
                        1.0,
                        1.0
                    ],
                    "Global": [
                        -0.16686296463012696,
                        -0.9584126472473145,
                        -0.23152095079421998,
                        -1435.218994140625,
                        0.9858930706977844,
                        -0.16529996693134309,
                        -0.026276053860783578,
                        467.3567199707031,
                        -0.013087090104818344,
                        -0.23263949155807496,
                        0.9724751710891724,
                        864.9735107421875,
                        0.0,
                        0.0,
                        0.0,
                        1.0
                    ]
                }
            ]
        },
        {
            "UID": 4015013828,
            "ParentUID": 2956045537,
            "Name": "joint19",
            "Tag": "Default",
            "Static": 0,
            "ActiveInHierarchy": 1,
            "ActiveSelf": 1,
            "isBoneRoot": 0,
            "baseState": [
                1.0,
                0.0,
                0.0,
                0.0,
                0.0,
                1.0,
                0.0,
                0.0,
                0.0,
                0.0,
                1.0,
                0.0,
                0.0,
                0.0,
                0.0,
                1.0
            ],
            "Navigable": 0,
            "No Walkable": 0,
            "openInHierarchy": 1,
            "isPrefab": 0,
            "isPrefabSync": 0,
            "prefabUID": 0,
            "Components": [
                {
                    "Type": 0,
                    "Enabled": 1,
                    "Position": [
                        0.0,
                        0.0,
                        0.0
                    ],
                    "Rotation": [
                        0.0,
                        0.0,
                        0.0,
                        1.0
                    ],
                    "Euler": [
                        -0.0,
                        0.0,
                        -0.0
                    ],
                    "Scale": [
                        1.0,
                        1.0,
                        1.0
                    ],
                    "Global": [
                        -0.16686296463012696,
                        -0.9584126472473145,
                        -0.23152095079421998,
                        -1435.218994140625,
                        0.9858930706977844,
                        -0.16529996693134309,
                        -0.026276053860783578,
                        467.3567199707031,
                        -0.013087090104818344,
                        -0.23263949155807496,
                        0.9724751710891724,
                        864.9735107421875,
                        0.0,
                        0.0,
                        0.0,
                        1.0
                    ]
                }
            ]
        },
        {
            "UID": 759067862,
            "ParentUID": 4015013828,
            "Name": "joint20_$AssimpFbx$_Translation",
            "Tag": "Default",
            "Static": 0,
            "ActiveInHierarchy": 1,
            "ActiveSelf": 1,
            "isBoneRoot": 0,
            "baseState": [
                1.0,
                0.0,
                0.0,
                0.0,
                0.0,
                1.0,
                0.0,
                0.0,
                0.0,
                0.0,
                1.0,
                0.0,
                0.0,
                0.0,
                0.0,
                1.0
            ],
            "Navigable": 0,
            "No Walkable": 0,
            "openInHierarchy": 1,
            "isPrefab": 0,
            "isPrefabSync": 0,
            "prefabUID": 0,
            "Components": [
                {
                    "Type": 0,
                    "Enabled": 1,
                    "Position": [
                        -47.73195266723633,
                        7.631657600402832,
                        1.755804419517517
                    ],
                    "Rotation": [
                        0.0,
                        0.0,
                        0.0,
                        1.0
                    ],
                    "Euler": [
                        -0.0,
                        0.0,
                        -0.0
                    ],
                    "Scale": [
                        1.0,
                        1.0,
                        1.0
                    ],
                    "Global": [
                        -0.16686296463012696,
                        -0.9584126472473145,
                        -0.23152095079421998,
                        -1434.97509765625,
                        0.9858930706977844,
                        -0.16529996693134309,
                        -0.026276053860783578,
                        418.990478515625,
                        -0.013087090104818344,
                        -0.23263949155807496,
                        0.9724751710891724,
                        865.5302124023438,
                        0.0,
                        0.0,
                        0.0,
                        1.0
                    ]
                }
            ]
        },
        {
            "UID": 2427606929,
            "ParentUID": 759067862,
            "Name": "joint20_$AssimpFbx$_PreRotation",
            "Tag": "Default",
            "Static": 0,
            "ActiveInHierarchy": 1,
            "ActiveSelf": 1,
            "isBoneRoot": 0,
            "baseState": [
                1.0,
                0.0,
                0.0,
                0.0,
                0.0,
                1.0,
                0.0,
                0.0,
                0.0,
                0.0,
                1.0,
                0.0,
                0.0,
                0.0,
                0.0,
                1.0
            ],
            "Navigable": 0,
            "No Walkable": 0,
            "openInHierarchy": 1,
            "isPrefab": 0,
            "isPrefabSync": 0,
            "prefabUID": 0,
            "Components": [
                {
                    "Type": 0,
                    "Enabled": 1,
                    "Position": [
                        0.0,
                        0.0,
                        0.0
                    ],
                    "Rotation": [
                        0.0003492314135655761,
                        0.008277695626020432,
                        -0.04246915504336357,
                        0.9990634322166443
                    ],
                    "Euler": [
                        0.0802767425775528,
                        0.94600909948349,
                        -4.868900299072266
                    ],
                    "Scale": [
                        0.9999999403953552,
                        0.9999999403953552,
                        1.0
                    ],
                    "Global": [
                        -0.08107781410217285,
                        -0.9691146016120911,
                        -0.232901468873024,
                        -1434.97509765625,
                        0.9966630935668945,
                        -0.08103614300489426,
                        -0.009763563051819802,
                        418.990478515625,
                        -0.009411409497261048,
                        -0.232915997505188,
                        0.9724515080451965,
                        865.5302124023438,
                        0.0,
                        0.0,
                        0.0,
                        1.0
                    ]
                }
            ]
        },
        {
            "UID": 1088691942,
            "ParentUID": 2427606929,
            "Name": "joint20_$AssimpFbx$_Rotation",
            "Tag": "Default",
            "Static": 0,
            "ActiveInHierarchy": 1,
            "ActiveSelf": 1,
            "isBoneRoot": 0,
            "baseState": [
                1.0,
                0.0,
                0.0,
                0.0,
                0.0,
                1.0,
                0.0,
                0.0,
                0.0,
                0.0,
                1.0,
                0.0,
                0.0,
                0.0,
                0.0,
                1.0
            ],
            "Navigable": 0,
            "No Walkable": 0,
            "openInHierarchy": 1,
            "isPrefab": 0,
            "isPrefabSync": 0,
            "prefabUID": 0,
            "Components": [
                {
                    "Type": 0,
                    "Enabled": 1,
                    "Position": [
                        0.0,
                        0.0,
                        0.0
                    ],
                    "Rotation": [
                        0.006348372437059879,
                        0.051542412489652637,
                        -0.08090979605913162,
                        0.9953676462173462
                    ],
                    "Euler": [
                        1.208318829536438,
                        5.830161094665527,
                        -9.355826377868653
                    ],
                    "Scale": [
                        1.0,
                        0.9999999403953552,
                        0.9999999403953552
                    ],
                    "Global": [
                        0.10001222789287567,
                        -0.9704611301422119,
                        -0.21955052018165589,
                        -1434.97509765625,
                        0.9923297762870789,
                        0.08117415755987168,
                        0.09323015064001084,
                        418.990478515625,
                        -0.07265444099903107,
                        -0.227190762758255,
                        0.9711363911628723,
                        865.5302124023438,
                        0.0,
                        0.0,
                        0.0,
                        1.0
                    ]
                }
            ]
        },
        {
            "UID": 89458081,
            "ParentUID": 1088691942,
            "Name": "joint20_$AssimpFbx$_Scaling",
            "Tag": "Default",
            "Static": 0,
            "ActiveInHierarchy": 1,
            "ActiveSelf": 1,
            "isBoneRoot": 0,
            "baseState": [
                1.0,
                0.0,
                0.0,
                0.0,
                0.0,
                1.0,
                0.0,
                0.0,
                0.0,
                0.0,
                1.0,
                0.0,
                0.0,
                0.0,
                0.0,
                1.0
            ],
            "Navigable": 0,
            "No Walkable": 0,
            "openInHierarchy": 1,
            "isPrefab": 0,
            "isPrefabSync": 0,
            "prefabUID": 0,
            "Components": [
                {
                    "Type": 0,
                    "Enabled": 1,
                    "Position": [
                        0.0,
                        0.0,
                        0.0
                    ],
                    "Rotation": [
                        0.0,
                        0.0,
                        0.0,
                        1.0
                    ],
                    "Euler": [
                        -0.0,
                        0.0,
                        -0.0
                    ],
                    "Scale": [
                        1.0,
                        1.0,
                        1.0
                    ],
                    "Global": [
                        0.10001222789287567,
                        -0.9704611301422119,
                        -0.21955052018165589,
                        -1434.97509765625,
                        0.9923297762870789,
                        0.08117415755987168,
                        0.09323015064001084,
                        418.990478515625,
                        -0.07265444099903107,
                        -0.227190762758255,
                        0.9711363911628723,
                        865.5302124023438,
                        0.0,
                        0.0,
                        0.0,
                        1.0
                    ]
                }
            ]
        },
        {
            "UID": 3458727708,
            "ParentUID": 89458081,
            "Name": "joint20",
            "Tag": "Default",
            "Static": 0,
            "ActiveInHierarchy": 1,
            "ActiveSelf": 1,
            "isBoneRoot": 0,
            "baseState": [
                1.0,
                0.0,
