{
    "GameObjects": [
        {
            "UID": 3000858651,
            "ParentUID": 0,
            "Name": "BasicGoldEnemy",
            "Tag": "Default",
            "Static": 0,
            "ActiveInHierarchy": 1,
            "ActiveSelf": 1,
            "isBoneRoot": 0,
            "baseState": [
                1.0,
                0.0,
                0.0,
                0.0,
                0.0,
                1.0,
                0.0,
                0.0,
                0.0,
                0.0,
                1.0,
                0.0,
                0.0,
                0.0,
                0.0,
                1.0
            ],
            "Navigable": 0,
            "No Walkable": 0,
            "openInHierarchy": 1,
            "isPrefab": 1,
            "isPrefabSync": 1,
            "prefabUID": 3148311556,
            "Components": [
                {
                    "Type": 0,
                    "Enabled": 1,
                    "Position": [
                        -1607.5452880859376,
                        318.78106689453127,
                        763.5983276367188
                    ],
                    "Rotation": [
                        -8.861086939759844e-7,
                        -0.9996650815010071,
                        -8.861086939759844e-7,
                        0.025879643857479097
                    ],
                    "Euler": [
                        -179.99989318847657,
                        -2.9659197330474855,
                        -179.99989318847657
                    ],
                    "Scale": [
                        1.000022292137146,
                        1.0,
                        1.000022292137146
                    ],
                    "Global": [
                        -0.9986827969551086,
                        0.0000018174881688537426,
                        -0.05174310877919197,
                        -1607.5452880859376,
                        0.0000017257979152418557,
                        1.0,
                        0.0000018175286413679715,
                        318.78106689453127,
                        0.05174310877919197,
                        0.0000017257594890907058,
                        -0.9986827969551086,
                        763.5983276367188,
                        0.0,
                        0.0,
                        0.0,
                        1.0
                    ]
                },
                {
                    "Type": 9,
                    "Enabled": 1,
                    "script": "BasicEnemyAIScript",
                    "scriptInfo": {
                        "activationDistance": 1000.0,
                        "chaseSpeed": 200.0,
                        "returnSpeed": 150.0,
                        "returnDistance": 1500.0,
                        "attackDuration": 1.0,
                        "attackDamage": 40.0,
                        "attackRange": 100.0,
                        "cooldownTime": 1.0
                    }
                },
                {
                    "Type": 9,
                    "Enabled": 1,
                    "script": "EnemyControllerScript",
                    "scriptInfo": {
                        "type": 0,
                        "level": 2,
                        "playerTag": "Player",
                        "health": 1,
                        "experience": 40,
                        "enemyCursor": "RedGlow.cur",
                        "lootDelay": 1.0,
                        "lootRadius": 100.0
                    }
                },
                {
                    "Type": 15,
                    "Enabled": 1,
                    "pos": [
                        0.0,
                        120.0,
                        0.0
                    ],
                    "r": [
                        50.0,
                        100.0,
                        30.0
                    ],
                    "boxType": 3,
                    "debug_draw": 1
                },
                {
                    "Type": 9,
                    "Enabled": 1,
                    "script": "LootDropScript",
                    "scriptInfo": {
                        "NumberOfItems": 3,
                        "ItemPrefabName0": "Shovel_animated",
                        "ItemPrefabName1": "Health Potion_animated",
                        "ItemPrefabName2": "Mana Potion_animated"
                    }
                }
            ]
        },
        {
            "UID": 2996717783,
            "ParentUID": 3000858651,
            "Name": "Scene",
            "Tag": "Default",
            "Static": 0,
            "ActiveInHierarchy": 1,
            "ActiveSelf": 1,
            "isBoneRoot": 1,
            "baseState": [
                1.0,
                0.0,
                0.0,
                0.0,
                0.0,
                1.0,
                0.0,
                0.0,
                0.0,
                0.0,
                1.0,
                0.0,
                0.0,
                0.0,
                0.0,
                1.0
            ],
            "Navigable": 0,
            "No Walkable": 0,
            "openInHierarchy": 1,
            "isPrefab": 0,
            "isPrefabSync": 0,
            "prefabUID": 0,
            "Components": [
                {
                    "Type": 0,
                    "Enabled": 1,
                    "Position": [
                        0.0,
                        0.0,
                        0.0
                    ],
                    "Rotation": [
                        0.0,
                        0.0,
                        0.0,
                        1.0
                    ],
                    "Euler": [
                        -0.0,
                        0.0,
                        -0.0
                    ],
                    "Scale": [
                        1.0,
                        1.0,
                        1.0
                    ],
                    "Global": [
                        -0.9986827969551086,
                        0.0000018174881688537426,
                        -0.05174310877919197,
                        -1607.5452880859376,
                        0.0000017257979152418557,
                        1.0,
                        0.0000018175286413679715,
                        318.78106689453127,
                        0.05174310877919197,
                        0.0000017257594890907058,
                        -0.9986827969551086,
                        763.5983276367188,
                        0.0,
                        0.0,
                        0.0,
                        1.0
                    ]
                },
                {
                    "Type": 4,
                    "Enabled": 1,
                    "stateMachineUID": 418487297
                }
            ]
        },
        {
            "UID": 1368666417,
            "ParentUID": 2996717783,
            "Name": "joint1_$AssimpFbx$_Translation",
            "Tag": "Default",
            "Static": 0,
            "ActiveInHierarchy": 1,
            "ActiveSelf": 1,
            "isBoneRoot": 0,
            "baseState": [
                1.0,
                0.0,
                0.0,
                0.0,
                0.0,
                1.0,
                0.0,
                0.0,
                0.0,
                0.0,
                1.0,
                0.0,
                0.0,
                0.0,
                0.0,
                1.0
            ],
            "Navigable": 0,
            "No Walkable": 0,
            "openInHierarchy": 0,
            "isPrefab": 0,
            "isPrefabSync": 0,
            "prefabUID": 0,
            "Components": [
                {
                    "Type": 0,
                    "Enabled": 1,
                    "Position": [
                        0.0,
                        80.29695892333985,
                        -0.9262917041778565
                    ],
                    "Rotation": [
                        0.0,
                        0.0,
                        0.0,
                        1.0
                    ],
                    "Euler": [
                        -0.0,
                        0.0,
                        -0.0
                    ],
                    "Scale": [
                        1.0,
                        1.0,
                        1.0
                    ],
                    "Global": [
                        -0.9986827969551086,
                        0.0000018174881688537426,
                        -0.05174310877919197,
                        -1607.4971923828126,
                        0.0000017257979152418557,
                        1.0,
                        0.0000018175286413679715,
                        399.0780334472656,
                        0.05174310877919197,
                        0.0000017257594890907058,
                        -0.9986827969551086,
                        764.5235595703125,
                        0.0,
                        0.0,
                        0.0,
                        1.0
                    ]
                }
            ]
        },
        {
            "UID": 3611775203,
            "ParentUID": 1368666417,
            "Name": "joint1_$AssimpFbx$_PreRotation",
            "Tag": "Default",
            "Static": 0,
            "ActiveInHierarchy": 1,
            "ActiveSelf": 1,
            "isBoneRoot": 0,
            "baseState": [
                1.0,
                0.0,
                0.0,
                0.0,
                0.0,
                1.0,
                0.0,
                0.0,
                0.0,
                0.0,
                1.0,
                0.0,
                0.0,
                0.0,
                0.0,
                1.0
            ],
            "Navigable": 0,
            "No Walkable": 0,
            "openInHierarchy": 1,
            "isPrefab": 0,
            "isPrefabSync": 0,
            "prefabUID": 0,
            "Components": [
                {
                    "Type": 0,
                    "Enabled": 1,
                    "Position": [
                        0.0,
                        0.0,
                        0.0
                    ],
                    "Rotation": [
                        0.3336539566516876,
                        0.6234381198883057,
                        0.3336539566516876,
                        0.6234381198883057
                    ],
                    "Euler": [
                        56.309932708740237,
                        90.0,
                        0.0
                    ],
                    "Scale": [
                        1.0,
                        1.0,
                        1.0
                    ],
                    "Global": [
                        0.02870354801416397,
                        -0.043051864951848987,
                        -0.9986829161643982,
                        -1607.4971923828126,
                        0.8320493698120117,
                        0.5547016263008118,
                        0.0000017257979152418557,
                        399.0780334472656,
                        0.5539710521697998,
                        -0.8309534788131714,
                        0.05174323543906212,
                        764.5235595703125,
                        0.0,
                        0.0,
                        0.0,
                        1.0
                    ]
                }
            ]
        },
        {
            "UID": 92469889,
            "ParentUID": 3611775203,
            "Name": "joint1_$AssimpFbx$_Rotation",
            "Tag": "Default",
            "Static": 0,
            "ActiveInHierarchy": 1,
            "ActiveSelf": 1,
            "isBoneRoot": 0,
            "baseState": [
                1.0,
                0.0,
                0.0,
                0.0,
                0.0,
                1.0,
                0.0,
                0.0,
                0.0,
                0.0,
                1.0,
                0.0,
                0.0,
                0.0,
                0.0,
                1.0
            ],
            "Navigable": 0,
            "No Walkable": 0,
            "openInHierarchy": 1,
            "isPrefab": 0,
            "isPrefabSync": 0,
            "prefabUID": 0,
            "Components": [
                {
                    "Type": 0,
                    "Enabled": 1,
                    "Position": [
                        0.0,
                        0.0,
                        0.0
                    ],
                    "Rotation": [
                        0.0,
                        0.0,
                        0.0,
                        1.0
                    ],
                    "Euler": [
                        -0.0,
                        0.0,
                        -0.0
                    ],
                    "Scale": [
                        1.0,
                        1.0,
                        1.0
                    ],
                    "Global": [
                        0.02870354801416397,
                        -0.043051864951848987,
                        -0.9986829161643982,
                        -1607.4971923828126,
                        0.8320493698120117,
                        0.5547016263008118,
                        0.0000017257979152418557,
                        399.0780334472656,
                        0.5539710521697998,
                        -0.8309534788131714,
                        0.05174323543906212,
                        764.5235595703125,
                        0.0,
                        0.0,
                        0.0,
                        1.0
                    ]
                }
            ]
        },
        {
            "UID": 3926973839,
            "ParentUID": 92469889,
            "Name": "joint1",
            "Tag": "Default",
            "Static": 0,
            "ActiveInHierarchy": 1,
            "ActiveSelf": 1,
            "isBoneRoot": 0,
            "baseState": [
                1.0,
                0.0,
                0.0,
                0.0,
                0.0,
                1.0,
                0.0,
                0.0,
                0.0,
                0.0,
                1.0,
                0.0,
                0.0,
                0.0,
                0.0,
                1.0
            ],
            "Navigable": 0,
            "No Walkable": 0,
            "openInHierarchy": 1,
            "isPrefab": 0,
            "isPrefabSync": 0,
            "prefabUID": 0,
            "Components": [
                {
                    "Type": 0,
                    "Enabled": 1,
                    "Position": [
                        0.0,
                        0.0,
                        0.0
                    ],
                    "Rotation": [
                        0.0,
                        0.0,
                        0.0,
                        1.0
                    ],
                    "Euler": [
                        -0.0,
                        0.0,
                        -0.0
                    ],
                    "Scale": [
                        1.0,
                        1.0,
                        1.0
                    ],
                    "Global": [
                        0.02870354801416397,
                        -0.043051864951848987,
                        -0.9986829161643982,
                        -1607.4971923828126,
                        0.8320493698120117,
                        0.5547016263008118,
                        0.0000017257979152418557,
                        399.0780334472656,
                        0.5539710521697998,
                        -0.8309534788131714,
                        0.05174323543906212,
                        764.5235595703125,
                        0.0,
                        0.0,
                        0.0,
                        1.0
                    ]
                }
            ]
        },
        {
            "UID": 827837300,
            "ParentUID": 3926973839,
            "Name": "joint20_$AssimpFbx$_Translation",
            "Tag": "Default",
            "Static": 0,
            "ActiveInHierarchy": 1,
            "ActiveSelf": 1,
            "isBoneRoot": 0,
            "baseState": [
                1.0,
                0.0,
                0.0,
                0.0,
                0.0,
                1.0,
                0.0,
                0.0,
                0.0,
                0.0,
                1.0,
                0.0,
                0.0,
                0.0,
                0.0,
                1.0
            ],
            "Navigable": 0,
            "No Walkable": 0,
            "openInHierarchy": 0,
            "isPrefab": 0,
            "isPrefabSync": 0,
            "prefabUID": 0,
            "Components": [
                {
                    "Type": 0,
                    "Enabled": 1,
                    "Position": [
                        -8.145440101623536,
                        -4.3170294761657719,
                        -16.304399490356447
                    ],
                    "Rotation": [
                        0.0,
                        0.0,
                        0.0,
                        1.0
                    ],
                    "Euler": [
                        -0.0,
                        0.0,
                        -0.0
                    ],
                    "Scale": [
                        1.0,
                        1.0,
                        1.0
                    ],
                    "Global": [
                        0.02870354801416397,
                        -0.043051864951848987,
                        -0.9986829161643982,
                        -1591.26220703125,
                        0.8320493698120117,
                        0.5547016263008118,
                        0.0000017257979152418557,
                        389.90594482421877,
                        0.5539710521697998,
                        -0.8309534788131714,
                        0.05174323543906212,
                        762.7548217773438,
                        0.0,
                        0.0,
                        0.0,
                        1.0
                    ]
                }
            ]
        },
        {
            "UID": 3536113444,
            "ParentUID": 827837300,
            "Name": "joint20_$AssimpFbx$_PreRotation",
            "Tag": "Default",
            "Static": 0,
            "ActiveInHierarchy": 1,
            "ActiveSelf": 1,
            "isBoneRoot": 0,
            "baseState": [
                1.0,
                0.0,
                0.0,
                0.0,
                0.0,
                1.0,
                0.0,
                0.0,
                0.0,
                0.0,
                1.0,
                0.0,
                0.0,
                0.0,
                0.0,
                1.0
            ],
            "Navigable": 0,
            "No Walkable": 0,
            "openInHierarchy": 1,
            "isPrefab": 0,
            "isPrefabSync": 0,
            "prefabUID": 0,
            "Components": [
                {
                    "Type": 0,
                    "Enabled": 1,
                    "Position": [
                        0.0,
                        0.0,
                        0.0
                    ],
                    "Rotation": [
                        0.9570669531822205,
                        0.2897765338420868,
                        -0.0069349161349236969,
                        0.0020996779203414919
                    ],
                    "Euler": [
                        179.53939819335938,
                        -0.6908596158027649,
                        -33.69284439086914
                    ],
                    "Scale": [
                        0.9999999403953552,
                        1.0,
                        0.9999999403953552
                    ],
                    "Global": [
                        0.01447406318038702,
                        0.0517432801425457,
                        0.9985781311988831,
                        -1591.26220703125,
                        0.9998949766159058,
                        -0.0000018179417793362518,
                        -0.014492957852780819,
                        389.90594482421877,
                        -0.0007480946369469166,
                        0.9986831545829773,
                        -0.05173792317509651,
                        762.7548217773438,
                        0.0,
                        0.0,
                        0.0,
                        1.0
                    ]
                }
            ]
        },
        {
            "UID": 2578170269,
            "ParentUID": 3536113444,
            "Name": "joint20_$AssimpFbx$_Rotation",
            "Tag": "Default",
            "Static": 0,
            "ActiveInHierarchy": 1,
            "ActiveSelf": 1,
            "isBoneRoot": 0,
            "baseState": [
                1.0,
                0.0,
                0.0,
                0.0,
                0.0,
                1.0,
                0.0,
                0.0,
                0.0,
                0.0,
                1.0,
                0.0,
                0.0,
                0.0,
                0.0,
                1.0
            ],
            "Navigable": 0,
            "No Walkable": 0,
            "openInHierarchy": 1,
            "isPrefab": 0,
            "isPrefabSync": 0,
            "prefabUID": 0,
            "Components": [
                {
                    "Type": 0,
                    "Enabled": 1,
                    "Position": [
                        0.0,
                        0.0,
                        0.0
                    ],
                    "Rotation": [
                        -0.15156787633895875,
                        -0.031508222222328189,
                        0.19877853989601136,
                        0.9677404165267944
                    ],
                    "Euler": [
                        -16.434404373168947,
                        -6.96369743347168,
                        22.207935333251954
                    ],
                    "Scale": [
                        0.9999999403953552,
                        1.0,
                        1.0
                    ],
                    "Global": [
                        0.03442865610122681,
                        -0.26560163497924807,
                        0.9634913206100464,
                        -1591.26220703125,
                        0.918880820274353,
                        -0.3707098364830017,
                        -0.13502651453018189,
                        389.90594482421877,
                        0.3930389881134033,
                        0.8899827003479004,
                        0.2312932163476944,
                        762.7548217773438,
                        0.0,
                        0.0,
                        0.0,
                        1.0
                    ]
                }
            ]
        },
        {
            "UID": 3302837303,
            "ParentUID": 2578170269,
            "Name": "joint20",
            "Tag": "Default",
            "Static": 0,
            "ActiveInHierarchy": 1,
            "ActiveSelf": 1,
            "isBoneRoot": 0,
            "baseState": [
                1.0,
                0.0,
                0.0,
                0.0,
                0.0,
                1.0,
                0.0,
                0.0,
                0.0,
                0.0,
                1.0,
                0.0,
                0.0,
                0.0,
                0.0,
                1.0
            ],
            "Navigable": 0,
            "No Walkable": 0,
            "openInHierarchy": 1,
            "isPrefab": 0,
            "isPrefabSync": 0,
            "prefabUID": 0,
            "Components": [
                {
                    "Type": 0,
                    "Enabled": 1,
                    "Position": [
                        0.0,
                        0.0,
                        0.0
                    ],
                    "Rotation": [
                        0.0,
                        0.0,
                        0.0,
                        1.0
                    ],
                    "Euler": [
                        -0.0,
                        0.0,
                        -0.0
                    ],
                    "Scale": [
                        1.0,
                        1.0,
                        1.0
                    ],
                    "Global": [
                        0.03442865610122681,
                        -0.26560163497924807,
                        0.9634913206100464,
                        -1591.26220703125,
                        0.918880820274353,
                        -0.3707098364830017,
                        -0.13502651453018189,
                        389.90594482421877,
                        0.3930389881134033,
                        0.8899827003479004,
                        0.2312932163476944,
                        762.7548217773438,
                        0.0,
                        0.0,
                        0.0,
                        1.0
                    ]
                }
            ]
        },
        {
            "UID": 3322571849,
            "ParentUID": 3302837303,
            "Name": "joint21_$AssimpFbx$_Translation",
            "Tag": "Default",
            "Static": 0,
            "ActiveInHierarchy": 1,
            "ActiveSelf": 1,
            "isBoneRoot": 0,
            "baseState": [
                1.0,
                0.0,
                0.0,
                0.0,
                0.0,
                1.0,
                0.0,
                0.0,
                0.0,
                0.0,
                1.0,
                0.0,
                0.0,
                0.0,
                0.0,
                1.0
            ],
            "Navigable": 0,
            "No Walkable": 0,
            "openInHierarchy": 1,
            "isPrefab": 0,
            "isPrefabSync": 0,
            "prefabUID": 0,
            "Components": [
                {
                    "Type": 0,
                    "Enabled": 1,
                    "Position": [
                        -27.607698440551759,
                        -9.2376947359433e-15,
                        -0.000030431587219936774
                    ],
                    "Rotation": [
                        0.0,
                        0.0,
                        0.0,
                        1.0
                    ],
                    "Euler": [
                        -0.0,
                        0.0,
                        -0.0
                    ],
                    "Scale": [
                        1.0,
                        1.0,
                        1.0
                    ],
                    "Global": [
                        0.03442865610122681,
                        -0.26560163497924807,
                        0.9634913206100464,
                        -1592.2127685546876,
                        0.918880820274353,
                        -0.3707098364830017,
                        -0.13502651453018189,
                        364.5377502441406,
                        0.3930389881134033,
                        0.8899827003479004,
                        0.2312932163476944,
                        751.9039306640625,
                        0.0,
                        0.0,
                        0.0,
                        1.0
                    ]
                }
            ]
        },
        {
            "UID": 110633159,
            "ParentUID": 3322571849,
            "Name": "joint21_$AssimpFbx$_PreRotation",
            "Tag": "Default",
            "Static": 0,
            "ActiveInHierarchy": 1,
            "ActiveSelf": 1,
            "isBoneRoot": 0,
            "baseState": [
                1.0,
                0.0,
                0.0,
                0.0,
                0.0,
                1.0,
                0.0,
                0.0,
                0.0,
                0.0,
                1.0,
                0.0,
                0.0,
                0.0,
                0.0,
                1.0
            ],
            "Navigable": 0,
            "No Walkable": 0,
            "openInHierarchy": 1,
            "isPrefab": 0,
            "isPrefabSync": 0,
            "prefabUID": 0,
            "Components": [
                {
                    "Type": 0,
                    "Enabled": 1,
                    "Position": [
                        0.0,
                        0.0,
                        0.0
                    ],
                    "Rotation": [
                        -0.0001700803986750543,
                        0.007243810221552849,
                        -0.02347232773900032,
                        0.999698281288147
                    ],
                    "Euler": [
                        -0.0,
                        0.8303155303001404,
                        -2.6900484561920168
                    ],
                    "Scale": [
                        0.9999999403953552,
                        0.9999999403953552,
                        0.9999999403953552
                    ],
                    "Global": [
                        0.032905783504247668,
                        -0.264348566532135,
                        0.963888943195343,
                        -1592.2127685546876,
                        0.9371248483657837,
                        -0.32708820700645449,
                        -0.12169661372900009,
                        364.5377502441406,
                        0.34744709730148318,
                        0.9072891473770142,
                        0.23696453869342805,
                        751.9039306640625,
                        0.0,
                        0.0,
                        0.0,
                        1.0
                    ]
                }
            ]
        },
        {
            "UID": 103422879,
            "ParentUID": 110633159,
            "Name": "joint21_$AssimpFbx$_Rotation",
            "Tag": "Default",
            "Static": 0,
            "ActiveInHierarchy": 1,
            "ActiveSelf": 1,
            "isBoneRoot": 0,
            "baseState": [
                1.0,
                0.0,
                0.0,
                0.0,
                0.0,
                1.0,
                0.0,
                0.0,
                0.0,
                0.0,
                1.0,
                0.0,
                0.0,
                0.0,
                0.0,
                1.0
            ],
            "Navigable": 0,
            "No Walkable": 0,
            "openInHierarchy": 1,
            "isPrefab": 0,
            "isPrefabSync": 0,
            "prefabUID": 0,
            "Components": [
                {
                    "Type": 0,
                    "Enabled": 1,
                    "Position": [
                        0.0,
                        0.0,
                        0.0
                    ],
                    "Rotation": [
                        0.04028213396668434,
                        0.1052226722240448,
                        -0.3552475869655609,
                        0.9279572367668152
                    ],
                    "Euler": [
                        8.722052574157715,
                        9.593914031982422,
                        -42.62979507446289
                    ],
                    "Scale": [
                        1.0,
                        1.0,
                        1.0
                    ],
                    "Global": [
                        -0.019900962710380555,
                        -0.17479461431503297,
                        0.9844266176223755,
                        -1592.2127685546876,
                        0.9199694991111755,
                        0.3823300898075104,
                        0.08648448437452316,
                        364.5377502441406,
                        -0.391493022441864,
                        0.9073638319969177,
                        0.15319696068763734,
                        751.9039306640625,
                        0.0,
                        0.0,
                        0.0,
                        1.0
                    ]
                }
            ]
        },
        {
            "UID": 2016524715,
            "ParentUID": 103422879,
            "Name": "joint21",
            "Tag": "Default",
            "Static": 0,
            "ActiveInHierarchy": 1,
            "ActiveSelf": 1,
            "isBoneRoot": 0,
            "baseState": [
                1.0,
                0.0,
                0.0,
                0.0,
                0.0,
                1.0,
                0.0,
                0.0,
                0.0,
                0.0,
                1.0,
                0.0,
                0.0,
                0.0,
                0.0,
                1.0
            ],
            "Navigable": 0,
            "No Walkable": 0,
            "openInHierarchy": 1,
            "isPrefab": 0,
            "isPrefabSync": 0,
            "prefabUID": 0,
            "Components": [
                {
                    "Type": 0,
                    "Enabled": 1,
                    "Position": [
                        0.0,
                        0.0,
                        0.0
                    ],
                    "Rotation": [
                        0.0,
                        0.0,
                        0.0,
                        1.0
                    ],
                    "Euler": [
                        -0.0,
                        0.0,
                        -0.0
                    ],
                    "Scale": [
                        1.0,
                        1.0,
                        1.0
                    ],
                    "Global": [
                        -0.019900962710380555,
                        -0.17479461431503297,
                        0.9844266176223755,
                        -1592.2127685546876,
                        0.9199694991111755,
                        0.3823300898075104,
                        0.08648448437452316,
                        364.5377502441406,
                        -0.391493022441864,
                        0.9073638319969177,
                        0.15319696068763734,
                        751.9039306640625,
                        0.0,
                        0.0,
                        0.0,
                        1.0
                    ]
                }
            ]
        },
        {
            "UID": 1031305089,
            "ParentUID": 2016524715,
            "Name": "joint22_$AssimpFbx$_Translation",
            "Tag": "Default",
            "Static": 0,
            "ActiveInHierarchy": 1,
            "ActiveSelf": 1,
            "isBoneRoot": 0,
            "baseState": [
                1.0,
                0.0,
                0.0,
                0.0,
                0.0,
                1.0,
                0.0,
                0.0,
                0.0,
                0.0,
                1.0,
                0.0,
                0.0,
                0.0,
                0.0,
                1.0
            ],
            "Navigable": 0,
            "No Walkable": 0,
            "openInHierarchy": 1,
            "isPrefab": 0,
            "isPrefabSync": 0,
            "prefabUID": 0,
            "Components": [
                {
                    "Type": 0,
                    "Enabled": 1,
                    "Position": [
                        -32.44455337524414,
                        0.0000014931154055375374,
                        1.5987211554602255e-14
                    ],
                    "Rotation": [
                        0.0,
                        0.0,
                        0.0,
                        1.0
                    ],
                    "Euler": [
                        -0.0,
                        0.0,
                        -0.0
                    ],
                    "Scale": [
                        1.0,
                        1.0,
                        1.0
                    ],
                    "Global": [
                        -0.019900962710380555,
                        -0.17479461431503297,
                        0.9844266176223755,
                        -1591.567138671875,
                        0.9199694991111755,
                        0.3823300898075104,
                        0.08648448437452316,
                        334.68975830078127,
                        -0.391493022441864,
                        0.9073638319969177,
                        0.15319696068763734,
                        764.6057739257813,
                        0.0,
                        0.0,
                        0.0,
                        1.0
                    ]
                }
            ]
        },
        {
            "UID": 781838337,
            "ParentUID": 1031305089,
            "Name": "joint22_$AssimpFbx$_PreRotation",
            "Tag": "Default",
            "Static": 0,
            "ActiveInHierarchy": 1,
            "ActiveSelf": 1,
            "isBoneRoot": 0,
            "baseState": [
                1.0,
                0.0,
                0.0,
                0.0,
                0.0,
                1.0,
                0.0,
                0.0,
                0.0,
                0.0,
                1.0,
                0.0,
                0.0,
                0.0,
                0.0,
                1.0
            ],
            "Navigable": 0,
            "No Walkable": 0,
            "openInHierarchy": 1,
            "isPrefab": 0,
            "isPrefabSync": 0,
            "prefabUID": 0,
            "Components": [
                {
                    "Type": 0,
                    "Enabled": 1,
                    "Position": [
                        0.0,
                        0.0,
                        0.0
                    ],
                    "Rotation": [
                        0.0,
                        0.0,
                        0.32744652032852175,
                        0.9448696970939636
                    ],
                    "Euler": [
                        -0.0,
                        0.0,
                        38.22772216796875
                    ],
                    "Scale": [
                        1.0,
                        1.0,
                        1.0
                    ],
                    "Global": [
                        -0.12379426509141922,
                        -0.12499674409627915,
                        0.9844266176223755,
                        -1591.567138671875,
                        0.9592704772949219,
                        -0.2689243257045746,
                        0.08648448437452316,
                        334.68975830078127,
                        0.2539260983467102,
                        0.9550379514694214,
                        0.15319696068763734,
                        764.6057739257813,
                        0.0,
                        0.0,
                        0.0,
                        1.0
                    ]
                }
            ]
        },
        {
            "UID": 1399415384,
            "ParentUID": 781838337,
            "Name": "joint22_$AssimpFbx$_Rotation",
            "Tag": "Default",
            "Static": 0,
