{
    "GameObjects": [
        {
            "UID": 1245658861,
            "ParentUID": 0,
            "Name": "BasicGoldEnemy",
            "Tag": "Default",
            "Static": 0,
            "ActiveInHierarchy": 1,
            "ActiveSelf": 1,
            "isBoneRoot": 0,
            "baseState": [
                1.0,
                0.0,
                0.0,
                0.0,
                0.0,
                1.0,
                0.0,
                0.0,
                0.0,
                0.0,
                1.0,
                0.0,
                0.0,
                0.0,
                0.0,
                1.0
            ],
            "Navigable": 0,
            "No Walkable": 0,
            "openInHierarchy": 1,
            "isPrefab": 1,
            "isPrefabSync": 1,
            "prefabUID": 3148311556,
            "Components": [
                {
                    "Type": 0,
                    "Enabled": 1,
                    "Position": [
                        -3327.40673828125,
                        363.8747253417969,
                        -279.9366455078125
                    ],
                    "Rotation": [
                        0.0,
                        0.3355855643749237,
                        0.0,
                        0.9420097470283508
                    ],
                    "Euler": [
                        -0.0,
                        39.21630096435547,
                        -0.0
                    ],
                    "Scale": [
                        0.9999996423721314,
                        1.0,
                        0.9999996423721314
                    ],
                    "Global": [
                        0.774764358997345,
                        0.0,
                        0.6322495341300964,
                        -3327.40673828125,
                        0.0,
                        1.0,
                        0.0,
                        363.8747253417969,
                        -0.6322495341300964,
                        0.0,
                        0.774764358997345,
                        -279.9366455078125,
                        0.0,
                        0.0,
                        0.0,
                        1.0
                    ]
                },
                {
                    "Type": 9,
                    "Enabled": 1,
                    "script": "BasicEnemyAIScript",
                    "scriptInfo": {
                        "activationDistance": 1000.0,
                        "chaseSpeed": 200.0,
                        "returnSpeed": 150.0,
                        "returnDistance": 1500.0,
                        "attackDuration": 1.0,
                        "attackDamage": 40.0,
                        "attackRange": 100.0,
                        "cooldownTime": 1.0
                    }
                },
                {
                    "Type": 9,
                    "Enabled": 1,
                    "script": "EnemyControllerScript",
                    "scriptInfo": {
                        "type": 0,
                        "level": 1,
                        "playerTag": "Player",
                        "health": 15,
                        "experience": 40,
                        "enemyCursor": "RedGlow.cur"
                    }
                },
                {
                    "Type": 15,
                    "Enabled": 1,
                    "pos": [
                        0.0,
                        120.0,
                        0.0
                    ],
                    "r": [
                        50.0,
                        100.0,
                        30.0
                    ],
                    "boxType": 3,
                    "debug_draw": 1
                }
            ]
        },
        {
            "UID": 1753860502,
            "ParentUID": 1245658861,
            "Name": "Scene",
            "Tag": "Default",
            "Static": 0,
            "ActiveInHierarchy": 1,
            "ActiveSelf": 1,
            "isBoneRoot": 1,
            "baseState": [
                1.0,
                0.0,
                0.0,
                0.0,
                0.0,
                1.0,
                0.0,
                0.0,
                0.0,
                0.0,
                1.0,
                0.0,
                0.0,
                0.0,
                0.0,
                1.0
            ],
            "Navigable": 0,
            "No Walkable": 0,
            "openInHierarchy": 1,
            "isPrefab": 0,
            "isPrefabSync": 0,
            "prefabUID": 0,
            "Components": [
                {
                    "Type": 0,
                    "Enabled": 1,
                    "Position": [
                        0.0,
                        0.0,
                        0.0
                    ],
                    "Rotation": [
                        0.0,
                        0.0,
                        0.0,
                        1.0
                    ],
                    "Euler": [
                        -0.0,
                        0.0,
                        -0.0
                    ],
                    "Scale": [
                        1.0,
                        1.0,
                        1.0
                    ],
                    "Global": [
                        0.774764358997345,
                        0.0,
                        0.6322495341300964,
                        -3327.40673828125,
                        0.0,
                        1.0,
                        0.0,
                        363.8747253417969,
                        -0.6322495341300964,
                        0.0,
                        0.774764358997345,
                        -279.9366455078125,
                        0.0,
                        0.0,
                        0.0,
                        1.0
                    ]
                },
                {
                    "Type": 4,
                    "Enabled": 1,
                    "stateMachineUID": 418487297
                }
            ]
        },
        {
            "UID": 2053042079,
            "ParentUID": 1753860502,
            "Name": "joint1_$AssimpFbx$_Translation",
            "Tag": "Default",
            "Static": 0,
            "ActiveInHierarchy": 1,
            "ActiveSelf": 1,
            "isBoneRoot": 0,
            "baseState": [
                1.0,
                0.0,
                0.0,
                0.0,
                0.0,
                1.0,
                0.0,
                0.0,
                0.0,
                0.0,
                1.0,
                0.0,
                0.0,
                0.0,
                0.0,
                1.0
            ],
            "Navigable": 0,
            "No Walkable": 0,
            "openInHierarchy": 0,
            "isPrefab": 0,
            "isPrefabSync": 0,
            "prefabUID": 0,
            "Components": [
                {
                    "Type": 0,
                    "Enabled": 1,
                    "Position": [
                        0.0,
                        80.29695892333985,
                        -0.9262917041778565
                    ],
                    "Rotation": [
                        0.0,
                        0.0,
                        0.0,
                        1.0
                    ],
                    "Euler": [
                        -0.0,
                        0.0,
                        -0.0
                    ],
                    "Scale": [
                        1.0,
                        1.0,
                        1.0
                    ],
                    "Global": [
                        0.774764358997345,
                        0.0,
                        0.6322495341300964,
                        -3327.992431640625,
                        0.0,
                        1.0,
                        0.0,
                        444.17169189453127,
                        -0.6322495341300964,
                        0.0,
                        0.774764358997345,
                        -280.654296875,
                        0.0,
                        0.0,
                        0.0,
                        1.0
                    ]
                }
            ]
        },
        {
            "UID": 3009133941,
            "ParentUID": 2053042079,
            "Name": "joint1_$AssimpFbx$_PreRotation",
            "Tag": "Default",
            "Static": 0,
            "ActiveInHierarchy": 1,
            "ActiveSelf": 1,
            "isBoneRoot": 0,
            "baseState": [
                1.0,
                0.0,
                0.0,
                0.0,
                0.0,
                1.0,
                0.0,
                0.0,
                0.0,
                0.0,
                1.0,
                0.0,
                0.0,
                0.0,
                0.0,
                1.0
            ],
            "Navigable": 0,
            "No Walkable": 0,
            "openInHierarchy": 1,
            "isPrefab": 0,
            "isPrefabSync": 0,
            "prefabUID": 0,
            "Components": [
                {
                    "Type": 0,
                    "Enabled": 1,
                    "Position": [
                        0.0,
                        0.0,
                        0.0
                    ],
                    "Rotation": [
                        0.3336539566516876,
                        0.6234381198883057,
                        0.3336539566516876,
                        0.6234381198883057
                    ],
                    "Euler": [
                        56.309932708740237,
                        90.0,
                        0.0
                    ],
                    "Scale": [
                        1.0,
                        1.0,
                        1.0
                    ],
                    "Global": [
                        -0.35070908069610598,
                        0.5260634422302246,
                        0.7747644186019898,
                        -3327.992431640625,
                        0.8320503830909729,
                        0.5547001361846924,
                        0.0,
                        444.17169189453127,
                        -0.4297618865966797,
                        0.6446430087089539,
                        -0.6322497129440308,
                        -280.654296875,
                        0.0,
                        0.0,
                        0.0,
                        1.0
                    ]
                }
            ]
        },
        {
            "UID": 3839665709,
            "ParentUID": 3009133941,
            "Name": "joint1_$AssimpFbx$_Rotation",
            "Tag": "Default",
            "Static": 0,
            "ActiveInHierarchy": 1,
            "ActiveSelf": 1,
            "isBoneRoot": 0,
            "baseState": [
                1.0,
                0.0,
                0.0,
                0.0,
                0.0,
                1.0,
                0.0,
                0.0,
                0.0,
                0.0,
                1.0,
                0.0,
                0.0,
                0.0,
                0.0,
                1.0
            ],
            "Navigable": 0,
            "No Walkable": 0,
            "openInHierarchy": 1,
            "isPrefab": 0,
            "isPrefabSync": 0,
            "prefabUID": 0,
            "Components": [
                {
                    "Type": 0,
                    "Enabled": 1,
                    "Position": [
                        0.0,
                        0.0,
                        0.0
                    ],
                    "Rotation": [
                        0.0,
                        0.0,
                        0.0,
                        1.0
                    ],
                    "Euler": [
                        -0.0,
                        0.0,
                        -0.0
                    ],
                    "Scale": [
                        1.0,
                        1.0,
                        1.0
                    ],
                    "Global": [
                        -0.35070908069610598,
                        0.5260634422302246,
                        0.7747644186019898,
                        -3327.992431640625,
                        0.8320503830909729,
                        0.5547001361846924,
                        0.0,
                        444.17169189453127,
                        -0.4297618865966797,
                        0.6446430087089539,
                        -0.6322497129440308,
                        -280.654296875,
                        0.0,
                        0.0,
                        0.0,
                        1.0
                    ]
                }
            ]
        },
        {
            "UID": 234875380,
            "ParentUID": 3839665709,
            "Name": "joint1",
            "Tag": "Default",
            "Static": 0,
            "ActiveInHierarchy": 1,
            "ActiveSelf": 1,
            "isBoneRoot": 0,
            "baseState": [
                1.0,
                0.0,
                0.0,
                0.0,
                0.0,
                1.0,
                0.0,
                0.0,
                0.0,
                0.0,
                1.0,
                0.0,
                0.0,
                0.0,
                0.0,
                1.0
            ],
            "Navigable": 0,
            "No Walkable": 0,
            "openInHierarchy": 1,
            "isPrefab": 0,
            "isPrefabSync": 0,
            "prefabUID": 0,
            "Components": [
                {
                    "Type": 0,
                    "Enabled": 1,
                    "Position": [
                        0.0,
                        0.0,
                        0.0
                    ],
                    "Rotation": [
                        0.0,
                        0.0,
                        0.0,
                        1.0
                    ],
                    "Euler": [
                        -0.0,
                        0.0,
                        -0.0
                    ],
                    "Scale": [
                        1.0,
                        1.0,
                        1.0
                    ],
                    "Global": [
                        -0.35070908069610598,
                        0.5260634422302246,
                        0.7747644186019898,
                        -3327.992431640625,
                        0.8320503830909729,
                        0.5547001361846924,
                        0.0,
                        444.17169189453127,
                        -0.4297618865966797,
                        0.6446430087089539,
                        -0.6322497129440308,
                        -280.654296875,
                        0.0,
                        0.0,
                        0.0,
                        1.0
                    ]
                }
            ]
        },
        {
            "UID": 1150854825,
            "ParentUID": 234875380,
            "Name": "joint20_$AssimpFbx$_Translation",
            "Tag": "Default",
            "Static": 0,
            "ActiveInHierarchy": 1,
            "ActiveSelf": 1,
            "isBoneRoot": 0,
            "baseState": [
                1.0,
                0.0,
                0.0,
                0.0,
                0.0,
                1.0,
                0.0,
                0.0,
                0.0,
                0.0,
                1.0,
                0.0,
                0.0,
                0.0,
                0.0,
                1.0
            ],
            "Navigable": 0,
            "No Walkable": 0,
            "openInHierarchy": 0,
            "isPrefab": 0,
            "isPrefabSync": 0,
            "prefabUID": 0,
            "Components": [
                {
                    "Type": 0,
                    "Enabled": 1,
                    "Position": [
                        -8.145440101623536,
                        -4.3170294761657719,
                        -16.304399490356447
                    ],
                    "Rotation": [
                        0.0,
                        0.0,
                        0.0,
                        1.0
                    ],
                    "Euler": [
                        -0.0,
                        0.0,
                        -0.0
                    ],
                    "Scale": [
                        1.0,
                        1.0,
                        1.0
                    ],
                    "Global": [
                        -0.35070908069610598,
                        0.5260634422302246,
                        0.7747644186019898,
                        -3340.038818359375,
                        0.8320503830909729,
                        0.5547001361846924,
                        0.0,
                        434.9996337890625,
                        -0.4297618865966797,
                        0.6446430087089539,
                        -0.6322497129440308,
                        -269.628173828125,
                        0.0,
                        0.0,
                        0.0,
                        1.0
                    ]
                }
            ]
        },
        {
            "UID": 172754973,
            "ParentUID": 1150854825,
            "Name": "joint20_$AssimpFbx$_PreRotation",
            "Tag": "Default",
            "Static": 0,
            "ActiveInHierarchy": 1,
            "ActiveSelf": 1,
            "isBoneRoot": 0,
            "baseState": [
                1.0,
                0.0,
                0.0,
                0.0,
                0.0,
                1.0,
                0.0,
                0.0,
                0.0,
                0.0,
                1.0,
                0.0,
                0.0,
                0.0,
                0.0,
                1.0
            ],
            "Navigable": 0,
            "No Walkable": 0,
            "openInHierarchy": 1,
            "isPrefab": 0,
            "isPrefabSync": 0,
            "prefabUID": 0,
            "Components": [
                {
                    "Type": 0,
                    "Enabled": 1,
                    "Position": [
                        0.0,
                        0.0,
                        0.0
                    ],
                    "Rotation": [
                        0.9570669531822205,
                        0.2897765338420868,
                        -0.0069349161349236969,
                        0.0020996779203414919
                    ],
                    "Euler": [
                        179.53939819335938,
                        -0.6908596158027649,
                        -33.69284439086914
                    ],
                    "Scale": [
                        0.9999999403953552,
                        1.0,
                        0.9999999403953552
                    ],
                    "Global": [
                        -0.01122737955302,
                        -0.6322498917579651,
                        -0.7746831178665161,
                        -3340.038818359375,
                        0.9998949766159058,
                        0.0,
                        -0.014491232112050057,
                        434.9996337890625,
                        0.00916216615587473,
                        -0.7747645378112793,
                        0.6321834921836853,
                        -269.628173828125,
                        0.0,
                        0.0,
                        0.0,
                        1.0
                    ]
                }
            ]
        },
        {
            "UID": 3898258059,
            "ParentUID": 172754973,
            "Name": "joint20_$AssimpFbx$_Rotation",
            "Tag": "Default",
            "Static": 0,
            "ActiveInHierarchy": 1,
            "ActiveSelf": 1,
            "isBoneRoot": 0,
            "baseState": [
                1.0,
                0.0,
                0.0,
                0.0,
                0.0,
                1.0,
                0.0,
                0.0,
                0.0,
                0.0,
                1.0,
                0.0,
                0.0,
                0.0,
                0.0,
                1.0
            ],
            "Navigable": 0,
            "No Walkable": 0,
            "openInHierarchy": 1,
            "isPrefab": 0,
            "isPrefabSync": 0,
            "prefabUID": 0,
            "Components": [
                {
                    "Type": 0,
                    "Enabled": 1,
                    "Position": [
                        0.0,
                        0.0,
                        0.0
                    ],
                    "Rotation": [
                        -0.15156787633895875,
                        -0.031508222222328189,
                        0.19877853989601136,
                        0.9677404165267944
                    ],
                    "Euler": [
                        -16.434404373168947,
                        -6.96369743347168,
                        22.207935333251954
                    ],
                    "Scale": [
                        0.9999999403953552,
                        1.0,
                        1.0
                    ],
                    "Global": [
                        -0.26016634702682497,
                        -0.31206199526786806,
                        -0.9137454032897949,
                        -3340.038818359375,
                        0.9188815355300903,
                        -0.37070879340171816,
                        -0.13502436876296998,
                        434.9996337890625,
                        -0.2965973913669586,
                        -0.8747527599334717,
                        0.3831939101219177,
                        -269.628173828125,
                        0.0,
                        0.0,
                        0.0,
                        1.0
                    ]
                }
            ]
        },
        {
            "UID": 1825353031,
            "ParentUID": 3898258059,
            "Name": "joint20",
            "Tag": "Default",
            "Static": 0,
            "ActiveInHierarchy": 1,
            "ActiveSelf": 1,
            "isBoneRoot": 0,
            "baseState": [
                1.0,
                0.0,
                0.0,
                0.0,
                0.0,
                1.0,
                0.0,
                0.0,
                0.0,
                0.0,
                1.0,
                0.0,
                0.0,
                0.0,
                0.0,
                1.0
            ],
            "Navigable": 0,
            "No Walkable": 0,
            "openInHierarchy": 1,
            "isPrefab": 0,
            "isPrefabSync": 0,
            "prefabUID": 0,
            "Components": [
                {
                    "Type": 0,
                    "Enabled": 1,
                    "Position": [
                        0.0,
                        0.0,
                        0.0
                    ],
                    "Rotation": [
                        0.0,
                        0.0,
                        0.0,
                        1.0
                    ],
                    "Euler": [
                        -0.0,
                        0.0,
                        -0.0
                    ],
                    "Scale": [
                        1.0,
                        1.0,
                        1.0
                    ],
                    "Global": [
                        -0.26016634702682497,
                        -0.31206199526786806,
                        -0.9137454032897949,
                        -3340.038818359375,
                        0.9188815355300903,
                        -0.37070879340171816,
                        -0.13502436876296998,
                        434.9996337890625,
                        -0.2965973913669586,
                        -0.8747527599334717,
                        0.3831939101219177,
                        -269.628173828125,
                        0.0,
                        0.0,
                        0.0,
                        1.0
                    ]
                }
            ]
        },
        {
            "UID": 4134208904,
            "ParentUID": 1825353031,
            "Name": "joint21_$AssimpFbx$_Translation",
            "Tag": "Default",
            "Static": 0,
            "ActiveInHierarchy": 1,
            "ActiveSelf": 1,
            "isBoneRoot": 0,
            "baseState": [
                1.0,
                0.0,
                0.0,
                0.0,
                0.0,
                1.0,
                0.0,
                0.0,
                0.0,
                0.0,
                1.0,
                0.0,
                0.0,
                0.0,
                0.0,
                1.0
            ],
            "Navigable": 0,
            "No Walkable": 0,
            "openInHierarchy": 1,
            "isPrefab": 0,
            "isPrefabSync": 0,
            "prefabUID": 0,
            "Components": [
                {
                    "Type": 0,
                    "Enabled": 1,
                    "Position": [
                        -27.607698440551759,
                        -9.2376947359433e-15,
                        -0.000030431587219936774
                    ],
                    "Rotation": [
                        0.0,
                        0.0,
                        0.0,
                        1.0
                    ],
                    "Euler": [
                        -0.0,
                        0.0,
                        -0.0
                    ],
                    "Scale": [
                        1.0,
                        1.0,
                        1.0
                    ],
                    "Global": [
                        -0.26016634702682497,
                        -0.31206199526786806,
                        -0.9137454032897949,
                        -3332.856201171875,
                        0.9188815355300903,
                        -0.37070879340171816,
                        -0.13502436876296998,
                        409.6314392089844,
                        -0.2965973913669586,
                        -0.8747527599334717,
                        0.3831939101219177,
                        -261.4398193359375,
                        0.0,
                        0.0,
                        0.0,
                        1.0
                    ]
                }
            ]
        },
        {
            "UID": 4206375296,
            "ParentUID": 4134208904,
            "Name": "joint21_$AssimpFbx$_PreRotation",
            "Tag": "Default",
            "Static": 0,
            "ActiveInHierarchy": 1,
            "ActiveSelf": 1,
            "isBoneRoot": 0,
            "baseState": [
                1.0,
                0.0,
                0.0,
                0.0,
                0.0,
                1.0,
                0.0,
                0.0,
                0.0,
                0.0,
                1.0,
                0.0,
                0.0,
                0.0,
                0.0,
                1.0
            ],
            "Navigable": 0,
            "No Walkable": 0,
            "openInHierarchy": 1,
            "isPrefab": 0,
            "isPrefabSync": 0,
            "prefabUID": 0,
            "Components": [
                {
                    "Type": 0,
                    "Enabled": 1,
                    "Position": [
                        0.0,
                        0.0,
                        0.0
                    ],
                    "Rotation": [
                        -0.0001700803986750543,
                        0.007243810221552849,
                        -0.02347232773900032,
                        0.999698281288147
                    ],
                    "Euler": [
                        -0.0,
                        0.8303155303001404,
                        -2.6900484561920168
                    ],
                    "Scale": [
                        0.9999999403953552,
                        0.9999999403953552,
                        0.9999999403953552
                    ],
                    "Global": [
                        -0.23197965323925019,
                        -0.32330572605133059,
                        -0.9174194931983948,
                        -3332.856201171875,
                        0.9371255040168762,
                        -0.3270871341228485,
                        -0.12169446051120758,
                        409.6314392089844,
                        -0.2607315182685852,
                        -0.887968122959137,
                        0.3788555860519409,
                        -261.4398193359375,
                        0.0,
                        0.0,
                        0.0,
                        1.0
                    ]
                }
            ]
        },
        {
            "UID": 1891389659,
            "ParentUID": 4206375296,
            "Name": "joint21_$AssimpFbx$_Rotation",
            "Tag": "Default",
            "Static": 0,
            "ActiveInHierarchy": 1,
            "ActiveSelf": 1,
            "isBoneRoot": 0,
            "baseState": [
                1.0,
                0.0,
                0.0,
                0.0,
                0.0,
                1.0,
                0.0,
                0.0,
                0.0,
                0.0,
                1.0,
                0.0,
                0.0,
                0.0,
                0.0,
                1.0
            ],
            "Navigable": 0,
            "No Walkable": 0,
            "openInHierarchy": 1,
            "isPrefab": 0,
            "isPrefabSync": 0,
            "prefabUID": 0,
            "Components": [
                {
                    "Type": 0,
                    "Enabled": 1,
                    "Position": [
                        0.0,
                        0.0,
                        0.0
                    ],
                    "Rotation": [
                        0.04028213396668434,
                        0.1052226722240448,
                        -0.3552475869655609,
                        0.9279572367668152
                    ],
                    "Euler": [
                        8.722052574157715,
                        9.593914031982422,
                        -42.62979507446289
                    ],
                    "Scale": [
                        1.0,
                        1.0,
                        1.0
                    ],
                    "Global": [
                        0.24754133820533753,
                        -0.3955664336681366,
                        -0.8844491243362427,
                        -3332.856201171875,
                        0.919968843460083,
                        0.38233137130737307,
                        0.08648652583360672,
                        409.6314392089844,
                        0.30394160747528078,
                        -0.8350746631622315,
                        0.45855164527893069,
                        -261.4398193359375,
                        0.0,
                        0.0,
                        0.0,
                        1.0
                    ]
                }
            ]
        },
        {
            "UID": 3393878020,
            "ParentUID": 1891389659,
            "Name": "joint21",
            "Tag": "Default",
            "Static": 0,
            "ActiveInHierarchy": 1,
            "ActiveSelf": 1,
            "isBoneRoot": 0,
            "baseState": [
                1.0,
                0.0,
                0.0,
                0.0,
                0.0,
                1.0,
                0.0,
                0.0,
                0.0,
                0.0,
                1.0,
                0.0,
                0.0,
                0.0,
                0.0,
                1.0
            ],
            "Navigable": 0,
            "No Walkable": 0,
            "openInHierarchy": 1,
            "isPrefab": 0,
            "isPrefabSync": 0,
            "prefabUID": 0,
            "Components": [
                {
                    "Type": 0,
                    "Enabled": 1,
                    "Position": [
                        0.0,
                        0.0,
                        0.0
                    ],
                    "Rotation": [
                        0.0,
                        0.0,
                        0.0,
                        1.0
                    ],
                    "Euler": [
                        -0.0,
                        0.0,
                        -0.0
                    ],
                    "Scale": [
                        1.0,
                        1.0,
                        1.0
                    ],
                    "Global": [
                        0.24754133820533753,
                        -0.3955664336681366,
                        -0.8844491243362427,
                        -3332.856201171875,
                        0.919968843460083,
                        0.38233137130737307,
                        0.08648652583360672,
                        409.6314392089844,
                        0.30394160747528078,
                        -0.8350746631622315,
                        0.45855164527893069,
                        -261.4398193359375,
                        0.0,
                        0.0,
                        0.0,
                        1.0
                    ]
                }
            ]
        },
        {
            "UID": 263649103,
            "ParentUID": 3393878020,
            "Name": "joint22_$AssimpFbx$_Translation",
            "Tag": "Default",
            "Static": 0,
            "ActiveInHierarchy": 1,
            "ActiveSelf": 1,
            "isBoneRoot": 0,
            "baseState": [
                1.0,
                0.0,
                0.0,
                0.0,
                0.0,
                1.0,
                0.0,
                0.0,
                0.0,
                0.0,
                1.0,
                0.0,
                0.0,
                0.0,
                0.0,
                1.0
            ],
            "Navigable": 0,
            "No Walkable": 0,
            "openInHierarchy": 1,
            "isPrefab": 0,
            "isPrefabSync": 0,
            "prefabUID": 0,
            "Components": [
                {
                    "Type": 0,
                    "Enabled": 1,
                    "Position": [
                        -32.44455337524414,
                        0.0000014931154055375374,
                        1.5987211554602255e-14
                    ],
                    "Rotation": [
                        0.0,
                        0.0,
                        0.0,
                        1.0
                    ],
                    "Euler": [
                        -0.0,
                        0.0,
                        -0.0
                    ],
                    "Scale": [
                        1.0,
                        1.0,
                        1.0
                    ],
                    "Global": [
                        0.24754133820533753,
                        -0.3955664336681366,
                        -0.8844491243362427,
                        -3340.887451171875,
                        0.919968843460083,
                        0.38233137130737307,
                        0.08648652583360672,
                        379.783447265625,
                        0.30394160747528078,
                        -0.8350746631622315,
                        0.45855164527893069,
                        -271.3010559082031,
                        0.0,
                        0.0,
                        0.0,
                        1.0
                    ]
                }
            ]
        },
        {
            "UID": 43452455,
            "ParentUID": 263649103,
            "Name": "joint22_$AssimpFbx$_PreRotation",
            "Tag": "Default",
            "Static": 0,
            "ActiveInHierarchy": 1,
            "ActiveSelf": 1,
            "isBoneRoot": 0,
            "baseState": [
                1.0,
                0.0,
                0.0,
                0.0,
                0.0,
                1.0,
                0.0,
                0.0,
                0.0,
                0.0,
                1.0,
                0.0,
                0.0,
                0.0,
                0.0,
                1.0
            ],
            "Navigable": 0,
            "No Walkable": 0,
            "openInHierarchy": 1,
            "isPrefab": 0,
            "isPrefabSync": 0,
            "prefabUID": 0,
            "Components": [
                {
                    "Type": 0,
                    "Enabled": 1,
                    "Position": [
                        0.0,
                        0.0,
                        0.0
                    ],
                    "Rotation": [
                        0.0,
                        0.0,
                        0.32744652032852175,
                        0.9448696970939636
                    ],
                    "Euler": [
                        -0.0,
                        0.0,
                        38.22772216796875
                    ],
                    "Scale": [
                        1.0,
                        1.0,
                        1.0
                    ],
                    "Global": [
                        -0.05031402409076691,
                        -0.46391594409942629,
                        -0.8844491243362427,
                        -3340.887451171875,
                        0.9592707753181458,
                        -0.26892295479774477,
                        0.08648652583360672,
                        379.783447265625,
                        -0.2779710292816162,
                        -0.8440748453140259,
                        0.45855164527893069,
                        -271.3010559082031,
                        0.0,
                        0.0,
                        0.0,
                        1.0
                    ]
                }
            ]
        },
        {
            "UID": 2110603528,
            "ParentUID": 43452455,
            "Name": "joint22_$AssimpFbx$_Rotation",
            "Tag": "Default",
            "Static": 0,
            "ActiveInHierarchy": 1,
            "ActiveSelf": 1,
            "isBoneRoot": 0,
            "baseState": [
                1.0,
                0.0,
                0.0,
                0.0,
                0.0,
                1.0,
                0.0,
                0.0,
                0.0,
                0.0,
                1.0,
                0.0,
                0.0,
                0.0,
                0.0,
                1.0
            ],
            "Navigable": 0,
            "No Walkable": 0,
            "openInHierarchy": 1,
            "isPrefab": 0,
            "isPrefabSync": 0,
            "prefabUID": 0,
            "Components": [
                {
                    "Type": 0,
                    "Enabled": 1,
                    "Position": [
                        0.0,
                        0.0,
                        0.0
                    ],
                    "Rotation": [
                        0.0,
                        0.0,
